0.000000000000000000e+00,5.288538393598366838e+01,4.766446212194684051e+01,4.442319375981057306e+01,2.352479266898228616e+01,3.224651354257404279e+01,3.267027198803867094e+01,2.203225021759302749e+01,1.289177546159528731e+01,3.732205824613673428e+01,3.558235977111618809e+01,3.536720424921148975e+01,2.936847900122167232e+01,2.310049761392781420e+01,2.461309581313248174e+01,4.353762801759325640e+01,1.209318017708521964e+01,1.398633257977146194e+01,3.098724208817329284e+01,2.934074344787820809e+00,5.210727497503236805e+01,1.230652045387601312e+01,3.677888125228766825e+01,2.992461064297052431e+01,2.668485396807958665e+01,2.498625445799141787e+01,3.537759409666954014e+01,3.412680916552351107e+01,3.338606626897585983e+01,1.380280899427903307e+01,5.592465397966806506e+01,5.445845812303952016e+01,2.112503232830271216e+01,1.799717877819490752e+01,4.715800698770999588e+01,1.738940283944440779e+01,3.513265450701003800e+01,4.691227100031856878e+01,5.838591766533641447e+01,5.633332852111427513e+01,4.235671869454562710e+01,3.002261605687927926e+01,2.486194207834292769e+01,3.356653947132059557e+01,6.190051967130430910e+01,2.375701305930821050e+01,5.868763369827155962e+00,1.563424635047731570e+01,2.112702611410023223e+01,1.780022125912055131e+01,2.936847900122167232e+01,4.389913918791729941e+01,4.334589068532890366e+01,3.620106307375525034e+01,4.183631817698130106e+01,2.811381066784033322e+01,4.826308153869042172e+01,4.624308507625445230e+01,4.474161217142057012e+01,4.316951490803484859e+01
5.288538393598366838e+01,0.000000000000000000e+00,1.395633573326430898e+01,2.162202611927722984e+01,3.256462549531718054e+01,6.748207816602372588e+01,2.736787194374527488e+01,3.953144217678270422e+01,4.764311398611460646e+01,4.413341593161557341e+01,6.967268736914246574e+01,1.917256163370262811e+01,2.452113628025911751e+01,3.068806857730141147e+01,6.054690324866196960e+01,1.292515074843532474e+01,4.963478984612057587e+01,3.890704124286732934e+01,4.831425508863314633e+01,4.999973996598377823e+01,2.903901971924492287e+01,5.797144262789572622e+01,2.006973991725032036e+01,2.499631073778260415e+01,3.678926549571101390e+01,3.150003960962730076e+01,3.710208881701227313e+01,1.910908228565998002e+01,6.923662714306449573e+01,4.719049717528143617e+01,4.499731248124680150e+01,1.759720682963275218e+00,3.181250344621760462e+01,5.688277288128909248e+01,3.362880508830901505e+01,3.682852491174573117e+01,6.399765598784680520e+01,6.188585751874325780e+01,5.070186835742057951e+01,7.902231153579505119e+00,1.802496518506261225e+01,6.607490834336371677e+01,2.804740578443477617e+01,4.737348408623190466e+01,5.254539412223589068e+01,5.203470387902764571e+01,4.711942564850185278e+01,4.995518475409824077e+01,6.093487071485279216e+01,3.656411024170117230e+01,3.310374793226574042e+01,2.522547381080344309e+01,4.593894963658236463e+01,4.659891177659625328e+01,4.395840275470424530e+01,2.588182555963098963e+01,5.513773035249793963e+01,6.816899572619236736e+00,3.963862783569013004e+01,4.754589834454885988e+01
4.766446212194684051e+01,1.395633573326430898e+01,0.000000000000000000e+00,7.825116032779985353e+00,2.461273233002755134e+01,5.628776691472500460e+01,3.113563074109365658e+01,2.994395757844388228e+01,4.587639772361880119e+01,3.102693279862086939e+01,5.813555052973618587e+01,1.270845974859282101e+01,2.440186154567585319e+01,2.461273233002755134e+01,5.010332810224283406e+01,5.277199138277215873e+00,4.155870057035714638e+01,3.448103740411342955e+01,3.622265972726911087e+01,4.502109899029040463e+01,1.562687063622017902e+01,4.998202505877537050e+01,1.090096946067549233e+01,1.774348492913359721e+01,3.905975431739942394e+01,3.193419620975889117e+01,2.432676671766393994e+01,1.934398947326224416e+01,5.802941602067107851e+01,3.889323554781996961e+01,3.125369710697415826e+01,1.545019740338523917e+01,2.832280364619085589e+01,4.751959349100266650e+01,1.967360535568667146e+01,3.451109707468015131e+01,5.202286188224116614e+01,4.841497108085845724e+01,3.692144685684045413e+01,2.181978829168117429e+01,2.577007505123030739e+01,5.513369190928125363e+01,2.409383217962725610e+01,3.485166540748839736e+01,3.894207368122911816e+01,4.132461439948419013e+01,4.241531925584968121e+01,4.100151011357242936e+01,5.122776104115490625e+01,2.995180139822233301e+01,2.228309777290277083e+01,1.139619701012448338e+01,3.224913622558212722e+01,3.368135080590658958e+01,3.035308067809667776e+01,2.555193573734580426e+01,4.135363576584044409e+01,1.361904470048350113e+01,2.577007505123030739e+01,3.390311950199131275e+01
4.442319375981057306e+01,2.162202611927722984e+01,7.825116032779985353e+00,0.000000000000000000e+00,2.090164801849849496e+01,4.939184402667169138e+01,3.389969525761345892e+01,2.460370225108532338e+01,4.475133930736912191e+01,2.335030825048340830e+01,5.105362188192182060e+01,1.292131193614509144e+01,2.583879768986670555e+01,2.227616506968279353e+01,4.367666233458361802e+01,1.000753868562643056e+01,3.675098252513216579e+01,3.234277904070604137e+01,2.902992810446275129e+01,4.201739380204882224e+01,1.043366438940708107e+01,4.500458267087005737e+01,9.534813903854781003e+00,1.568678911280487931e+01,4.052659956037064859e+01,3.287659289866533641e+01,1.690092047447858192e+01,2.181905927909916443e+01,5.111474067792103426e+01,3.403545443272937376e+01,2.450080709004385682e+01,2.318259429693511109e+01,2.728665239264002551e+01,4.176651855017620107e+01,1.230711161378523144e+01,3.366646401260548060e+01,4.476013583659752015e+01,4.060039080734313188e+01,3.002261605687927570e+01,2.939132865506991976e+01,3.078568938383567755e+01,4.838015973327779307e+01,2.326859796975447026e+01,2.743539467234309726e+01,3.236152428633305789e+01,3.487394751225196643e+01,3.968210680584341787e+01,3.565431847970744172e+01,4.520947527017655432e+01,2.670935043296280043e+01,1.649199393364859745e+01,3.603447727044466031e+00,2.442574248328254427e+01,2.607504194111080054e+01,2.252984543612767609e+01,2.672014176971495303e+01,3.355254147824110333e+01,2.006142435093690679e+01,1.801660199513764837e+01,2.607800385436523527e+01
2.352479266898228616e+01,3.256462549531718054e+01,2.461273233002755134e+01,2.090164801849849496e+01,0.000000000000000000e+00,3.614417994935012501e+01,2.461372159924340508e+01,7.820381667572876339e+00,2.530296449664704284e+01,2.151767668252519883e+01,3.876846805432816723e+01,1.345192179710678104e+01,1.609346012220211364e+01,4.447794971389521734e+00,2.856857183128908773e+01,2.116617017671550371e+01,1.723272823974211576e+01,1.229526815699489894e+01,2.042670338948095221e+01,2.112985386769825880e+01,2.911329735485195513e+01,2.566654760115227418e+01,1.379156943848755645e+01,7.577252705361904539e+00,2.646320978637814747e+01,1.909784801243677066e+01,1.597634375056112965e+01,1.731188394546373033e+01,3.786836780184187035e+01,1.468731758430106105e+01,3.620010862984336342e+01,3.429567288743308495e+01,1.037064883738728405e+01,2.436402871591534947e+01,2.532763046464399537e+01,1.563997904272175354e+01,3.416743548052142643e+01,3.790399206590597458e+01,4.006626069699391479e+01,3.799028902566161037e+01,2.897124679927593149e+01,3.446308842175779574e+01,8.999004648604278955e+00,2.117076620112921148e+01,4.338595722364559037e+01,2.068594738383992748e+01,1.888702438384964566e+01,1.739885114230445140e+01,2.849262609032476590e+01,5.876780897198306874e+00,7.821167280510665343e+00,2.058827782430734388e+01,2.684646723035130478e+01,2.228054233907868920e+01,2.473715751979151278e+01,1.580327336439316888e+01,3.489740961366040750e+01,2.677613604661661739e+01,2.513190999457896169e+01,2.754034444902751844e+01
3.224651354257404279e+01,6.748207816602372588e+01,5.628776691472500460e+01,4.939184402667169138e+01,3.614417994935012501e+01,0.000000000000000000e+00,5.829251439455481432e+01,2.842759717958086796e+01,4.466405550877437491e+01,2.798885561103073627e+01,3.335846228542142633e+00,4.860442070888827004e+01,5.118080302607741316e+01,3.966699668064745055e+01,8.243629818429246470e+00,5.483680907419289952e+01,2.325222954770327632e+01,3.808666375324366982e+01,2.055145054023960327e+01,3.346878199609160731e+01,5.106465210631524343e+01,2.006105024782606350e+01,4.742465456955678604e+01,4.316951490803484859e+01,5.580739139535587157e+01,5.095506621090476784e+01,3.274586711471123124e+01,5.338439100504231760e+01,1.754663749920243987e+00,2.418550616125675745e+01,4.490007067594036982e+01,6.924163228201322795e+01,4.294961383379376230e+01,1.470812814023865833e+01,4.360240121024321525e+01,4.377136609567844516e+01,7.144221180647810421e+00,2.270478080158774503e+01,4.403180786242504752e+01,7.370482700980304003e+01,6.478020624871133748e+01,2.223897485694760867e+00,4.409994967250302267e+01,2.274098895753717287e+01,4.709706123324576765e+01,1.554629980883730056e+01,3.489564299338731246e+01,2.058426607683145804e+01,1.111948742847380700e+01,3.483187666126465132e+01,3.442696313355397564e+01,4.667043724676542382e+01,3.134412998366003933e+01,2.508473707191999580e+01,3.157992470721256950e+01,5.047131254302892955e+01,2.931228004813604926e+01,6.241305918570763112e+01,3.731289142354037836e+01,2.992461064297052431e+01
3.267027198803867094e+01,2.736787194374527488e+01,3.113563074109365658e+01,3.389969525761345892e+01,2.461372159924340508e+01,5.829251439455481432e+01,0.000000000000000000e+00,3.186869716208246217e+01,2.309922268634706910e+01,4.561019969931177087e+01,6.130104702527407312e+01,2.116878957685322860e+01,8.999055269586321515e+00,2.019917052479834396e+01,5.012168040663294732e+01,2.589770117130998273e+01,3.554684914171187415e+01,2.068772557613300833e+01,4.499489686944439626e+01,2.985336007847196171e+01,4.433335877451970930e+01,4.217251457123163050e+01,2.476224292886412925e+01,2.151786733364396298e+01,9.584858458858928287e+00,7.779211957113480125e+00,3.913175360745120201e+01,1.210208759476059370e+01,5.989505893721045027e+01,3.416934764174968109e+01,5.667632784834261628e+01,2.833573549006648662e+01,1.544545433586719518e+01,4.430810223651009494e+01,4.426789967205529308e+01,1.555655373602503744e+01,5.771385843226257606e+01,6.250639878907769997e+01,6.153449880264357574e+01,2.726839315838869737e+01,1.094683069143088971e+01,5.630731846929779039e+01,1.562662154631940048e+01,4.577219592820618743e+01,6.447869927859814254e+01,4.377637506178097482e+01,2.706085809615117910e+01,3.775113939404079133e+01,4.857382040559182457e+01,2.368897959690157151e+01,3.116428405375897626e+01,3.614985335830646562e+01,5.033294463529482954e+01,4.672166041022782679e+01,4.812269354968564983e+01,8.895589942779050574e+00,5.899609056565276433e+01,2.103813022396020571e+01,4.687254541281319575e+01,5.131231115806102849e+01
2.203225021759302749e+01,3.953144217678270422e+01,2.994395757844388228e+01,2.460370225108532338e+01,7.820381667572876339e+00,2.842759717958086796e+01,3.186869716208246217e+01,0.000000000000000000e+00,2.772525268968093570e+01,1.660026511877519440e+01,3.098724208817328929e+01,2.040229137749190613e+01,2.368932530837284389e+01,1.184440331365753707e+01,2.106908609172454305e+01,2.738620958158112728e+01,1.228160869213727047e+01,1.544427745856924972e+01,1.334338491416857053e+01,2.038304438953964137e+01,3.068946378386468510e+01,2.040810863438872147e+01,1.980172145271023609e+01,1.478518007723379846e+01,3.236095964900069788e+01,2.561094830880352546e+01,1.338042561734100744e+01,2.512918759519141432e+01,3.016332990096152500e+01,9.579054346582539736e+00,3.411179899495950707e+01,4.128486289963897349e+01,1.673457353007137982e+01,1.761737630905222574e+01,2.521157553235903848e+01,2.042640315540832319e+01,2.636033222521151842e+01,3.116424754409727882e+01,3.705624371996034938e+01,4.539308038211671459e+01,3.678062380808764686e+01,2.681613918744985270e+01,1.649055457435348515e+01,1.470898973786320418e+01,4.053110803444161547e+01,1.290987363941110999e+01,1.904511693075728829e+01,1.109792092655045792e+01,2.149250752059774072e+01,8.998903592883046088e+00,8.161625504638534423e+00,2.316698384093741225e+01,2.252245375349179568e+01,1.649055457435348870e+01,2.069128808576461864e+01,2.325563880498861380e+01,2.938445888161835384e+01,3.411179899495950707e+01,2.284586008878438435e+01,2.278275754927747698e+01
1.289177546159528731e+01,4.764311398611460646e+01,4.587639772361880119e+01,4.475133930736912191e+01,2.530296449664704284e+01,4.466405550877437491e+01,2.309922268634706910e+01,2.772525268968093570e+01,0.000000000000000000e+00,4.430958099441085096e+01,4.798696621129664663e+01,3.319446134549006189e+01,2.313573664569176458e+01,2.261971024614847536e+01,3.671942325452981493e+01,4.098748757913071472e+01,2.240423571060245678e+01,1.302169864018908463e+01,3.962191667576338006e+01,1.120208764022816261e+01,5.401504606782578577e+01,2.505836335534169379e+01,3.569635415212198382e+01,2.907370541178766388e+01,1.512149657038359507e+01,1.645817069060381144e+01,4.045485818380937104e+01,2.863990700709192083e+01,4.591218021497145685e+01,2.289301925989954967e+01,6.118953448357900982e+01,4.899402294127782653e+01,1.761922650674785373e+01,3.005330666875362411e+01,5.063059035239389516e+01,1.136921601339916954e+01,4.678076855869447570e+01,5.687349214342811621e+01,6.459579732147172138e+01,4.944619059353686197e+01,3.382904889363769740e+01,4.244990899215896718e+01,2.182308423754007265e+01,4.173062081506992627e+01,6.802626881545222659e+01,3.404284130029593314e+01,1.009925980357311204e+01,2.589736472932079536e+01,3.360620254933557760e+01,1.983890004549357400e+01,3.285257239693031295e+01,4.526700560713570809e+01,5.024752515484191662e+01,4.393505085397463716e+01,4.839237691198822233e+01,2.177671803534446937e+01,5.670149721077817162e+01,4.082838129325876508e+01,4.994583182194715221e+01,5.047617720890393400e+01
3.732205824613673428e+01,4.413341593161557341e+01,3.102693279862086939e+01,2.335030825048340830e+01,2.151767668252519883e+01,2.798885561103073627e+01,4.561019969931177087e+01,1.660026511877519440e+01,4.430958099441085096e+01,0.000000000000000000e+00,2.896576235346690709e+01,2.790867790671583393e+01,3.669430851396356275e+01,2.589846811961330530e+01,2.449210815527459673e+01,3.129255227288544816e+01,2.565553209881508678e+01,3.194948315112041470e+01,8.237023788036918148e+00,3.620511864023641380e+01,2.314212257162848374e+01,3.150467200633492837e+01,2.522057486799782211e+01,2.461383271282516816e+01,4.795263283704783674e+01,4.060390868150169297e+01,7.205561588414906460e+00,3.599647456444377980e+01,2.958181041769343977e+01,2.355373699771436335e+01,1.933972770566889210e+01,4.581863705317766033e+01,3.186887567478894567e+01,2.567512419078478914e+01,1.562507820330794672e+01,3.657911007206345744e+01,2.224854076981922901e+01,1.801279720139953611e+01,2.109706294364891122e+01,5.146185407070413476e+01,4.766418252275676792e+01,2.754355529485489740e+01,3.014568733285637947e+01,5.441752718476112527e+00,2.461506473557157904e+01,1.691257281975543236e+01,3.529693880356236946e+01,2.262560487863188996e+01,2.754355529485489740e+01,2.521747413417313410e+01,1.445533365701595230e+01,2.006006255522730086e+01,6.037745312138371290e+00,2.939629207616483608e+00,4.649430973098797715e+00,3.671952821909530940e+01,1.341260050266134130e+01,4.074202099452213588e+01,9.529520644230768056e+00,6.190265562196968219e+00
3.558235977111618809e+01,6.967268736914246574e+01,5.813555052973618587e+01,5.105362188192182060e+01,3.876846805432816723e+01,3.335846228542142633e+00,6.130104702527407312e+01,3.098724208817328929e+01,4.798696621129664663e+01,2.896576235346690709e+01,0.000000000000000000e+00,5.095169264820023614e+01,5.403634971042235691e+01,4.242331100812655365e+01,1.144619425512293098e+01,5.692768132209093324e+01,2.646064341254665564e+01,4.122033948432908090e+01,2.203225021759302749e+01,3.679462786293620269e+01,5.210727497503236805e+01,2.339034090884583605e+01,4.960370341205263145e+01,4.563392519370277256e+01,5.900580180245195550e+01,5.402894598556939343e+01,3.424094980631576846e+01,5.606181512020327773e+01,2.605404938861479280e+00,2.728439442507478319e+01,4.494135775346134665e+01,7.143020868477695728e+01,4.591327607460983984e+01,1.799717877819490752e+01,4.456997937808239385e+01,4.692065452904720502e+01,6.879724286470874972e+00,2.144452659644771586e+01,4.365107665856685060e+01,7.605776802181453888e+01,6.755512440682335296e+01,5.559743714236903500e+00,4.691211541284737763e+01,2.393307186863445679e+01,4.658231860423036608e+01,1.808317196207362798e+01,3.819436805645978694e+01,2.368450423098824587e+01,1.445533365701595052e+01,3.774505481377197924e+01,3.656906727584979677e+01,4.819535271777243679e+01,3.175562177904400230e+01,2.602815406880465687e+01,3.221946360098148432e+01,5.336483750044627783e+01,2.873719108470621109e+01,6.477532283633615862e+01,3.805116577303916614e+01,3.023290876237651759e+01
3.536720424921148975e+01,1.917256163370262811e+01,1.270845974859282101e+01,1.292131193614509144e+01,1.345192179710678104e+01,4.860442070888827004e+01,2.116878957685322860e+01,2.040229137749190613e+01,3.319446134549006189e+01,2.790867790671583393e+01,5.095169264820023614e+01,0.000000000000000000e+00,1.291748617860583082e+01,1.229958860589246150e+01,4.146182287089072105e+01,8.173706112092361309e+00,3.064869250923322141e+01,2.188033495921684235e+01,3.034331781782914916e+01,3.263451060185069252e+01,2.330240233662069826e+01,3.905707797428239303e+01,3.603129614566352057e+00,5.882362791100938182e+00,2.763056602032746767e+01,2.005317285677350725e+01,2.074270460081055845e+01,9.303089104642383589e+00,5.035492682329415715e+01,2.813420708210065158e+01,3.576528472685202331e+01,2.091764953555903617e+01,1.561623196432143246e+01,3.771391724767327247e+01,2.325858413828513704e+01,2.184181678356266332e+01,4.562678685525300182e+01,4.587694258423177729e+01,4.085612267844084045e+01,2.510838790406052468e+01,2.006135576515516306e+01,4.710587895015973459e+01,1.138838512069420794e+01,2.995663053523276886e+01,4.363721684144254453e+01,3.307691119372075406e+01,2.993929302586168717e+01,3.080439626860562896e+01,4.176331774520161133e+01,1.800076288639708721e+01,1.470777513573237627e+01,1.498117666932080994e+01,3.140135263610295269e+01,2.985525414054767879e+01,2.919778256394043225e+01,1.381811169267916739e+01,4.060475114532922447e+01,1.382379056841169884e+01,2.672149615626961250e+01,3.270312076286696623e+01
2.936847900122167232e+01,2.452113628025911751e+01,2.440186154567585319e+01,2.583879768986670555e+01,1.609346012220211364e+01,5.118080302607741316e+01,8.999055269586321515e+00,2.368932530837284389e+01,2.313573664569176458e+01,3.669430851396356275e+01,5.403634971042235691e+01,1.291748617860583082e+01,0.000000000000000000e+00,1.184492203688155065e+01,4.318253418645200270e+01,1.916222780432724448e+01,2.936353654419218628e+01,1.566932862028135176e+01,3.650638927310004078e+01,2.643440490019130351e+01,3.620496445701383692e+01,3.687497891826576790e+01,1.639688033366352471e+01,1.253062920908719491e+01,1.478320989146729758e+01,7.575749571313392217e+00,3.014574783383736900e+01,5.556823210632161114e+00,5.284682060456309927e+01,2.754613362463554793e+01,4.787199607444770066e+01,2.590889506809147136e+01,8.784922405734324258e+00,3.787418139611179413e+01,3.555555968345009887e+01,1.244056981143620533e+01,4.994301640121808106e+01,5.380519349458152334e+01,5.263849264073165557e+01,2.702997380634928248e+01,1.381892160239466705e+01,4.931061992484696077e+01,7.205308467613814827e+00,3.709561901312581256e+01,5.563124136187757784e+01,3.613986545253624882e+01,2.349971606493532406e+01,3.099583985897598026e+01,4.217466293670433686e+01,1.639211059357181810e+01,2.223897485694761045e+01,2.774213080704930334e+01,4.134421564797467141e+01,3.790406413090451565e+01,3.913180607355827334e+01,1.360689279371872562e+00,5.005619536964497485e+01,1.770423670763987900e+01,3.791152913068476238e+01,4.234162924671201012e+01
2.310049761392781420e+01,3.068806857730141147e+01,2.461273233002755134e+01,2.227616506968279353e+01,4.447794971389521734e+00,3.966699668064745055e+01,2.019917052479834396e+01,1.184440331365753707e+01,2.261971024614847536e+01,2.589846811961330530e+01,4.242331100812655365e+01,1.229958860589246150e+01,1.184492203688155065e+01,0.000000000000000000e+00,3.184324257287099158e+01,2.045317676519723449e+01,1.913653581401603176e+01,1.008545580445514389e+01,2.480078652859646837e+01,2.041559218609654280e+01,3.140165988645592776e+01,2.734583380052702495e+01,1.379156943848755645e+01,6.893715870788072131e+00,2.219417110569624896e+01,1.470905156356965016e+01,2.009017571955203252e+01,1.381649322910326383e+01,4.136391666030702652e+01,1.688068062011813453e+01,3.984229142905451937e+01,3.236671837092766424e+01,6.189529621230479783e+00,2.705708883125775444e+01,2.845423247721619830e+01,1.207039949294082604e+01,3.813483196337181624e+01,4.234152165980322735e+01,4.395136821548932460e+01,3.543056165560863491e+01,2.513190999457895813e+01,3.788126799501133490e+01,4.651176662205779522e+00,2.561096606283748045e+01,4.720743253020194174e+01,2.441439944133167472e+01,1.780881607129163768e+01,2.004081888570571124e+01,3.130469968610077203e+01,5.876780897198306874e+00,1.184492203688155421e+01,2.264729882910313563e+01,3.111300056398129144e+01,2.672141927567050601e+01,2.897291982861640847e+01,1.144753983983594381e+01,3.929690470657509138e+01,2.445943950588022986e+01,2.897124679927593505e+01,3.186923302762107468e+01
2.461309581313248174e+01,6.054690324866196960e+01,5.010332810224283406e+01,4.367666233458361802e+01,2.856857183128908773e+01,8.243629818429246470e+00,5.012168040663294732e+01,2.106908609172454305e+01,3.671942325452981493e+01,2.449210815527459673e+01,1.144619425512293098e+01,4.146182287089072105e+01,4.318253418645200270e+01,3.184324257287099158e+01,0.000000000000000000e+00,4.815996288336352649e+01,1.501847642492193557e+01,2.984746249184836131e+01,1.630522823430690948e+01,2.557482108548975930e+01,4.673934140720711383e+01,1.289161815583868531e+01,4.062419813225890408e+01,3.583982343004140603e+01,4.757119799844760877e+01,4.273969872692273952e+01,2.775136142067769995e+01,4.563873716530751068e+01,9.783522284582224060e+00,1.597101796268767160e+01,4.309909964122396531e+01,6.230396267035860092e+01,3.483407188278548006e+01,6.671692457084285266e+00,3.958631390628977442e+01,3.552855902015443945e+01,1.080503556378170238e+01,2.507152110974854864e+01,4.329280797670438830e+01,6.645240046328216010e+01,5.686995966674481195e+01,6.187334839979079959e+00,3.617595414301090528e+01,1.905756802023235608e+01,4.661992567310002045e+01,8.805913642550844855e+00,2.682460910375566598e+01,1.237554454592691400e+01,4.301189639448725899e+00,2.679442557104103173e+01,2.786885094241615946e+01,4.129838264920233826e+01,2.908623539590552198e+01,2.185906433591051012e+01,2.874415087280383219e+01,4.242639700603868391e+01,2.959775842351058728e+01,5.517703504480127208e+01,3.401455425560946111e+01,2.799533516096917651e+01
4.353762801759325640e+01,1.292515074843532474e+01,5.277199138277215873e+00,1.000753868562643056e+01,2.116617017671550371e+01,5.483680907419289952e+01,2.589770117130998273e+01,2.738620958158112728e+01,4.098748757913071472e+01,3.129255227288544816e+01,5.692768132209093324e+01,8.173706112092361309e+00,1.916222780432724448e+01,2.045317676519723449e+01,4.815996288336352649e+01,0.000000000000000000e+00,3.838021999973211251e+01,3.002320844429703683e+01,3.541846860026549848e+01,4.080821671394305383e+01,1.967379231624529368e+01,4.682232920612087668e+01,7.584791757174738969e+00,1.379985515747246794e+01,3.378832815048838967e+01,2.671424055871270298e+01,2.420937018010955910e+01,1.406679054770036785e+01,5.659058073369183717e+01,3.578852789802432000e+01,3.449734281461286400e+01,1.465347899245780283e+01,2.356666305968300534e+01,4.497375705135367241e+01,2.228068598919277576e+01,2.962245411374700765e+01,5.114198484060818828e+01,4.915500755652502107e+01,4.003015474250570804e+01,2.018929240044588269e+01,2.114248136138389000e+01,5.351308016419891800e+01,1.935225052987066263e+01,3.444833541966733037e+01,4.234188881222714684e+01,3.951146905598611880e+01,3.810856898238370860e+01,3.821523540789128504e+01,4.887597186838896590e+01,2.607692064583879343e+01,2.041196155918698096e+01,1.341278816759306558e+01,3.346082468652168274e+01,3.370683142495478535e+01,3.140210738113595212e+01,2.033503097024288309e+01,4.274141847738860633e+01,1.009991363108792761e+01,2.754241964334056547e+01,3.500468422928210543e+01
1.209318017708521964e+01,4.963478984612057587e+01,4.155870057035714638e+01,3.675098252513216579e+01,1.723272823974211576e+01,2.325222954770327632e+01,3.554684914171187415e+01,1.228160869213727047e+01,2.240423571060245678e+01,2.565553209881508678e+01,2.646064341254665564e+01,3.064869250923322141e+01,2.936353654419218628e+01,1.913653581401603176e+01,1.501847642492193557e+01,3.838021999973211251e+01,0.000000000000000000e+00,1.497319497785458964e+01,1.893563184041451208e+01,1.184233776170334806e+01,4.289871422274422486e+01,8.444715477717240404e+00,3.091811737930673232e+01,2.476731174785751932e+01,3.255516213341245901e+01,2.798478127769271495e+01,2.476731174785751577e+01,3.268280337325582252e+01,2.473121777099098395e+01,2.716871216317638726e+00,4.468388277126549468e+01,5.134401954094445841e+01,2.066533670727332250e+01,8.785387488298484371e+00,3.707806088970061609e+01,2.058624183014151399e+01,2.446287234264237398e+01,3.499362078378420904e+01,4.674638992583793140e+01,5.456613441023260691e+01,4.318224215137159661e+01,2.113521938443921755e+01,2.283071422838495579e+01,2.158411257988131027e+01,5.026388851481846842e+01,1.184285275225434653e+01,1.230661205756092080e+01,3.601803901846801548e+00,1.302832210697618009e+01,1.337064717757384003e+01,2.042308683727698693e+01,3.544129397602800680e+01,3.161758063952744635e+01,2.429982700667829576e+01,3.025878657580421560e+01,2.843540471719559548e+01,3.618076847113092498e+01,4.356300011453076593e+01,3.372958928401603629e+01,3.131516315160057218e+01
1.398633257977146194e+01,3.890704124286732934e+01,3.448103740411342955e+01,3.234277904070604137e+01,1.229526815699489894e+01,3.808666375324366982e+01,2.068772557613300833e+01,1.544427745856924972e+01,1.302169864018908463e+01,3.194948315112041470e+01,4.122033948432908090e+01,2.188033495921684235e+01,1.566932862028135176e+01,1.008545580445514389e+01,2.984746249184836131e+01,3.002320844429703683e+01,1.497319497785458964e+01,0.000000000000000000e+00,2.832556776626960016e+01,1.109269953750010451e+01,4.121932155658206653e+01,2.157650176442963286e+01,2.378773222711106783e+01,1.691644265865356900e+01,1.799768112093990879e+01,1.303266252283423832e+01,2.758541561774889317e+01,2.017864761834064424e+01,3.961915476624001542e+01,1.395221222274775386e+01,4.823264347782951234e+01,4.047404834189941170e+01,7.152133373265671779e+00,2.375823005672452837e+01,3.761828859095636091e+01,5.723472237948799446e+00,3.841176557573680128e+01,4.609388390077585029e+01,5.178660304525025282e+01,4.244240038062683595e+01,2.917998519638124222e+01,3.601772667755950152e+01,1.093483930984023367e+01,3.003952994099728002e+01,5.518512290844210355e+01,2.461338948606703880e+01,8.227102901165926241e+00,1.754242812213917446e+01,2.798073895064093719e+01,6.895019245667528551e+00,1.984690051914285291e+01,3.254295307093618561e+01,3.775520775372592652e+01,3.193261272780686255e+01,3.580544416352771719e+01,1.450414796982885512e+01,4.482424827330179795e+01,3.225679292599846804e+01,3.702394007778445939e+01,3.813911887516270838e+01
3.098724208817329284e+01,4.831425508863314633e+01,3.622265972726911087e+01,2.902992810446275129e+01,2.042670338948095221e+01,2.055145054023960327e+01,4.499489686944439626e+01,1.334338491416857053e+01,3.962191667576338006e+01,8.237023788036918148e+00,2.203225021759302749e+01,3.034331781782914916e+01,3.650638927310004078e+01,2.480078652859646837e+01,1.630522823430690948e+01,3.541846860026549848e+01,1.893563184041451208e+01,2.832556776626960016e+01,0.000000000000000000e+00,3.033037984146672272e+01,3.068946378386468510e+01,2.376683611336174451e+01,2.841740056283476079e+01,2.576269303344245998e+01,4.567091979639715760e+01,3.894195626767145768e+01,1.222135301592743239e+01,3.705852227526408882e+01,2.223479229622717313e+01,1.730544779263801658e+01,2.735277588133687132e+01,5.005643364240468429e+01,3.005339705624275126e+01,1.761737630905222574e+01,2.337949059197001134e+01,3.360686878806058786e+01,1.580355379667406801e+01,1.784307376663790023e+01,2.844913207057184934e+01,5.513423901623606582e+01,4.890210111392715220e+01,1.981635181224429587e+01,2.941810315766923267e+01,2.938390372232185133e+00,3.193133249823381803e+01,8.811462812821215351e+00,2.994752480271453265e+01,1.555188507985685042e+01,1.931074620617027904e+01,2.228050152334726874e+01,1.564154889535008941e+01,2.617404709044132005e+01,1.344780284299746498e+01,5.877399840024124522e+00,1.269096218561117695e+01,3.622646905815265939e+01,1.730994918251520431e+01,4.399030751047007470e+01,1.772605658535967521e+01,1.276566487159353080e+01
2.934074344787820809e+00,4.999973996598377823e+01,4.502109899029040463e+01,4.201739380204882224e+01,2.112985386769825880e+01,3.346878199609160731e+01,2.985336007847196171e+01,2.038304438953964137e+01,1.120208764022816261e+01,3.620511864023641380e+01,3.679462786293620269e+01,3.263451060185069252e+01,2.643440490019130351e+01,2.041559218609654280e+01,2.557482108548975930e+01,4.080821671394305383e+01,1.184233776170334806e+01,1.109269953750010451e+01,3.033037984146672272e+01,0.000000000000000000e+00,4.997382141561312352e+01,1.395104687220664097e+01,3.415964492294318688e+01,2.727953501363176159e+01,2.419056344710973150e+01,2.213822508702857661e+01,3.376137782600585524e+01,3.120603489737676739e+01,3.471015736525320250e+01,1.302918816737333607e+01,5.446659623945556916e+01,5.156505103055253159e+01,1.821642031640130099e+01,1.890312862840547226e+01,4.528267197631761576e+01,1.449401843278763558e+01,3.581483337768619890e+01,4.682590233254670409e+01,5.716400825765363436e+01,5.340259889585698971e+01,3.945068812300132066e+01,3.125273568061523477e+01,2.200001917442514099e+01,3.277404693823618231e+01,6.066816008382727432e+01,2.368519047226625673e+01,2.934689030436754553e+00,1.544240179738542196e+01,2.240411491092585905e+01,1.531329843810888214e+01,2.735388386858533494e+01,4.164125718076356719e+01,4.224286288364472597e+01,3.529364996446972924e+01,4.063157668465085237e+01,2.518026343343473172e+01,4.763910076050749609e+01,4.334226228519214175e+01,4.321963853471850570e+01,4.217896331329745863e+01
5.210727497503236805e+01,2.903901971924492287e+01,1.562687063622017902e+01,1.043366438940708107e+01,2.911329735485195513e+01,5.106465210631524343e+01,4.433335877451970930e+01,3.068946378386468510e+01,5.401504606782578577e+01,2.314212257162848374e+01,5.210727497503236805e+01,2.330240233662069826e+01,3.620496445701383692e+01,3.140165988645592776e+01,4.673934140720711383e+01,1.967379231624529368e+01,4.289871422274422486e+01,4.121932155658206653e+01,3.068946378386468510e+01,4.997382141561312352e+01,0.000000000000000000e+00,5.063941869729138290e+01,1.981803584792669426e+01,2.533648562429309337e+01,5.081596975497796365e+01,4.309928551526977003e+01,1.910437599830886413e+01,3.225016018299061216e+01,5.268567411686673552e+01,4.022995905299685404e+01,1.609550810817414046e+01,3.030008263956278824e+01,3.691851038759275383e+01,4.626072367503074645e+01,7.587818319905628606e+00,4.324928184491012928e+01,4.536420795238659309e+01,3.763167415260379300e+01,2.181928194479788630e+01,3.692167128372560114e+01,4.080491418670617065e+01,5.048019467490643564e+01,3.309926284800103957e+01,2.832603416842768596e+01,2.350957104644787776e+01,3.825682134254289224e+01,4.792449567418546508e+01,4.106986607381306698e+01,4.908940714312841180e+01,3.497114320046382829e+01,2.279219706462977868e+01,8.795332112172534522e+00,2.152394817273258809e+01,2.607912419586181940e+01,2.034264350259532250e+01,3.703998241096700639e+01,2.939148273822311097e+01,2.919848942130118630e+01,1.452581611758480662e+01,2.327631141838631379e+01
1.230652045387601312e+01,5.797144262789572622e+01,4.998202505877537050e+01,4.500458267087005737e+01,2.566654760115227418e+01,2.006105024782606350e+01,4.217251457123163050e+01,2.040810863438872147e+01,2.505836335534169379e+01,3.150467200633492837e+01,2.339034090884583605e+01,3.905707797428239303e+01,3.687497891826576790e+01,2.734583380052702495e+01,1.289161815583868531e+01,4.682232920612087668e+01,8.444715477717240404e+00,2.157650176442963286e+01,2.376683611336174451e+01,1.395104687220664097e+01,5.063941869729138290e+01,0.000000000000000000e+00,3.936235507075240037e+01,3.317999238549453622e+01,3.774404280740360207e+01,3.441960127568469829e+01,3.196529953357865139e+01,4.061371962460324170e+01,2.112702611410022868e+01,1.108879032379301677e+01,5.084119320278793452e+01,5.966952326507794879e+01,2.809005784662532790e+01,6.891773213828360056e+00,4.441795275865663939e+01,2.668363462916641282e+01,2.368416141983215084e+01,3.706592428370370129e+01,5.221559417635064904e+01,6.270072574298993118e+01,5.061651086572009461e+01,1.784288363995155891e+01,3.073721865825843480e+01,2.667485911762737416e+01,5.569761561375202064e+01,1.511665444095254962e+01,1.596995848836123955e+01,9.569797613864480468e+00,8.998551844526760490e+00,2.149044558763047519e+01,2.856107258605324617e+01,4.351807678241515731e+01,3.715848614009055950e+01,2.958946654587198921e+01,3.614646997730358891e+01,3.583223384848892579e+01,4.007755204878399269e+01,5.180483883596974692e+01,4.033968377589664556e+01,3.653213880915721745e+01
3.677888125228766825e+01,2.006973991725032036e+01,1.090096946067549233e+01,9.534813903854781003e+00,1.379156943848755645e+01,4.742465456955678604e+01,2.476224292886412925e+01,1.980172145271023609e+01,3.569635415212198382e+01,2.522057486799782211e+01,4.960370341205263145e+01,3.603129614566352057e+00,1.639688033366352471e+01,1.379156943848755645e+01,4.062419813225890408e+01,7.584791757174738969e+00,3.091811737930673232e+01,2.378773222711106783e+01,2.841740056283476079e+01,3.415964492294318688e+01,1.981803584792669426e+01,3.936235507075240037e+01,0.000000000000000000e+00,6.897853584269432403e+00,3.101367523169825446e+01,2.334326226030254148e+01,1.801501333819294359e+01,1.289557944611294538e+01,4.917931772035939275e+01,2.829701787958451575e+01,3.218986032877025849e+01,2.182794372217961865e+01,1.809132974025314411e+01,3.739109188721525356e+01,1.967285864881153756e+01,2.444510088167150030e+01,4.399070978743951343e+01,4.323337171850290162e+01,3.732122014695080026e+01,2.671804050503807915e+01,2.335092359979499577e+01,4.604898631178451041e+01,1.394962037492808804e+01,2.773814447767477276e+01,4.006988387508846472e+01,3.202160486211539592e+01,3.159513579718935716e+01,3.065196465467272091e+01,4.129247701561436656e+01,1.905083193754684245e+01,1.303622967498241536e+01,1.139490789863551079e+01,2.832724027930609267e+01,2.735895742924263985e+01,2.614833190083899339e+01,1.722331539361091046e+01,3.759254375591681452e+01,1.564838342082082967e+01,2.335092359979499932e+01,2.970135752126375905e+01
2.992461064297052431e+01,2.499631073778260415e+01,1.774348492913359721e+01,1.568678911280487931e+01,7.577252705361904539e+00,4.316951490803484859e+01,2.151786733364396298e+01,1.478518007723379846e+01,2.907370541178766388e+01,2.461383271282516816e+01,4.563392519370277256e+01,5.882362791100938182e+00,1.253062920908719491e+01,6.893715870788072131e+00,3.583982343004140603e+01,1.379985515747246794e+01,2.476731174785751932e+01,1.691644265865356900e+01,2.576269303344245998e+01,2.727953501363176159e+01,2.533648562429309337e+01,3.317999238549453622e+01,6.897853584269432403e+00,0.000000000000000000e+00,2.606924930802098217e+01,1.824939082436386073e+01,1.779117988555809404e+01,1.144793826102354828e+01,4.491220913828330907e+01,2.225313301159252077e+01,3.555711757976946075e+01,2.673157411467737887e+01,1.162804645609900867e+01,3.189708547884982792e+01,2.346980811308186077e+01,1.800039359532149774e+01,4.058417446287867136e+01,4.222999719799640417e+01,4.018461608760882342e+01,3.061265189195582082e+01,2.325759997831347548e+01,4.159414113393012258e+01,7.780617236893816013e+00,2.578908767083332876e+01,4.323870162275628104e+01,2.762410839652576300e+01,2.469916622566889330e+01,2.495887844026394475e+01,3.598401331569205297e+01,1.229358343872079828e+01,1.037108808692870454e+01,1.654906557360965635e+01,2.894269387230197310e+01,2.614763331496493137e+01,2.672146193444136841e+01,1.289478239349283939e+01,3.783074774951125363e+01,1.934112214281383046e+01,2.539244134217338811e+01,3.002261605687927926e+01
2.668485396807958665e+01,3.678926549571101390e+01,3.905975431739942394e+01,4.052659956037064859e+01,2.646320978637814747e+01,5.580739139535587157e+01,9.584858458858928287e+00,3.236095964900069788e+01,1.512149657038359507e+01,4.795263283704783674e+01,5.900580180245195550e+01,2.763056602032746767e+01,1.478320989146729758e+01,2.219417110569624896e+01,4.757119799844760877e+01,3.378832815048838967e+01,3.255516213341245901e+01,1.799768112093990879e+01,4.567091979639715760e+01,2.419056344710973150e+01,5.081596975497796365e+01,3.774404280740360207e+01,3.101367523169825446e+01,2.606924930802098217e+01,0.000000000000000000e+00,7.819858688610559661e+00,4.227821005559195555e+01,1.975239801056984490e+01,5.727559870951712639e+01,3.186745062214588486e+01,6.152864773264477094e+01,3.782670317785098746e+01,1.609282420785790180e+01,4.122143612179522876e+01,4.953905574428130620e+01,1.230674077657507759e+01,5.640525217622973742e+01,6.351220198907279268e+01,6.592782187076250011e+01,3.683305136561522630e+01,2.041035076655447611e+01,5.368441201215772907e+01,1.856814837400600737e+01,4.701750838633302720e+01,6.909655378136872628e+01,4.260234095400321763e+01,2.180569724121023611e+01,3.542161227065944473e+01,4.528945935397498346e+01,2.339046652826508321e+01,3.403277978364797463e+01,4.220782060684254589e+01,5.329356717922774322e+01,4.850503545975583819e+01,5.116294461304278940e+01,1.381245496694737618e+01,6.128041121529083313e+01,3.028624896248781440e+01,5.096709674160027959e+01,5.400284845857668614e+01
2.498625445799141787e+01,3.150003960962730076e+01,3.193419620975889117e+01,3.287659289866533641e+01,1.909784801243677066e+01,5.095506621090476784e+01,7.779211957113480125e+00,2.561094830880352546e+01,1.645817069060381144e+01,4.060390868150169297e+01,5.402894598556939343e+01,2.005317285677350725e+01,7.575749571313392217e+00,1.470905156356965016e+01,4.273969872692273952e+01,2.671424055871270298e+01,2.798478127769271495e+01,1.303266252283423832e+01,3.894195626767145768e+01,2.213822508702857661e+01,4.309928551526977003e+01,3.441960127568469829e+01,2.334326226030254148e+01,1.824939082436386073e+01,7.819858688610559661e+00,0.000000000000000000e+00,3.469131000972959100e+01,1.302890791192562325e+01,5.252317917388008794e+01,2.677086594115930751e+01,5.372805206064023764e+01,3.276236146616817990e+01,8.895589942779043469e+00,3.676809384082469734e+01,4.171919794812767179e+01,7.777341896325672188e+00,5.077838470173654883e+01,5.670938588521641321e+01,5.817507596164951167e+01,3.298802038498975975e+01,1.764150281816177213e+01,4.892488376537680494e+01,1.080748875877940129e+01,4.005325134103318163e+01,6.132114524557174917e+01,3.683270825681345428e+01,1.931545580785331495e+01,3.037115312522388066e+01,4.100561629319799550e+01,1.689948643641932335e+01,2.646385431228012663e+01,3.444663749082859994e+01,4.579047810067599755e+01,4.134396766066769402e+01,4.363352843445264995e+01,6.382261242395155243e+00,5.399410389743731287e+01,2.473201095475873501e+01,4.323337171850290162e+01,4.657401448704398916e+01
