0.000000000000000000e+00,4.222736240240320171e+01,2.536886997013658984e+01,3.733510100157444356e+01,3.408154954362394307e+01,2.646171045930326216e+01,3.359045054248618811e+01,1.042283075784315649e+01,6.648347307930853844e+01,7.022511917878682119e+00,5.893328337091116964e+01,6.114049308940494143e+01,5.012560445059273206e+01,2.890470951179165837e+01,1.860265774693274565e+01,4.851629997062711652e+01,4.651416376141121134e+01,4.367778483367307985e+01,4.829340802507291386e+01,2.219111102845033656e+01,4.753526492994202357e+01,5.599012689768979811e+01,6.304807577723736500e+01,3.554684914171186705e+01,2.073902608016604532e+01,3.867402988105697403e+01,6.010663586230249678e+01,5.859849993331674511e+01,7.233748237762088706e+01,5.310788353164273445e+01,5.424031000069142294e+01,2.413674075216236048e+01,4.064164023320905983e+01,2.458782809281720105e+01,5.770249942562680445e+01,3.457731374273962643e+01,4.133634340774199245e+01,5.198100738136263743e+01,3.598939313956812214e+01,4.302238866745327073e+00,5.338036174907475129e+01,1.755306106899674479e+00,5.969597427917990728e+01,3.969381517126647907e+01,2.042308683727698693e+01,4.786694444756258804e+01,3.273611836903341299e+01,4.629117378010259642e+01,4.922103845053211302e+01
4.222736240240320171e+01,0.000000000000000000e+00,3.757828688119523974e+01,4.392330854438954191e+01,4.980673303645966854e+01,1.580287079387300331e+01,3.619203408863113935e+01,3.554085175728121015e+01,3.154602933240800056e+01,4.577188329731016125e+01,2.017432868733630258e+01,3.045980947996988064e+01,1.400577119819837435e+01,4.134388871096156493e+01,2.370426316614675954e+01,1.244205043981415670e+01,3.203221373569336095e+01,5.600794933854465540e+01,1.761367875015821483e+01,2.581343683140812573e+01,4.367345531011273607e+01,2.472303552569382390e+01,3.432761655671290413e+01,1.463817209700810373e+01,2.587790061823990939e+01,1.797091070201258844e+01,2.251347174560364550e+01,1.667923114271071228e+01,3.950550118668067512e+01,1.515075037870136754e+01,2.452217456815279562e+01,2.432068320599797318e+01,3.339257921690672504e+01,2.728927546169834173e+01,2.623920719913305533e+01,9.522854830797477632e+00,1.050789996988730302e+01,1.276338295252407740e+01,3.192651374474622017e+01,3.841206023704921080e+01,1.120228959268654911e+01,4.362986465641136391e+01,1.779117988555809404e+01,2.150419994156417047e+01,4.363252678741353208e+01,4.677130142959251202e+01,2.068950580927371163e+01,5.601011410967363702e+01,2.511993960407223625e+01
2.536886997013658984e+01,3.757828688119523974e+01,0.000000000000000000e+00,1.225828958027018167e+01,1.303880813428679453e+01,2.588429984413651042e+01,8.790115953838979479e+00,2.999018414749230743e+01,4.971614599324923489e+01,2.205040054471225375e+01,5.770911512199764104e+01,4.274271526264926990e+01,3.783075378328224758e+01,4.650757157215482884e+00,2.205040054471225375e+01,3.679514560936108580e+01,2.421031623449536951e+01,2.154022926592828924e+01,5.167379842439685689e+01,3.444510757047152794e+01,2.229004116063986984e+01,3.898964073828896204e+01,4.334117447089182917e+01,2.397707623992924297e+01,3.274921901574571592e+01,4.509532277045362747e+01,5.990111509784738075e+01,5.329356717922774322e+01,5.356354635252247931e+01,4.116461494102254193e+01,3.683725456672659249e+01,1.379508353970724244e+01,1.722671413716486200e+01,1.042909739536401226e+01,4.041460772082015040e+01,3.530187909507614563e+01,3.051216195143670973e+01,4.134421564797467141e+01,1.303834303068932066e+01,2.201321838132567166e+01,4.757644505463154871e+01,2.698116731306253158e+01,5.436168037608668868e+01,2.240504675807372692e+01,8.789571017746235171e+00,2.249968344259873376e+01,1.799823726970037896e+01,2.314973164376702641e+01,3.044184097053435423e+01
3.733510100157444356e+01,4.392330854438954191e+01,1.225828958027018167e+01,0.000000000000000000e+00,9.303680138137538691e+00,3.540869380822839929e+01,7.785318484912851389e+00,4.222450965093607067e+01,4.783321552264875720e+01,3.321621992694429082e+01,6.388013909972365667e+01,4.012286015717805299e+01,4.018461608760882342e+01,8.470843619955186199e+00,3.321621992694429082e+01,3.963442748505702440e+01,2.006142435093690679e+01,1.210823873578986287e+01,5.989124562564301613e+01,4.586115234626425519e+01,1.208470983331997139e+01,3.790435372685931270e+01,3.951057292637521812e+01,2.930235975104890045e+01,4.422679522871598579e+01,5.462275822939626124e+01,6.637067027580772560e+01,5.794250332223396072e+01,4.984786794758712603e+01,4.333777753346198836e+01,3.568656989070048269e+01,2.325379561391367744e+01,1.341278816759305847e+01,1.981146573190634541e+01,3.894205597670600838e+01,4.393113340941247458e+01,3.485283530668937146e+01,4.426864379083828993e+01,1.238319160860866042e+01,3.418045638220994675e+01,5.241485249053932449e+01,3.887945048747025822e+01,5.892640903594958957e+01,2.419702236428055286e+01,1.810042027716197310e+01,1.104500774460624513e+01,2.325815225830699973e+01,1.231529602728610229e+01,2.903882966349255668e+01
3.408154954362394307e+01,4.980673303645966854e+01,1.303880813428679453e+01,9.303680138137538691e+00,0.000000000000000000e+00,3.890310469924704506e+01,1.470985875362161011e+01,4.097815096477704344e+01,5.685654876360368348e+01,2.866091682447211397e+01,6.997718963773282042e+01,4.922848379635156135e+01,4.795567737034457423e+01,8.613782094654531818e+00,3.488704280058238538e+01,4.720837152581460572e+01,2.919827690758982186e+01,9.605872685359187813e+00,6.456208327849751072e+01,4.700805746481525915e+01,2.086732947514898484e+01,4.670184719958999153e+01,4.875649128542424648e+01,3.555478143039015038e+01,4.527844805763574954e+01,5.813349158749048939e+01,7.229231642463739149e+01,6.485006179749855448e+01,5.910865159050408835e+01,5.120991333523680566e+01,4.447794971389522800e+01,2.671724971844315277e+01,2.228067568729512971e+01,2.325577194228760547e+01,4.783320592245010516e+01,4.822514158906085413e+01,4.170049885964490244e+01,5.185720311964183082e+01,2.019966820502451199e+01,3.178211374554915380e+01,5.919467223025467462e+01,3.538457673969093520e+01,6.588096375943393923e+01,3.187066681543815605e+01,1.366144874421350330e+01,1.896002705200416827e+01,2.936622523740302881e+01,1.231918766330765536e+01,3.780625725681094451e+01
2.646171045930326216e+01,1.580287079387300331e+01,2.588429984413651042e+01,3.540869380822839929e+01,3.890310469924704506e+01,0.000000000000000000e+00,2.788998157663370137e+01,2.067973974651826907e+01,4.261152783090631146e+01,3.005335931357103618e+01,3.404317336743258693e+01,3.890322624274165264e+01,2.497421518402608243e+01,3.033404968556820336e+01,7.901392374834652621e+00,2.324509378951594485e+01,3.132334671691693728e+01,4.676417423218274649e+01,2.605881101776222053e+01,1.429239339925317687e+01,3.941222676390177071e+01,3.313625013459882496e+01,4.185289272263686655e+01,1.302183236372419373e+01,1.343002735067033981e+01,1.930837066886909881e+01,3.575810889160143802e+01,3.236090356683757108e+01,4.960216269126905786e+01,2.758541561774888962e+01,3.191989274030582990e+01,1.229526815699490427e+01,2.911381567964008354e+01,1.580936648147946855e+01,3.488992455476648757e+01,9.785183972261435770e+00,1.653566565558834256e+01,2.606750451748388642e+01,2.569805871474691017e+01,2.260951807599796126e+01,2.699655948636370439e+01,2.790398674043367322e+01,3.346905212369529892e+01,2.067620117458935169e+01,2.995206959379835610e+01,4.167808764470846228e+01,1.500149104488703600e+01,4.765711649505227854e+01,2.899713143717784192e+01
3.359045054248618811e+01,3.619203408863113935e+01,8.790115953838979479e+00,7.785318484912851389e+00,1.470985875362161011e+01,2.788998157663370137e+01,0.000000000000000000e+00,3.686732194673688667e+01,4.279973826122247971e+01,3.076387585139988090e+01,5.621185701155902592e+01,3.542670942212854612e+01,3.326531473800518057e+01,8.246494892128579224e+00,2.644106760432284275e+01,3.256064013947447222e+01,1.598027961774501904e+01,1.981897455122996377e+01,5.211242213085160557e+01,3.909899914183222336e+01,1.403187168229824699e+01,3.236141080155886840e+01,3.554206630168102521e+01,2.160193304768858624e+01,3.753207465346329030e+01,4.699864882039681646e+01,5.867023652913577791e+01,5.052202973185170976e+01,4.588479263726517132e+01,3.650818888753975955e+01,3.014599058439821277e+01,1.597200725574083968e+01,8.791444677010780140e+00,1.269824002517720274e+01,3.360790733186984625e+01,3.620321322197046499e+01,2.735963364025459299e+01,3.721196371706869854e+01,5.559743714236901724e+00,2.992043056738289408e+01,4.493437769362513734e+01,3.526444182758992696e+01,5.152765450497293642e+01,1.717232683185169861e+01,1.722416435612919017e+01,1.499347041694819893e+01,1.550619849728109223e+01,2.007112543211172451e+01,2.350933657888505834e+01
1.042283075784315649e+01,3.554085175728121015e+01,2.999018414749230743e+01,4.222450965093607067e+01,4.097815096477704344e+01,2.067973974651826907e+01,3.686732194673688667e+01,0.000000000000000000e+00,6.303327191591910861e+01,1.720811616939124988e+01,5.033164654751826106e+01,5.869061795012059690e+01,4.561800714181762118e+01,3.428195481084020457e+01,1.404296484228579978e+01,4.390051383427439191e+01,4.702425553743920261e+01,5.048604206672219163e+01,3.894187493529040012e+01,1.230653875210497183e+01,5.078581244278745999e+01,5.311939554156482757e+01,6.120216246234830493e+01,3.232385025056873218e+01,1.111948742847380345e+01,2.903785881810425806e+01,5.122167568168828922e+01,5.115704253562061155e+01,6.967741084756643488e+01,4.826515313289307585e+01,5.165610188417196014e+01,2.349230769368211469e+01,4.229118190567841395e+01,2.535727790669247739e+01,5.487598148211231575e+01,2.684159943162652695e+01,3.703037694643734312e+01,4.670689134249471408e+01,3.777834138622206694e+01,9.864620451952466951e+00,4.632931419172407317e+01,1.080484764624819505e+01,5.222150200434075629e+01,3.827992971940287248e+01,2.769580782703541644e+01,5.181705241160671704e+01,3.132708348653950026e+01,5.266905999836173891e+01,4.762089394048285129e+01
6.648347307930853844e+01,3.154602933240800056e+01,4.971614599324923489e+01,4.783321552264875720e+01,5.685654876360368348e+01,4.261152783090631146e+01,4.279973826122247971e+01,6.303327191591910861e+01,0.000000000000000000e+00,6.737936471797281968e+01,3.835579000177486364e+01,7.902085469932598194e+00,1.801726409515186944e+01,5.093836588213972760e+01,4.912554506811526522e+01,1.976737379932661653e+01,2.779871857118451572e+01,5.807791259408410411e+01,4.537941600483235760e+01,5.592465397966806506e+01,3.951071852061181744e+01,1.081034321258903752e+01,1.043401713366501582e+01,3.101456957854893659e+01,5.552444293811411313e+01,4.915966278738400774e+01,4.119018134445391155e+01,2.877905341970029696e+01,8.256009551499408516e+00,1.640068459461539163e+01,1.289653909553895339e+01,4.267427161168385652e+01,3.457799903079660453e+01,4.333702990656001930e+01,9.303778853027786511e+00,4.064921900576219116e+01,2.607676139037443974e+01,1.891960564182188875e+01,3.732137380702373974e+01,6.219358148410835696e+01,2.731622565398148339e+01,6.817469581182231764e+01,2.892903257596082511e+01,2.780006986362952048e+01,5.834822203117948192e+01,4.303870575901675721e+01,3.418279598203024250e+01,5.619608776869974776e+01,1.934013861821323843e+01
7.022511917878682119e+00,4.577188329731016125e+01,2.205040054471225375e+01,3.321621992694429082e+01,2.866091682447211397e+01,3.005335931357103618e+01,3.076387585139988090e+01,1.720811616939124988e+01,6.737936471797281968e+01,0.000000000000000000e+00,6.361362971378137132e+01,6.143314866301570021e+01,5.202230609754609958e+01,2.477792089547768128e+01,2.223897485694760690e+01,5.052204229781757761e+01,4.512436178152399435e+01,3.813202024671691959e+01,5.367208004484190553e+01,2.834589502997804900e+01,4.426325762984221512e+01,5.665889979696126488e+01,6.290139347977154927e+01,3.705545282046717404e+01,2.676761969963000354e+01,4.438298543434110854e+01,6.500602322994221538e+01,6.240249161980626980e+01,7.261965249530291544e+01,5.517124000365866721e+01,5.475002251183354929e+01,2.475635713494294876e+01,3.866081600033905374e+01,2.419712109837265146e+01,5.830949608912250426e+01,3.901296920271627044e+01,4.333093613657078436e+01,5.436016176255432697e+01,3.409972593110276051e+01,8.244396770505440841e+00,5.696943237660091341e+01,7.567510085287304733e+00,6.351210554783503426e+01,3.983056360762103054e+01,1.532583348687303548e+01,4.411780570762086739e+01,3.319855960821283247e+01,4.097940823149954070e+01,4.918247372694240482e+01
5.893328337091116964e+01,2.017432868733630258e+01,5.770911512199764104e+01,6.388013909972365667e+01,6.997718963773282042e+01,3.404317336743258693e+01,5.621185701155902592e+01,5.033164654751826106e+01,3.835579000177486364e+01,6.361362971378137132e+01,0.000000000000000000e+00,4.131229107874345630e+01,2.726251789400874870e+01,6.151721546029168053e+01,4.149946352338464806e+01,2.674998325113576669e+01,4.991213662231006509e+01,7.598727208545965084e+01,1.302832210697618365e+01,3.841103049931500379e+01,6.243293338346040144e+01,3.695352446524244527e+01,4.554851192831467444e+01,3.461282556434058222e+01,3.929542770868400936e+01,2.264329330946783614e+01,2.934996609028044379e+00,9.576736723493739945e+00,4.639789014592599870e+01,2.565016981342377278e+01,3.787879420968392452e+01,4.425752875631796002e+01,5.259055387519892832e+01,4.735853723697301376e+01,3.780457008928974716e+01,2.461327918946340532e+01,2.927102683017431417e+01,2.322733404048393169e+01,5.168542363213838797e+01,5.566378001901892247e+01,1.275541515826924588e+01,6.006059081558672830e+01,9.511963848984800407e+00,4.051085969473886195e+01,6.341368894451242966e+01,6.574723470828861593e+01,4.076064964002345903e+01,7.580940732869555632e+01,4.125375052320790559e+01
6.114049308940494143e+01,3.045980947996988064e+01,4.274271526264926990e+01,4.012286015717805299e+01,4.922848379635156135e+01,3.890322624274165264e+01,3.542670942212854612e+01,5.869061795012059690e+01,7.902085469932598194e+00,6.143314866301570021e+01,4.131229107874345630e+01,0.000000000000000000e+00,1.649599191742266058e+01,4.363721684144254453e+01,4.464944058972715624e+01,1.801791493445651682e+01,2.006143580659380632e+01,5.020458151768781363e+01,4.626270729631750811e+01,5.284953292066866481e+01,3.160863305942361023e+01,5.887346083326418622e+00,4.238593135126684786e+00,2.637230823883749764e+01,5.222508239791961415e+01,4.843066405640864502e+01,4.423668652190453088e+01,3.194577036260126590e+01,1.120772735054941194e+01,1.638317610597878371e+01,7.035481787731197478e+00,3.703641034761196238e+01,2.699815748993341913e+01,3.723792442659316038e+01,4.237128035276056970e+00,3.872558469764751266e+01,2.274758714405980342e+01,1.909967435916133027e+01,3.004445354079132358e+01,5.683900878430666381e+01,2.912418665574809040e+01,6.286723599660548700e+01,3.234961010895139566e+01,2.160708215736125481e+01,5.147543310205680456e+01,3.513816825607131022e+01,2.842691314956269366e+01,4.829741933436218204e+01,1.238378474255615025e+01
5.012560445059273206e+01,1.400577119819837435e+01,3.783075378328224758e+01,4.018461608760882342e+01,4.795567737034457423e+01,2.497421518402608243e+01,3.326531473800518057e+01,4.561800714181762118e+01,1.801726409515186944e+01,5.202230609754609958e+01,2.726251789400874870e+01,1.649599191742266058e+01,0.000000000000000000e+00,4.039888316139694524e+01,3.201211524669618314e+01,1.757503207877782581e+00,2.325934342689891920e+01,5.199779101459905917e+01,3.008942940946444367e+01,3.794089515404358082e+01,3.620820631057708283e+01,1.089423977130697985e+01,2.046576697755542895e+01,1.502078737277399867e+01,3.759428642709147539e+01,3.196529953357865139e+01,3.015915626672677163e+01,1.905464976753615503e+01,2.569385401906097144e+01,3.335846228542140857e+00,1.111891092785647928e+01,2.754034444902751844e+01,2.736166467779441547e+01,2.919750103527802310e+01,1.230711179336423200e+01,2.272050261208731570e+01,8.789337431894534092e+00,4.305404466830477617e+00,2.790926750808374734e+01,4.592105277104456462e+01,1.450795761254298810e+01,5.174321002294742300e+01,1.984919212289161194e+01,1.609409797519304774e+01,4.567107923903952127e+01,3.970351079353360291e+01,2.006129880382171748e+01,5.113677712739561088e+01,1.406470691570921083e+01
2.890470951179165837e+01,4.134388871096156493e+01,4.650757157215482884e+00,8.470843619955186199e+00,8.613782094654531818e+00,3.033404968556820336e+01,8.246494892128579224e+00,3.428195481084020457e+01,5.093836588213972760e+01,2.477792089547768128e+01,6.151721546029168053e+01,4.363721684144254453e+01,4.039888316139694524e+01,0.000000000000000000e+00,2.669943378501010756e+01,3.950897727222262290e+01,2.419748660135897467e+01,1.689017549541012642e+01,5.594830423363738703e+01,3.908707533073680906e+01,1.977572475854686829e+01,4.039924566673526130e+01,4.378773386618656360e+01,2.729213904701972737e+01,3.738729499257824074e+01,4.960036718583237558e+01,6.379109875323454304e+01,5.667080017000834857e+01,5.413123826072826716e+01,4.370659575167313449e+01,3.819684344943238585e+01,1.811323744765526556e+01,1.699205740182262758e+01,1.464350985518957771e+01,4.170206724647164975e+01,3.961373603139850985e+01,3.362479763297406521e+01,4.412845633886468022e+01,1.361857292980032952e+01,2.586748997242012038e+01,5.098096386747559450e+01,3.043083283529530902e+01,5.771926283798889301e+01,2.450074159202378610e+01,9.880352665677474278e+00,1.935174751152360173e+01,2.114085733934177114e+01,1.856921677369519941e+01,3.160770296938159163e+01
1.860265774693274565e+01,2.370426316614675954e+01,2.205040054471225375e+01,3.321621992694429082e+01,3.488704280058238538e+01,7.901392374834652621e+00,2.644106760432284275e+01,1.404296484228579978e+01,4.912554506811526522e+01,2.223897485694760690e+01,4.149946352338464806e+01,4.464944058972715624e+01,3.201211524669618314e+01,2.669943378501010756e+01,0.000000000000000000e+00,3.033791603047645324e+01,3.385230304353836317e+01,4.357941911631203169e+01,3.241567161720560364e+01,1.267068117964468854e+01,3.954210886960161275e+01,3.909841578712715915e+01,4.717608814101937043e+01,1.828948818543530663e+01,1.109139581650942574e+01,2.418776113117294457e+01,4.303298087827099749e+01,4.023729300034274559e+01,5.565516253423022874e+01,3.484177540820643770e+01,3.761561585890687809e+01,1.087682011917512881e+01,3.001953181824351091e+01,1.377835502877439744e+01,4.085333921186338557e+01,1.689916445544624324e+01,2.328573853701264795e+01,3.354267098645642875e+01,2.584993821826996196e+01,1.470855801619944181e+01,3.489657596801607298e+01,2.008650319922530869e+01,4.134367108138780367e+01,2.444033125644677540e+01,2.410563365582664730e+01,4.122007737876543843e+01,1.763034757908487649e+01,4.500569187208942168e+01,3.366048892860464292e+01
4.851629997062711652e+01,1.244205043981415670e+01,3.679514560936108580e+01,3.963442748505702440e+01,4.720837152581460572e+01,2.324509378951594485e+01,3.256064013947447222e+01,4.390051383427439191e+01,1.976737379932661653e+01,5.052204229781757761e+01,2.674998325113576669e+01,1.801791493445651682e+01,1.757503207877782581e+00,3.950897727222262290e+01,3.033791603047645324e+01,0.000000000000000000e+00,2.335171980309561945e+01,5.153787576987580366e+01,2.888738758499905046e+01,3.618384009563368409e+01,3.618241698694206576e+01,1.230560566692922997e+01,2.190971992162792148e+01,1.361810317636958878e+01,3.583729218871012279e+01,3.041278094026163714e+01,2.961369013204214440e+01,1.894242778145552819e+01,2.740515929211439428e+01,4.651372660462580022e+00,1.230560566692922997e+01,2.614749385391674252e+01,2.703165063228640719e+01,2.793162307053611570e+01,1.379819636653308379e+01,2.101262708235229937e+01,7.205434990096123649e+00,4.651323616332009081e+00,2.729295943240288480e+01,4.432620291859980455e+01,1.405535852302916844e+01,5.012429566370875733e+01,1.980401930005863065e+01,1.544687126781855113e+01,4.449876337639196322e+01,3.963326696452662645e+01,1.890312862840546870e+01,5.079097100632012740e+01,1.451814627121915358e+01
4.651416376141121134e+01,3.203221373569336095e+01,2.421031623449536951e+01,2.006142435093690679e+01,2.919827690758982186e+01,3.132334671691693728e+01,1.598027961774501904e+01,4.702425553743920261e+01,2.779871857118451572e+01,4.512436178152399435e+01,4.991213662231006509e+01,2.006143580659380632e+01,2.325934342689891920e+01,2.419748660135897467e+01,3.385230304353836317e+01,2.335171980309561945e+01,0.000000000000000000e+00,3.051384387477803983e+01,4.960978884377147580e+01,4.522931203175345161e+01,1.304274206043972306e+01,1.825482871872390689e+01,1.967397939049408606e+01,1.935456723749500085e+01,4.403709808073200804e+01,4.756173561308843034e+01,5.271154802383330917e+01,4.226662005580600834e+01,3.004583079647427013e+01,2.590023566217134388e+01,1.609512258874578805e+01,2.353195063525119934e+01,7.206959189414824607e+00,2.207066839862860164e+01,1.909861388839561513e+01,3.622624399424336872e+01,2.153188875678456426e+01,2.756431079903897086e+01,1.120465019336750423e+01,4.239128821544165504e+01,3.735374060930401896e+01,4.826471678602024440e+01,4.309226939167737669e+01,1.112286522865175620e+01,3.295768122304817638e+01,1.660969400209973301e+01,1.649399242988782532e+01,2.897747431898867987e+01,9.790005631241079698e+00
4.367778483367307985e+01,5.600794933854465540e+01,2.154022926592828924e+01,1.210823873578986287e+01,9.605872685359187813e+00,4.676417423218274649e+01,1.981897455122996377e+01,5.048604206672219163e+01,5.807791259408410411e+01,3.813202024671691959e+01,7.598727208545965084e+01,5.020458151768781363e+01,5.199779101459905917e+01,1.689017549541012642e+01,4.357941911631203169e+01,5.153787576987580366e+01,3.051384387477803983e+01,0.000000000000000000e+00,7.176593427557703819e+01,5.596870153469359366e+01,1.895225574337711549e+01,4.875649128542424648e+01,4.892574468528474796e+01,4.139957272328652493e+01,5.426322922304938601e+01,6.606993038608379720e+01,7.847128508733074170e+01,6.999145053993950683e+01,5.899637034800410618e+01,5.508082318005173050e+01,4.657762554421072565e+01,3.447192324335926372e+01,2.474182212643790280e+01,3.095910023829582514e+01,4.960464315144801617e+01,5.564777494841859351e+01,4.694199510387004182e+01,5.614759061600274492e+01,2.442954570537650127e+01,4.137479001981265014e+01,6.449011091960970532e+01,4.496342953523790698e+01,7.096511029675572502e+01,3.615532877170213766e+01,2.326395834310820376e+01,1.580443313377094405e+01,3.532504580630036628e+01,3.519310357104317610e+00,4.007072645052059556e+01
4.829340802507291386e+01,1.761367875015821483e+01,5.167379842439685689e+01,5.989124562564301613e+01,6.456208327849751072e+01,2.605881101776222053e+01,5.211242213085160557e+01,3.894187493529040012e+01,4.537941600483235760e+01,5.367208004484190553e+01,1.302832210697618365e+01,4.626270729631750811e+01,3.008942940946444367e+01,5.594830423363738703e+01,3.241567161720560364e+01,2.888738758499905046e+01,4.960978884377147580e+01,7.176593427557703819e+01,0.000000000000000000e+00,2.668676982833713751e+01,6.093487071485279216e+01,4.093433404505794471e+01,5.038858152651327771e+01,3.135712728097828972e+01,2.783184541930118172e+01,1.009917053093341011e+01,1.289177546159529086e+01,1.912801687097147152e+01,5.363488324453609124e+01,2.990394442421710153e+01,4.117526665147303788e+01,3.788126799501133490e+01,5.050044697650656644e+01,4.131078533805182218e+01,4.221933337529042518e+01,1.638330328584262929e+01,2.811381066784033678e+01,2.718206316991429716e+01,4.848667536923635168e+01,4.548246603186807846e+01,1.821222218605641530e+01,4.922626490476211814e+01,1.973254163922748816e+01,3.889105381463379985e+01,5.596957254779493951e+01,6.389225271663922712e+01,3.687768857103034748e+01,7.217924994993653343e+01,4.259225122560458487e+01
2.219111102845033656e+01,2.581343683140812573e+01,3.444510757047152794e+01,4.586115234626425519e+01,4.700805746481525915e+01,1.429239339925317687e+01,3.909899914183222336e+01,1.230653875210497183e+01,5.592465397966806506e+01,2.834589502997804900e+01,3.841103049931500379e+01,5.284953292066866481e+01,3.794089515404358082e+01,3.908707533073680906e+01,1.267068117964468854e+01,3.618384009563368409e+01,4.522931203175345161e+01,5.596870153469359366e+01,2.668676982833713751e+01,0.000000000000000000e+00,5.200126521107356581e+01,4.700805746481525915e+01,5.596870153469359366e+01,2.731070980449351282e+01,1.754792081893765898e+00,1.673437080922181508e+01,3.913076285955753519e+01,4.015224123495223552e+01,6.327973504040247121e+01,4.008028912068013483e+01,4.594391217645472381e+01,2.334011268335188305e+01,4.217538168924795627e+01,2.641314255750691586e+01,4.874380487692204866e+01,1.638330328584263285e+01,3.015101376259645249e+01,3.809262713497004427e+01,3.821947256992702080e+01,2.017158365891302907e+01,3.579473819034225102e+01,2.289254608277754244e+01,4.117090339839568713e+01,3.486790594802006638e+01,3.512031550059251117e+01,5.380750087818441330e+01,2.873719108470621464e+01,5.753857517364930629e+01,4.328335135808651302e+01
4.753526492994202357e+01,4.367345531011273607e+01,2.229004116063986984e+01,1.208470983331997139e+01,2.086732947514898484e+01,3.941222676390177071e+01,1.403187168229824699e+01,5.078581244278745999e+01,3.951071852061181744e+01,4.426325762984221512e+01,6.243293338346040144e+01,3.160863305942361023e+01,3.620820631057708283e+01,1.977572475854686829e+01,3.954210886960161275e+01,3.618241698694206576e+01,1.304274206043972306e+01,1.895225574337711549e+01,6.093487071485279216e+01,5.200126521107356581e+01,0.000000000000000000e+00,3.089896506756767280e+01,3.005357217901249456e+01,2.964499224885758366e+01,5.054176634566294979e+01,5.753255191701382643e+01,6.516838106811448483e+01,5.512444244500887436e+01,4.005338282323080534e+01,3.892358096755863528e+01,2.882885779171245844e+01,2.868902703752859651e+01,1.052814210217479562e+01,2.588182555963098963e+01,3.150264069748524065e+01,4.623764768201789366e+01,3.340988067510929227e+01,4.051078572585886661e+01,1.380982522970092141e+01,4.393403944594073351e+01,5.005357643682970803e+01,4.918643618444615129e+01,5.598132961435022992e+01,2.217821796408393809e+01,2.965607654405772209e+01,3.603894689888662128e+00,2.480987838033686899e+01,1.673490180393358173e+01,2.279304016320272908e+01
5.599012689768979811e+01,2.472303552569382390e+01,3.898964073828896204e+01,3.790435372685931270e+01,4.670184719958999153e+01,3.313625013459882496e+01,3.236141080155886840e+01,5.311939554156482757e+01,1.081034321258903752e+01,5.665889979696126488e+01,3.695352446524244527e+01,5.887346083326418622e+00,1.089423977130697985e+01,4.039924566673526130e+01,3.909841578712715915e+01,1.230560566692922997e+01,1.825482871872390689e+01,4.875649128542424648e+01,4.093433404505794471e+01,4.700805746481525915e+01,3.089896506756767280e+01,0.000000000000000000e+00,9.605872685359187813e+00,2.081493497580673946e+01,4.641118377150584706e+01,4.268021831815988776e+01,3.988827890851494828e+01,2.789527803252552829e+01,1.655804805371268884e+01,1.139352141592780754e+01,2.223897485694760867e+00,3.202173940014904474e+01,2.450078834745718126e+01,3.255966110778852851e+01,1.758674614929100821e+00,3.285335347436144815e+01,1.687868233129228557e+01,1.401879530646380623e+01,2.682549081166056837e+01,5.169008302533988797e+01,2.441159242331701051e+01,5.769983260232614697e+01,2.844393233503233631e+01,1.699172031635958646e+01,4.757980236487069448e+01,3.450164619736980853e+01,2.346901836465425717e+01,4.721191370801626164e+01,8.895589942779047021e+00
6.304807577723736500e+01,3.432761655671290413e+01,4.334117447089182917e+01,3.951057292637521812e+01,4.875649128542424648e+01,4.185289272263686655e+01,3.554206630168102521e+01,6.120216246234830493e+01,1.043401713366501582e+01,6.290139347977154927e+01,4.554851192831467444e+01,4.238593135126684786e+00,2.046576697755542895e+01,4.378773386618656360e+01,4.717608814101937043e+01,2.190971992162792148e+01,1.967397939049408606e+01,4.892574468528474796e+01,5.038858152651327771e+01,5.596870153469359366e+01,3.005357217901249456e+01,9.605872685359187813e+00,0.000000000000000000e+00,2.904269093833938697e+01,5.525670897098876111e+01,5.227951886113461910e+01,4.847203485062224360e+01,3.616919143650154211e+01,1.037259157139871668e+01,2.055618904368603239e+01,1.010763226977953799e+01,3.891954539649838551e+01,2.685076540301302117e+01,3.876203155823480984e+01,8.178760858029127334e+00,4.232026429045144766e+01,2.608196955854518606e+01,2.326395834310820376e+01,3.038453924523334848e+01,5.876024760537659120e+01,3.335282401635284799e+01,6.479063826971668050e+01,3.656020102960120965e+01,2.335737387743819227e+01,5.212800178039481835e+01,3.346978983218487258e+01,3.035525225464570553e+01,4.678143175680489918e+01,1.382704562026607853e+01
3.554684914171186705e+01,1.463817209700810373e+01,2.397707623992924297e+01,2.930235975104890045e+01,3.555478143039015038e+01,1.302183236372419373e+01,2.160193304768858624e+01,3.232385025056873218e+01,3.101456957854893659e+01,3.705545282046717404e+01,3.461282556434058222e+01,2.637230823883749764e+01,1.502078737277399867e+01,2.729213904701972737e+01,1.828948818543530663e+01,1.361810317636958878e+01,1.935456723749500085e+01,4.139957272328652493e+01,3.135712728097828972e+01,2.731070980449351282e+01,2.964499224885758366e+01,2.081493497580673946e+01,2.904269093833938697e+01,0.000000000000000000e+00,2.643162675923728600e+01,2.827133565890734701e+01,3.707217950543186902e+01,2.938370017321778249e+01,3.736844001277750493e+01,1.825358769893512090e+01,1.933682698181139159e+01,1.253041094799961286e+01,1.916050867591879836e+01,1.445533365701595230e+01,2.256799821634042047e+01,1.691063935726489831e+01,6.671692457084281713e+00,1.784313753338476971e+01,1.731258098868097406e+01,3.127891505846396925e+01,2.368897959690157151e+01,3.721726863229114457e+01,3.043780159952870079e+01,8.242002711085595124e+00,3.116428405375897270e+01,3.254005097036614558e+01,6.190118199403214838e+00,4.137257498273606160e+01,1.597546860281104486e+01
2.073902608016604532e+01,2.587790061823990939e+01,3.274921901574571592e+01,4.422679522871598579e+01,4.527844805763574954e+01,1.343002735067033981e+01,3.753207465346329030e+01,1.111948742847380345e+01,5.552444293811411313e+01,2.676761969963000354e+01,3.929542770868400936e+01,5.222508239791961415e+01,3.759428642709147539e+01,3.738729499257824074e+01,1.109139581650942574e+01,3.583729218871012279e+01,4.403709808073200804e+01,5.426322922304938601e+01,2.783184541930118172e+01,1.754792081893765898e+00,5.054176634566294979e+01,4.641118377150584706e+01,5.525670897098876111e+01,2.643162675923728600e+01,0.000000000000000000e+00,1.799712871315337992e+01,4.012215664853727759e+01,4.065252262467605959e+01,6.276928689612353907e+01,3.984553931006199434e+01,4.527844805763574954e+01,2.185641142483010313e+01,4.080319921657117277e+01,2.486489378024440455e+01,4.815571139399775547e+01,1.659387409946032932e+01,2.960872868103745503e+01,3.794305858582944779e+01,3.678338317081161790e+01,1.856331699899165955e+01,3.613354326530922833e+01,2.151615984650138813e+01,4.168862274306347615e+01,3.382131306698864393e+01,3.336552371945687412e+01,5.229210381019291276e+01,2.754684661740866147e+01,5.585902150049346204e+01,4.240172328027676940e+01
3.867402988105697403e+01,1.797091070201258844e+01,4.509532277045362747e+01,5.462275822939626124e+01,5.813349158749048939e+01,1.930837066886909881e+01,4.699864882039681646e+01,2.903785881810425806e+01,4.915966278738400774e+01,4.438298543434110854e+01,2.264329330946783614e+01,4.843066405640864502e+01,3.196529953357865139e+01,4.960036718583237558e+01,2.418776113117294457e+01,3.041278094026163714e+01,4.756173561308843034e+01,6.606993038608379720e+01,1.009917053093341011e+01,1.673437080922181508e+01,5.753255191701382643e+01,4.268021831815988776e+01,5.227951886113461910e+01,2.827133565890734701e+01,1.799712871315337992e+01,0.000000000000000000e+00,2.289238854911960530e+01,2.669136721070072582e+01,5.725858857105674105e+01,3.282407233378877720e+01,4.238953214593661301e+01,3.160363772748605271e+01,4.701434981535390278e+01,3.511773558043400811e+01,4.420868780194063419e+01,1.136412868981361868e+01,2.720146649752642531e+01,3.024316894446400283e+01,4.421995974178869915e+01,3.614173193520147009e+01,2.388817892067653048e+01,3.950581806792720840e+01,2.753501396086635111e+01,3.644759822653757908e+01,4.826101113208180493e+01,6.013394513071692415e+01,3.274251693624065496e+01,6.690774724694520614e+01,4.221415965610063381e+01
6.010663586230249678e+01,2.251347174560364550e+01,5.990111509784738075e+01,6.637067027580772560e+01,7.229231642463739149e+01,3.575810889160143802e+01,5.867023652913577791e+01,5.122167568168828922e+01,4.119018134445391155e+01,6.500602322994221538e+01,2.934996609028044379e+00,4.423668652190453088e+01,3.015915626672677163e+01,6.379109875323454304e+01,4.303298087827099749e+01,2.961369013204214440e+01,5.271154802383330917e+01,7.847128508733074170e+01,1.289177546159529086e+01,3.913076285955753519e+01,6.516838106811448483e+01,3.988827890851494828e+01,4.847203485062224360e+01,3.707217950543186902e+01,4.012215664853727759e+01,2.289238854911960530e+01,0.000000000000000000e+00,1.242875126973464539e+01,4.919549942909387852e+01,2.858045584340554868e+01,4.080760461833885699e+01,4.634056743836984538e+01,5.525470986344051738e+01,4.951037294482813422e+01,4.073851181032141255e+01,2.614555032316196659e+01,3.191010265335478380e+01,2.614639384208057749e+01,5.423506708452742942e+01,5.696905103321071095e+01,1.565919391950622419e+01,6.117225668849699360e+01,1.227862240256499149e+01,4.317714699613842555e+01,6.537756993388246940e+01,6.845855217863943665e+01,4.318423576498473437e+01,7.836207663339497742e+01,4.412671114210532153e+01
5.859849993331674511e+01,1.667923114271071228e+01,5.329356717922774322e+01,5.794250332223396072e+01,6.485006179749855448e+01,3.236090356683757108e+01,5.052202973185170976e+01,5.115704253562061155e+01,2.877905341970029696e+01,6.240249161980626980e+01,9.576736723493739945e+00,3.194577036260126590e+01,1.905464976753615503e+01,5.667080017000834857e+01,4.023729300034274559e+01,1.894242778145552819e+01,4.226662005580600834e+01,6.999145053993950683e+01,1.912801687097147152e+01,4.015224123495223552e+01,5.512444244500887436e+01,2.789527803252552829e+01,3.616919143650154211e+01,2.938370017321778249e+01,4.065252262467605959e+01,2.669136721070072582e+01,1.242875126973464539e+01,0.000000000000000000e+00,3.683305136561522630e+01,1.688740913639844976e+01,2.902483241745479248e+01,4.060348861061080328e+01,4.580421598608242562e+01,4.331325445372504390e+01,2.860631302955035338e+01,2.431951720018286878e+01,2.317292200167067406e+01,1.478320989146729403e+01,4.556808022770938038e+01,5.490757443213946942e+01,5.723551486133677813e+00,5.992738980724420372e+01,1.111948742847380878e+00,3.389172862006741127e+01,5.992932798744686096e+01,5.856762581982705029e+01,3.553372911992045857e+01,6.946121105877210766e+01,3.308583712454905168e+01
7.233748237762088706e+01,3.950550118668067512e+01,5.356354635252247931e+01,4.984786794758712603e+01,5.910865159050408835e+01,4.960216269126905786e+01,4.588479263726517132e+01,6.967741084756643488e+01,8.256009551499408516e+00,7.261965249530291544e+01,4.639789014592599870e+01,1.120772735054941194e+01,2.569385401906097144e+01,5.413123826072826716e+01,5.565516253423022874e+01,2.740515929211439428e+01,3.004583079647427013e+01,5.899637034800410618e+01,5.363488324453609124e+01,6.327973504040247121e+01,4.005338282323080534e+01,1.655804805371268884e+01,1.037259157139871668e+01,3.736844001277750493e+01,6.276928689612353907e+01,5.725858857105674105e+01,4.919549942909387852e+01,3.683305136561522630e+01,0.000000000000000000e+00,2.443596128680233193e+01,1.812655167550444091e+01,4.824219641618748255e+01,3.721630191760940676e+01,4.842253735754346167e+01,1.480201446039761493e+01,4.841391560300800023e+01,3.316107819983817251e+01,2.702997380634928248e+01,4.067084020415697410e+01,6.803550452839678542e+01,3.556313224846802967e+01,7.406175283966987877e+01,3.691687720996521449e+01,3.280540023706337394e+01,6.233770015906134887e+01,4.336600097104784624e+01,3.963326696452662645e+01,5.670938588521641321e+01,2.347614271668814112e+01
5.310788353164273445e+01,1.515075037870136754e+01,4.116461494102254193e+01,4.333777753346198836e+01,5.120991333523680566e+01,2.758541561774888962e+01,3.650818888753975955e+01,4.826515313289307585e+01,1.640068459461539163e+01,5.517124000365866721e+01,2.565016981342377278e+01,1.638317610597878371e+01,3.335846228542140857e+00,4.370659575167313449e+01,3.484177540820643770e+01,4.651372660462580022e+00,2.590023566217134388e+01,5.508082318005173050e+01,2.990394442421710153e+01,4.008028912068013483e+01,3.892358096755863528e+01,1.139352141592780754e+01,2.055618904368603239e+01,1.825358769893512090e+01,3.984553931006199434e+01,3.282407233378877720e+01,2.858045584340554868e+01,1.688740913639844976e+01,2.443596128680233193e+01,0.000000000000000000e+00,1.223091208220889392e+01,3.078383282502718288e+01,3.038087103569553804e+01,3.250392311420022651e+01,1.245689731492254992e+01,2.437450162299156275e+01,1.184526837325418036e+01,2.721881254302803477e+00,3.111432152347081725e+01,4.893218183520279041e+01,1.302607553584686961e+01,5.470511342820169176e+01,1.756919911287339886e+01,1.933928592942513092e+01,4.900139927157380271e+01,4.245745471129864512e+01,2.339055408669156577e+01,5.413187255850750290e+01,1.637963647361659270e+01
5.424031000069142294e+01,2.452217456815279562e+01,3.683725456672659249e+01,3.568656989070048269e+01,4.447794971389522800e+01,3.191989274030582990e+01,3.014599058439821277e+01,5.165610188417196014e+01,1.289653909553895339e+01,5.475002251183354929e+01,3.787879420968392452e+01,7.035481787731197478e+00,1.111891092785647928e+01,3.819684344943238585e+01,3.761561585890687809e+01,1.230560566692922997e+01,1.609512258874578805e+01,4.657762554421072565e+01,4.117526665147303788e+01,4.594391217645472381e+01,2.882885779171245844e+01,2.223897485694760867e+00,1.010763226977953799e+01,1.933682698181139159e+01,4.527844805763574954e+01,4.238953214593661301e+01,4.080760461833885699e+01,2.902483241745479248e+01,1.812655167550444091e+01,1.223091208220889392e+01,0.000000000000000000e+00,3.019338062544222723e+01,2.228067568729513326e+01,3.060210010411131876e+01,3.603384028237204273e+00,3.224557449164615974e+01,1.597546860281104486e+01,1.470746415776865312e+01,2.461413002054424837e+01,4.993814936698064599e+01,2.520895882136317567e+01,5.595928771224022569e+01,2.963608218129061100e+01,1.498079433674843308e+01,4.545336942411393721e+01,3.243275242059879560e+01,2.160364743610503524e+01,4.506812615250377263e+01,6.671692457084285266e+00
2.413674075216236048e+01,2.432068320599797318e+01,1.379508353970724244e+01,2.325379561391367744e+01,2.671724971844315277e+01,1.229526815699490427e+01,1.597200725574083968e+01,2.349230769368211469e+01,4.267427161168385652e+01,2.475635713494294876e+01,4.425752875631796002e+01,3.703641034761196238e+01,2.754034444902751844e+01,1.811323744765526556e+01,1.087682011917512881e+01,2.614749385391674252e+01,2.353195063525119934e+01,3.447192324335926372e+01,3.788126799501133490e+01,2.334011268335188305e+01,2.868902703752859651e+01,3.202173940014904474e+01,3.891954539649838551e+01,1.253041094799961286e+01,2.185641142483010313e+01,3.160363772748605271e+01,4.634056743836984538e+01,4.060348861061080328e+01,4.824219641618748255e+01,3.078383282502718288e+01,3.019338062544222723e+01,0.000000000000000000e+00,1.918952405528786187e+01,3.514098424848635549e+00,3.370550203811702517e+01,2.151751145383901687e+01,1.909794333572823888e+01,3.029878961751774114e+01,1.497311809909483493e+01,1.984346791238316499e+01,3.489699227934394798e+01,2.587540302635416012e+01,4.170015201222355472e+01,1.556217329644749370e+01,1.933875511323977392e+01,3.047797856580778841e+01,8.609961761106585953e+00,3.543056165560863491e+01,2.509450521649509369e+01
