0.000000000000000000e+00,2.566948966635070306e+01,2.480161409445610232e+01,8.249994710548536503e+00,2.312888787513878341e+01,3.018954745127972572e+01,1.513554578228932179e+01,3.044331650911026799e+01,2.411363303284967685e+01,8.829147907801623063e+00,2.727456920789766670e+01,2.115403433347378481e+01,6.811842330766841869e+00,2.315560157602176261e+01,2.411363303284967685e+01,1.626017183118973364e+01,3.464484018498274054e+01,2.917998519638124222e+01,2.081095137749724699e+01,1.128765046617907508e+01,1.980961154792764134e+01,2.553362248900008780e+01,2.370582071223331155e+01,6.899180285070342755e+00,2.957233975559504913e+01,1.627424726472905192e+01,2.724231998320668868e+00,3.987581557109638197e+01,2.594225560799001329e+01,3.004417859186686357e+01,2.324274981764803627e+01,2.355267149281073813e+01,1.225073174805054421e+01,4.215989459769443215e+01,1.551054049168943649e+01,2.350929758508614142e+01,2.897576119651177962e+01,4.353843587679224925e+01,3.487604538261689413e+01,3.795537570509318215e+01,2.513190999457895813e+01,2.723687705138508974e+01,1.692613427657988012e+01,9.534813903854775674e+00,2.407191173510440407e+01,1.690770339661122890e+01,9.881185095451749945e+00,4.238752631199538001e+01,2.221942475741952450e+01
2.566948966635070306e+01,0.000000000000000000e+00,4.323109430959304689e+01,3.203221373569336805e+01,1.580287079387301041e+01,4.012240474425470182e+01,1.440935404425565913e+01,5.362067935171894817e+01,6.380551156876991037e+00,3.427002068303325188e+01,3.014544607249219865e+01,1.000753868562642346e+01,3.135901909092411444e+01,1.470874281325253463e+01,3.489688810571568922e+01,2.539019735834020608e+01,1.623919819884821791e+01,3.346905212369530602e+01,3.051132638716040546e+01,2.962585215656687510e+01,8.159619018503930121e+00,2.606445425400425897e+00,2.570380683621618090e+01,1.914850012508253840e+01,3.560831594739997286e+01,3.468593171011998777e+01,2.788456922783554148e+01,3.514386609552566654e+01,1.440834640148924883e+01,5.287148623242283207e+01,2.668676982833713396e+01,2.019885556629354895e+01,1.757611060059152308e+01,1.652788972525040734e+01,4.086144879452985634e+01,4.527511102069988169e+01,5.193954260382360388e+01,4.072220572018625973e+01,1.565774913711026173e+01,4.006375187742949606e+01,3.731892651136937644e+01,1.864299893095535054e+01,1.184405801826002680e+01,3.515138403698773573e+01,2.240451844380276114e+01,3.448931904989120767e+01,1.581169597684921158e+01,1.730416503042119913e+01,1.120226934155299858e+01
2.480161409445610232e+01,4.323109430959304689e+01,0.000000000000000000e+00,2.836149242604018283e+01,3.100158806764044073e+01,1.360605882570147429e+01,2.882174058515724013e+01,1.433055498016858920e+01,4.471150955524067427e+01,2.442650223637016182e+01,2.151318595670010936e+01,3.417413790272933483e+01,2.678012694397130389e+01,3.188632642713896104e+01,1.222373906198311211e+01,1.825061467246080227e+01,4.317460154830155972e+01,2.017864761834064424e+01,1.478715243147795810e+01,3.449841177110816659e+01,4.085451061489502678e+01,4.173797682497172445e+01,4.850706713836327566e+01,3.002261605687927926e+01,1.823536404301335168e+01,3.776952282890661650e+01,2.539289177849607526e+01,3.381744806613623666e+01,3.443477893527083467e+01,1.304168927651020482e+01,2.108459502726191559e+01,2.762733540608806493e+01,2.578972415761819192e+01,5.857972727460617790e+01,1.830819370514801037e+01,6.899511550009640004e+00,1.270553616098125183e+01,3.414718274057778302e+01,4.398320962864847417e+01,2.586114352004535633e+01,1.009319199589632809e+01,5.116775542339411231e+01,3.139739234096603582e+01,2.086310517643736162e+01,2.606132040368515135e+01,3.875511688968580870e+01,3.029906057889347792e+01,6.030116715530531479e+01,3.389059318183053904e+01
8.249994710548536503e+00,3.203221373569336805e+01,2.836149242604018283e+01,0.000000000000000000e+00,3.132334671691693728e+01,3.637463816369015035e+01,2.317268341216858829e+01,3.005354154411143242e+01,2.919354223512727842e+01,4.447794971389521734e+00,3.496077660548412069e+01,2.892903257596082511e+01,1.758935706001258259e+00,3.130360393854789436e+01,3.059967563048849115e+01,2.397440324208585949e+01,4.253600380409608306e+01,3.656834548463347545e+01,2.789403355255327455e+01,6.671692457084289707e+00,2.502310111545569882e+01,3.234619370169249208e+01,2.261160526184747965e+01,1.304168927651021015e+01,3.664722975342310463e+01,9.503802578169286974e+00,5.562751706709810229e+00,4.788503595289128612e+01,3.403964066389109178e+01,3.002261605687927570e+01,3.109202593088119571e+01,3.179349571389512974e+01,2.045569232036358898e+01,4.816421661955910594e+01,1.341282242529541158e+01,2.506271932165781990e+01,2.891066731403189749e+01,5.131323120351402167e+01,4.269557763628447589e+01,4.527489226718437720e+01,3.113186764326508538e+01,2.897598252953372011e+01,2.473201095475873856e+01,7.902056386814756195e+00,3.225679292599846804e+01,1.043401713366502115e+01,1.693779638435399804e+01,4.782478887664186118e+01,3.012965459866384421e+01
2.312888787513878341e+01,1.580287079387301041e+01,3.100158806764044073e+01,3.132334671691693728e+01,0.000000000000000000e+00,2.505995128355259283e+01,8.455317531608084636e+00,4.362265998550181934e+01,2.058822349003143515e+01,3.148084321618387094e+01,1.445533365701594519e+01,6.188795858545242723e+00,2.994073020590562351e+01,1.111948742847380434e+00,2.058822349003143160e+01,1.302766552967993441e+01,1.275200938065412970e+01,1.779117988555809049e+01,1.659829345653032817e+01,3.225679292599846804e+01,1.899143391222479593e+01,1.341243099733360467e+01,3.586012317329823418e+01,1.983877742279614509e+01,2.006117410491748032e+01,3.781789031008186441e+01,2.585311987345945184e+01,2.065986230081392350e+01,3.511771457156294129e+00,4.261152783090631146e+01,1.144698408676874557e+01,4.447794971389521734e+00,1.087815612708823743e+01,2.833049238746965059e+01,3.488148234351822907e+01,3.483747178190355953e+01,4.186507343528003844e+01,2.587578751457071036e+01,1.336739815116050600e+01,2.431905178744951002e+01,2.317196109847011343e+01,3.201331582872614234e+01,8.123433502504905590e+00,3.067505184192432210e+01,6.671692457084281713e+00,3.809477835110242694e+01,1.595992022947179123e+01,3.078161986926572524e+01,4.650834806579554837e+00
3.018954745127972572e+01,4.012240474425470182e+01,1.360605882570147429e+01,3.637463816369015035e+01,2.505995128355259283e+01,0.000000000000000000e+00,2.682501429344543808e+01,2.758978295870248942e+01,4.345121112459156620e+01,3.339751578202255189e+01,1.138946292087215539e+01,3.014550627625327905e+01,3.462410385389922141e+01,2.614652001005914883e+01,6.189382694655717110e+00,1.609307834137673865e+01,3.514571941277085187e+01,8.607003852882110451e+00,1.037056114765331571e+01,4.133860742255335907e+01,4.039816081904704959e+01,3.802561914628356732e+01,5.253978803117483665e+01,3.296183113340693893e+01,6.034691690347991688e+00,4.575663374603623623e+01,3.186251383907394796e+01,2.099782296831537209e+01,2.790515527123791983e+01,2.624548929039217526e+01,1.361763543059152681e+01,2.074059683950416400e+01,2.506053136118731928e+01,5.328892847451938763e+01,2.984997947091248349e+01,2.044563755179773423e+01,2.608008240104028630e+01,2.064902753368231458e+01,3.613444483348609992e+01,1.228160869213727047e+01,5.270176396011182263e+00,5.259485284089479507e+01,2.894263091469100146e+01,3.028072862652859598e+01,1.860363181752151718e+01,4.657350923195303238e+01,3.149658941003590940e+01,5.584147140069350002e+01,2.919694004913305108e+01
1.513554578228932179e+01,1.440935404425565913e+01,2.882174058515724013e+01,2.317268341216858829e+01,8.455317531608084636e+00,2.682501429344543808e+01,0.000000000000000000e+00,3.962390394466764576e+01,1.667923114271071228e+01,2.380436045521639699e+01,1.856726759772180912e+01,6.380551156876994590e+00,2.189634328699978738e+01,8.233049528586564136e+00,2.112702611410022868e+01,1.120237072181547333e+01,1.953809993184038163e+01,2.161365301633847835e+01,1.667923114271070517e+01,2.380436045521639699e+01,1.361790246861602149e+01,1.303309795769839852e+01,2.845265864680121481e+01,1.138582085525386489e+01,2.325490581341758656e+01,2.936705777323370015e+01,1.783470296946473610e+01,2.809211953992078392e+01,1.087548477063374541e+01,3.879559191173981247e+01,1.440935404425565203e+01,1.053841329495834778e+01,3.513839311060821036e+00,3.017554886154340821e+01,2.845433727366582488e+01,3.109987754858475384e+01,3.790902664818312928e+01,3.284460109273774719e+01,1.982082790922367010e+01,2.962440055256320903e+01,2.339050538317768613e+01,2.625175109853019606e+01,2.606793874840016123e+00,2.352946343938451790e+01,1.206972224052862153e+01,2.963946140441496269e+01,7.576500943866001592e+00,3.156425808955146906e+01,7.152926794666263355e+00
3.044331650911026799e+01,5.362067935171894817e+01,1.433055498016858920e+01,3.005354154411143242e+01,4.362265998550181934e+01,2.758978295870248942e+01,3.962390394466764576e+01,0.000000000000000000e+00,5.372943067791533878e+01,2.561111785923561968e+01,3.572207231955793105e+01,4.566287857599279931e+01,2.903889293733743315e+01,4.436741207876400495e+01,2.647344837931355954e+01,3.060183538729832264e+01,5.622566180254837320e+01,3.450728590225629944e+01,2.845433727366582843e+01,3.671961549039947670e+01,4.952803563860680214e+01,5.258861143010821593e+01,5.254511403282109683e+01,3.706468888834643849e+01,3.254671477850700967e+01,3.802686326173371612e+01,2.970270739741593857e+01,4.813572038876836245e+01,4.713199694938118967e+01,1.363042348882183452e+00,3.483411151598893696e+01,4.081105123517998834e+01,3.620172631256616569e+01,6.978476574632364304e+01,1.667923114271071228e+01,8.794025947304920265e+00,1.759066357920055612e+00,4.823880979920539858e+01,5.693586739105094807e+01,3.984981949180846783e+01,2.442240932470298986e+01,5.758125941757990063e+01,4.221368076200788977e+01,2.240541499663556380e+01,3.951811967131049386e+01,3.913254400100080943e+01,3.875211768384571798e+01,7.092410910429427418e+01,4.574870630401802174e+01
2.411363303284967685e+01,6.380551156876991037e+00,4.471150955524067427e+01,2.919354223512727842e+01,2.058822349003143515e+01,4.345121112459156620e+01,1.667923114271071228e+01,5.372943067791533878e+01,0.000000000000000000e+00,3.209842409218592252e+01,3.434142805098999673e+01,1.440935404425565203e+01,2.884150483690654809e+01,1.957224453796054675e+01,3.780625725681094451e+01,2.783197555540965240e+01,2.261774744867771858e+01,3.759014434464675958e+01,3.335846228542141745e+01,2.567839222353807216e+01,4.304557670371687905e+00,8.782334078761282470e+00,1.957001358591854512e+01,1.722077139547227986e+01,3.950753598916055154e+01,3.029956159020852979e+01,2.589322656457084548e+01,4.075353156454919912e+01,1.991162777143690477e+01,5.312152020545828890e+01,3.051132638716040546e+01,2.473483995292676951e+01,1.909789565944686984e+01,1.930587206453648008e+01,3.962390394466764576e+01,4.580977886527774245e+01,5.212292545864751503e+01,4.621596560374520379e+01,2.203627621698026573e+01,4.482118432446189615e+01,4.005325701894857815e+01,1.230070659824213664e+01,1.451917096168654808e+01,3.359427931761704400e+01,2.684433176833148238e+01,2.995069485745868576e+01,1.497736350161752483e+01,1.863267654460526401e+01,1.597420773743201927e+01
8.829147907801623063e+00,3.427002068303325188e+01,2.442650223637016182e+01,4.447794971389521734e+00,3.148084321618387094e+01,3.339751578202255189e+01,2.380436045521639699e+01,2.561111785923561968e+01,3.209842409218592252e+01,0.000000000000000000e+00,3.321985280240504324e+01,2.993722709443138186e+01,3.603511464059064640e+00,3.161800910318341096e+01,2.789403355255327455e+01,2.248403723617767369e+01,4.334226228519214885e+01,3.448002741700083362e+01,2.567839222353807216e+01,1.111948742847381055e+01,2.783032860461235458e+01,3.427630329668409814e+01,2.699808092624929046e+01,1.514708881295660703e+01,3.427630329668409814e+01,1.339198356960789482e+01,6.390277506044778733e+00,4.652298300314399171e+01,3.447276398387725038e+01,2.557482108548975575e+01,2.962585215656687510e+01,3.132334671691693728e+01,2.069605731435678209e+01,5.066633758147304434e+01,8.999411362690223015e+00,2.074394125331589223e+01,2.446287234264237398e+01,4.954797448511516933e+01,4.361242793202491441e+01,4.303471934066693194e+01,2.812734011580395332e+01,3.296806886816116133e+01,2.571243991018940633e+01,3.603511464059064640e+00,3.148084321618387094e+01,1.441468397444789140e+01,1.860746051132150214e+01,5.063764165717651622e+01,3.093951012061406303e+01
2.727456920789766670e+01,3.014544607249219865e+01,2.151318595670010936e+01,3.496077660548412069e+01,1.445533365701594519e+01,1.138946292087215539e+01,1.856726759772180912e+01,3.572207231955793105e+01,3.434142805098999673e+01,3.321985280240504324e+01,0.000000000000000000e+00,2.019885556629354895e+01,3.324761640175859867e+01,1.556728239986332518e+01,9.291369901201733228e+00,1.102267203953450903e+01,2.375823005672452837e+01,3.335846228542144853e+00,8.157614512431900167e+00,3.839905756954745186e+01,3.193261272780685900e+01,2.783192660400089480e+01,4.658321466804140698e+01,2.762733540608806493e+01,5.723472237948802999e+00,4.354683616565932880e+01,2.961993380018128974e+01,1.362813483123122360e+01,1.689921803671367684e+01,3.448002741700083362e+01,4.303291074425334983e+00,1.000753868562642346e+01,1.809118436866324586e+01,4.222683736967915991e+01,3.274225862238200335e+01,2.734072653792389218e+01,3.402883395752979112e+01,1.636204838384411175e+01,2.475225778975169888e+01,1.119295167984121164e+01,1.162325380283225407e+01,4.478103823806036132e+01,2.008819463526137028e+01,3.093594019247035831e+01,7.783641199931662591e+00,4.415306818702104152e+01,2.498822974402837005e+01,4.499376243024116206e+01,1.895193014530753572e+01
2.115403433347378481e+01,1.000753868562642346e+01,3.417413790272933483e+01,2.892903257596082511e+01,6.188795858545242723e+00,3.014550627625327905e+01,6.380551156876994590e+00,4.566287857599279931e+01,1.440935404425565203e+01,2.993722709443138186e+01,2.019885556629354895e+01,0.000000000000000000e+00,2.778414200935212008e+01,5.212803863399034121e+00,2.506024114523766855e+01,1.597456321088958831e+01,1.363145141641650149e+01,2.350863834793952734e+01,2.074094706570274838e+01,2.867144512751954011e+01,1.291240539448171454e+01,7.901449744065005554e+00,3.027584346082742073e+01,1.632526344338664614e+01,2.561092171874184942e+01,3.420131939586060810e+01,2.379326942378568432e+01,2.668485396807959020e+01,6.378275246344077942e+00,4.478074677951764926e+01,1.667923114271071228e+01,1.037021092143547030e+01,9.873709166019013495e+00,2.441064051851003924e+01,3.483411151598893696e+01,3.702749794743753142e+01,4.393054804713193562e+01,3.200014758200151022e+01,1.376683542933099247e+01,3.043524504266436992e+01,2.753931158387395683e+01,2.588956625541432643e+01,4.227900149559179255e+00,2.984385745578062554e+01,1.252990322483993957e+01,3.432761655671290413e+01,1.224168693930702290e+01,2.624708706726921292e+01,1.756208340553932823e+00
6.811842330766841869e+00,3.135901909092411444e+01,2.678012694397130389e+01,1.758935706001258259e+00,2.994073020590562351e+01,3.462410385389922141e+01,2.189634328699978738e+01,2.903889293733743315e+01,2.884150483690654809e+01,3.603511464059064640e+00,3.324761640175859867e+01,2.778414200935212008e+01,0.000000000000000000e+00,2.996137105123110445e+01,2.884150483690654809e+01,2.227616506968278998e+01,4.134999433632435739e+01,3.482776775768317634e+01,2.614308322388388817e+01,7.902056386814764188e+00,2.461142035371983994e+01,3.154283814686678866e+01,2.350941463852653968e+01,1.223330805836252644e+01,3.489280784873884755e+01,1.120670045859370312e+01,4.087610332446172556e+00,4.622368337452886067e+01,3.273423138399739685e+01,2.894277300732876412e+01,2.940562527306357410e+01,3.026929476169452116e+01,1.906257407881738786e+01,4.762892840751356260e+01,1.253150626607263973e+01,2.370599483661007412e+01,2.783210698116556969e+01,4.960479637842062317e+01,4.154389993370163836e+01,4.352773735814110978e+01,2.938447280805897321e+01,2.936748792975670597e+01,2.356666305968300534e+01,6.671692457084281713e+00,3.067505184192432210e+01,1.210823873578986287e+01,1.597893347249124041e+01,4.744213065888415315e+01,2.892555267405086994e+01
2.315560157602176261e+01,1.470874281325253463e+01,3.188632642713896104e+01,3.130360393854789436e+01,1.111948742847380434e+00,2.614652001005914883e+01,8.233049528586564136e+00,4.436741207876400495e+01,1.957224453796054675e+01,3.161800910318341096e+01,1.556728239986332518e+01,5.212803863399034121e+00,2.996137105123110445e+01,0.000000000000000000e+00,2.161365301633847835e+01,1.381084281524659652e+01,1.220708864432352492e+01,1.890312862840546870e+01,1.757518010862289870e+01,3.200667273840544880e+01,1.809118436866324942e+01,1.230672235421268823e+01,3.514619188089381652e+01,1.955630894547248744e+01,2.117070184751669970e+01,3.757188280356184151e+01,2.587702141279370238e+01,2.151014598935740807e+01,2.936536862894459254e+00,4.337364515970794088e+01,1.252990322483993246e+01,5.559743714236901724e+00,1.093483930984023367e+01,2.728561138403613029e+01,3.528676381641890458e+01,3.559235775337005236e+01,4.261152783090631146e+01,2.679136334271342079e+01,1.275200938065412970e+01,2.538863466454242968e+01,2.419009200914885227e+01,3.109244570685834574e+01,7.571998535563777999e+00,3.093594019247035831e+01,7.783641199931662591e+00,3.781789031008186441e+01,1.560740797411998315e+01,2.969810316198361377e+01,3.602118036801789547e+00
2.411363303284967685e+01,3.489688810571568922e+01,1.222373906198311211e+01,3.059967563048849115e+01,2.058822349003143160e+01,6.189382694655717110e+00,2.112702611410022868e+01,2.647344837931355954e+01,3.780625725681094451e+01,2.789403355255327455e+01,9.291369901201733228e+00,2.506024114523766855e+01,2.884150483690654809e+01,2.161365301633847835e+01,0.000000000000000000e+00,1.009955145842186042e+01,3.187516184106168282e+01,8.233049528586564136e+00,4.447794971389525287e+00,3.532591839407036360e+01,3.457760233351746137e+01,3.295536795962663490e+01,4.635307413051491920e+01,2.677575712729469259e+01,6.888764164180317451e+00,3.988334685322245576e+01,2.589322656457084193e+01,2.199474865929117939e+01,2.376188968542189883e+01,2.521681298376507385e+01,9.495716578243010630e+00,1.659829345653032817e+01,1.909789565944686629e+01,4.889346037190534844e+01,2.540086846526680375e+01,1.824592530100002108e+01,2.479653901140126848e+01,2.320448034334073029e+01,3.277404693823618231e+01,1.559860617655994197e+01,2.606881114259158139e+00,4.657425419459624294e+01,2.339049566047044593e+01,2.498223689200720088e+01,1.470220069739710134e+01,4.066619341120045306e+01,2.539109331526196911e+01,5.115918419554366636e+01,2.432044972171439667e+01
1.626017183118973364e+01,2.539019735834020608e+01,1.825061467246080227e+01,2.397440324208585949e+01,1.302766552967993441e+01,1.609307834137673865e+01,1.120237072181547333e+01,3.060183538729832264e+01,2.783197555540965240e+01,2.248403723617767369e+01,1.102267203953450903e+01,1.597456321088958831e+01,2.227616506968278998e+01,1.381084281524659652e+01,1.009955145842186042e+01,0.000000000000000000e+00,2.564956638267752353e+01,1.302766552967993618e+01,5.723710272628964368e+00,2.743752780010980530e+01,2.450066708250914260e+01,2.368828879799177756e+01,3.678377014379879029e+01,1.731188394546373388e+01,1.379152000908897158e+01,3.253441779701100245e+01,1.860038013260900414e+01,2.404463495778216497e+01,1.653344091007707206e+01,2.958419345608505324e+01,7.153720617268219506e+00,1.050578073398912160e+01,8.999004648604278955e+00,4.035031087473499412e+01,2.338796436106710175e+01,2.181282402127570208e+01,2.884353397577817901e+01,2.734583380052702140e+01,2.633926205902999484e+01,2.179478936701308811e+01,1.223143617132118699e+01,3.650706309848357733e+01,1.361783564784632894e+01,2.054365424671481222e+01,9.774163327365601006e+00,3.315555054002604862e+01,1.544592607846678689e+01,4.219813894769116303e+01,1.563997904272175887e+01
3.464484018498274054e+01,1.623919819884821791e+01,4.317460154830155972e+01,4.253600380409608306e+01,1.275200938065412970e+01,3.514571941277085187e+01,1.953809993184038163e+01,5.622566180254837320e+01,2.261774744867771858e+01,4.334226228519214885e+01,2.375823005672452837e+01,1.363145141641650149e+01,4.134999433632435739e+01,1.220708864432352492e+01,3.187516184106168282e+01,2.564956638267752353e+01,0.000000000000000000e+00,2.676815993404838068e+01,2.843071756507275438e+01,4.218574758684263770e+01,2.349477588836860420e+01,1.392849526124877002e+01,4.157534988944435383e+01,2.993194820911169529e+01,2.935430434998178839e+01,4.767616845996703745e+01,3.732176862458081246e+01,2.240411491092586260e+01,9.284348395396532894e+00,5.517703504480127208e+01,2.238539969336465418e+01,1.554815949475572623e+01,2.274608656135183793e+01,2.006108394390999550e+01,4.746102601288178846e+01,4.743163931305362979e+01,5.446659623945556916e+01,2.809545411739707887e+01,1.111948742847380434e+00,3.029777942175075367e+01,3.447214423998318011e+01,3.486691356451368762e+01,1.780451653550749214e+01,4.293432743551250752e+01,1.720895650439145541e+01,4.774095923896748417e+01,2.585163558786085147e+01,2.370366207896452337e+01,1.242727725721099574e+01
2.917998519638124222e+01,3.346905212369530602e+01,2.017864761834064424e+01,3.656834548463347545e+01,1.779117988555809049e+01,8.607003852882110451e+00,2.161365301633847835e+01,3.450728590225629944e+01,3.759014434464675958e+01,3.448002741700083362e+01,3.335846228542144853e+00,2.350863834793952734e+01,3.482776775768317634e+01,1.890312862840546870e+01,8.233049528586564136e+00,1.302766552967993618e+01,2.676815993404838068e+01,0.000000000000000000e+00,8.813316322129736591e+00,4.042260621355682559e+01,3.508733798356881550e+01,3.116421841726425157e+01,4.932905310504308716e+01,3.013190953834011765e+01,2.606358439941325766e+00,4.542295665130087201e+01,3.138327403111011904e+01,1.376355146749476432e+01,2.019876582659584230e+01,3.321985280240504324e+01,7.204299011886255322e+00,1.334338491416856698e+01,2.085330579178260990e+01,4.548319608160384320e+01,3.313639283078448727e+01,2.644417813734170508e+01,3.286436444061835971e+01,1.530793967631892727e+01,2.778801426077774295e+01,8.778462111622125974e+00,1.008545580445514389e+01,4.786393963341207325e+01,2.325466177887886587e+01,3.193885292139992416e+01,1.111948742847380700e+01,4.608503077220662192e+01,2.773218232535205630e+01,4.829399268337863305e+01,2.228047097748434524e+01
2.081095137749724699e+01,3.051132638716040546e+01,1.478715243147795810e+01,2.789403355255327455e+01,1.659829345653032817e+01,1.037056114765331571e+01,1.667923114271070517e+01,2.845433727366582843e+01,3.335846228542141745e+01,2.567839222353807216e+01,8.157614512431900167e+00,2.074094706570274838e+01,2.614308322388388817e+01,1.757518010862289870e+01,4.447794971389525287e+00,5.723710272628964368e+00,2.843071756507275438e+01,8.813316322129736591e+00,0.000000000000000000e+00,3.209842409218592252e+01,3.014562690633356823e+01,2.861795583026317402e+01,4.233811095707611116e+01,2.278403758478055963e+01,8.782334078761287799e+00,3.692124368135495871e+01,2.284923589789848464e+01,2.176872822494764392e+01,1.991162777143689766e+01,2.728907286166995405e+01,6.380551156876991037e+00,1.291113879864007252e+01,1.470911342714899561e+01,4.477504109481618855e+01,2.460972081464455741e+01,1.980561613311301272e+01,2.671671288690910018e+01,2.404191482015361814e+01,2.926647350684758209e+01,1.739727435473637129e+01,6.808934524499185237e+00,4.223026156308134205e+01,1.895199003326738918e+01,2.313199515053845801e+01,1.127527138754155089e+01,3.763435565101318048e+01,2.113950847747321049e+01,4.692357238420459709e+01,2.008847713603541862e+01
1.128765046617907508e+01,2.962585215656687510e+01,3.449841177110816659e+01,6.671692457084289707e+00,3.225679292599846804e+01,4.133860742255335907e+01,2.380436045521639699e+01,3.671961549039947670e+01,2.567839222353807216e+01,1.111948742847381055e+01,3.839905756954745186e+01,2.867144512751954011e+01,7.902056386814764188e+00,3.200667273840544880e+01,3.532591839407036360e+01,2.743752780010980530e+01,4.218574758684263770e+01,4.042260621355682559e+01,3.209842409218592252e+01,0.000000000000000000e+00,2.185827048574373421e+01,3.045618108598488050e+01,1.609512258874578450e+01,1.245987556536592678e+01,4.085874411156351016e+01,5.565395145204276695e+00,9.502254830989157242e+00,5.059689268780429217e+01,3.447276398387725749e+01,3.669430851396356275e+01,3.427002068303325188e+01,3.360838660743142015e+01,2.185827048574373777e+01,4.497831211776454552e+01,2.006143580659380987e+01,3.160805121819694463e+01,3.558235977111618809e+01,5.453716511150877011e+01,4.217109044658532468e+01,4.920106575899665557e+01,3.620010862984336342e+01,2.329944982052311531e+01,2.473201095475873501e+01,1.451943855480591417e+01,3.448002741700084073e+01,5.889220079299374966e+00,1.649399242988782532e+01,4.411298844150872611e+01,3.012965459866384421e+01
1.980961154792764134e+01,8.159619018503930121e+00,4.085451061489502678e+01,2.502310111545569882e+01,1.899143391222479593e+01,4.039816081904704959e+01,1.361790246861602149e+01,4.952803563860680214e+01,4.304557670371687905e+00,2.783032860461235458e+01,3.193261272780685900e+01,1.291240539448171454e+01,2.461142035371983994e+01,1.809118436866324942e+01,3.457760233351746137e+01,2.450066708250914260e+01,2.349477588836860420e+01,3.508733798356881550e+01,3.014562690633356823e+01,2.185827048574373421e+01,0.000000000000000000e+00,9.775301957449196166e+00,1.809678124519841447e+01,1.291621381899230059e+01,3.683361420243169704e+01,2.672480041681391327e+01,2.160069027883661974e+01,3.959412089019958358e+01,1.904987806882672530e+01,4.894371184381559203e+01,2.790632663748090536e+01,2.278020199433151305e+01,1.556728239986333229e+01,2.322293986517390252e+01,3.532006593520505078e+01,4.169983570035946485e+01,4.793546660375368873e+01,4.486704956481491990e+01,2.309671067368400799e+01,4.274238644804899678e+01,3.671951581316764646e+01,1.303615312157527306e+01,1.184457611731296289e+01,2.929084725982416515e+01,2.475694414529498388e+01,2.646911836923584715e+01,1.080805759858630388e+01,2.283071422838495579e+01,1.463741128083847798e+01
2.553362248900008780e+01,2.606445425400425897e+00,4.173797682497172445e+01,3.234619370169249208e+01,1.341243099733360467e+01,3.802561914628356732e+01,1.303309795769839852e+01,5.258861143010821593e+01,8.782334078761282470e+00,3.427630329668409814e+01,2.783192660400089480e+01,7.901449744065005554e+00,3.154283814686678866e+01,1.230672235421268823e+01,3.295536795962663490e+01,2.368828879799177756e+01,1.392849526124877002e+01,3.116421841726425157e+01,2.861795583026317402e+01,3.045618108598488050e+01,9.775301957449196166e+00,0.000000000000000000e+00,2.772542588539845099e+01,1.932176731054848418e+01,3.335846228542142455e+01,3.567594449981047688e+01,2.789262911361497643e+01,3.254360913028912705e+01,1.184336867319886721e+01,5.178873570456995878e+01,2.450061144096466492e+01,1.784302289442180722e+01,1.639075133421564701e+01,1.720979731625315878e+01,4.042559332895717006e+01,4.411830816361796082e+01,5.088556667045980220e+01,3.812970444489140931e+01,1.343139047785860818e+01,3.758905902074385352e+01,3.542276471348488798e+01,2.108304034211443678e+01,1.042630410233739191e+01,3.489280784873884755e+01,2.006117410491748743e+01,3.555443721825052705e+01,1.567077947152492889e+01,1.856507021960855397e+01,8.895589942779043469e+00
2.370582071223331155e+01,2.570380683621618090e+01,4.850706713836327566e+01,2.261160526184747965e+01,3.586012317329823418e+01,5.253978803117483665e+01,2.845265864680121481e+01,5.254511403282109683e+01,1.957001358591854512e+01,2.699808092624929046e+01,4.658321466804140698e+01,3.027584346082742073e+01,2.350941463852653968e+01,3.514619188089381652e+01,4.635307413051491920e+01,3.678377014379879029e+01,4.157534988944435383e+01,4.932905310504308716e+01,4.233811095707611116e+01,1.609512258874578450e+01,1.809678124519841447e+01,2.772542588539845099e+01,0.000000000000000000e+00,1.957811435406711098e+01,5.048919141958342038e+01,1.732030690190759259e+01,2.339063232524122782e+01,5.638367309677290251e+01,3.663819297395291130e+01,5.242124163613308951e+01,4.228841273921302957e+01,3.890310469924703796e+01,2.849866758413021373e+01,3.687631194990712657e+01,3.599749228431234371e+01,4.672171421796302582e+01,5.131275264540877856e+01,6.128113548389641352e+01,4.114186734015417812e+01,5.777256123040993430e+01,4.786957406424465944e+01,1.009984490936125745e+01,2.782478490599006804e+01,3.014605145921250795e+01,4.052209614444252850e+01,1.640372765587965986e+01,2.160364743610503169e+01,3.465714615356448292e+01,3.202930973225078759e+01
6.899180285070342755e+00,1.914850012508253840e+01,3.002261605687927926e+01,1.304168927651021015e+01,1.983877742279614509e+01,3.296183113340693893e+01,1.138582085525386489e+01,3.706468888834643849e+01,1.722077139547227986e+01,1.514708881295660703e+01,2.762733540608806493e+01,1.632526344338664614e+01,1.223330805836252644e+01,1.955630894547248744e+01,2.677575712729469259e+01,1.731188394546373388e+01,2.993194820911169529e+01,3.013190953834011765e+01,2.278403758478055963e+01,1.245987556536592678e+01,1.291621381899230059e+01,1.932176731054848418e+01,1.957811435406711098e+01,0.000000000000000000e+00,3.109368256139047304e+01,1.802436458618981518e+01,8.790766735046117830e+00,3.886951897955033530e+01,2.201586215688147519e+01,3.658568047112584765e+01,2.333904406799788589e+01,2.151318595670010936e+01,9.878689135792006581e+00,3.551970982108196040e+01,2.240776668149692341e+01,2.970174261158138052e+01,3.553997446714624431e+01,4.320978943397641814e+01,2.999384626241030105e+01,3.877356056258305728e+01,2.833599016226876444e+01,2.117084158164018604e+01,1.229658453704279708e+01,1.638142566127579514e+01,2.263347896979944096e+01,1.826287843640570685e+01,4.083576504079625025e+00,3.558081558101333997e+01,1.771953869829647488e+01
2.957233975559504913e+01,3.560831594739997286e+01,1.823536404301335168e+01,3.664722975342310463e+01,2.006117410491748032e+01,6.034691690347991688e+00,2.325490581341758656e+01,3.254671477850700967e+01,3.950753598916055154e+01,3.427630329668409814e+01,5.723472237948802999e+00,2.561092171874184942e+01,3.489280784873884755e+01,2.117070184751669970e+01,6.888764164180317451e+00,1.379152000908897158e+01,2.935430434998178839e+01,2.606358439941325766e+00,8.782334078761287799e+00,4.085874411156351016e+01,3.683361420243169704e+01,3.335846228542142455e+01,5.048919141958342038e+01,3.109368256139047304e+01,0.000000000000000000e+00,4.570357557553535344e+01,3.163156904232318212e+01,1.558982651570964251e+01,2.260960821299805801e+01,3.123779340165336293e+01,8.998853157974245676e+00,1.562650522694273114e+01,2.216335106678744893e+01,4.794990859795986182e+01,3.226053615135199237e+01,2.472004668204530731e+01,3.093951012061406303e+01,1.633712198043754427e+01,3.036873810682019581e+01,8.808686099952955928e+00,8.234042354508163797e+00,4.947232762821469265e+01,2.506009617014195001e+01,3.154283814686678511e+01,1.341243099733360111e+01,4.641495029346497603e+01,2.896652779452009341e+01,5.069749347211125468e+01,2.446287234264237753e+01
1.627424726472905192e+01,3.468593171011998777e+01,3.776952282890661650e+01,9.503802578169286974e+00,3.781789031008186441e+01,4.575663374603623623e+01,2.936705777323370015e+01,3.802686326173371612e+01,3.029956159020852979e+01,1.339198356960789482e+01,4.354683616565932880e+01,3.420131939586060810e+01,1.120670045859370312e+01,3.757188280356184151e+01,3.988334685322245576e+01,3.253441779701100245e+01,4.767616845996703745e+01,4.542295665130087201e+01,3.692124368135495871e+01,5.565395145204276695e+00,2.672480041681391327e+01,3.567594449981047688e+01,1.732030690190759259e+01,1.802436458618981518e+01,4.570357557553535344e+01,0.000000000000000000e+00,1.407200953916222197e+01,5.596870153469359366e+01,4.003448458807847032e+01,3.819751668477564266e+01,3.948677880676556384e+01,3.910380068539340925e+01,2.736484967082212094e+01,4.956922001751254214e+01,2.151930468635769955e+01,3.404008765693196636e+01,3.709729734675401147e+01,5.978227577569494144e+01,4.763725169447747021e+01,5.418910087432319500e+01,4.053788024266889067e+01,2.608364867124096520e+01,3.028755559454575774e+01,1.699408414877563089e+01,3.991743464192565938e+01,1.111948742847380434e+00,2.205035095135174572e+01,4.840425859717341694e+01,3.567594449981047688e+01
2.724231998320668868e+00,2.788456922783554148e+01,2.539289177849607526e+01,5.562751706709810229e+00,2.585311987345945184e+01,3.186251383907394796e+01,1.783470296946473610e+01,2.970270739741593857e+01,2.589322656457084548e+01,6.390277506044778733e+00,2.961993380018128974e+01,2.379326942378568432e+01,4.087610332446172556e+00,2.587702141279370238e+01,2.589322656457084193e+01,1.860038013260900414e+01,3.732176862458081246e+01,3.138327403111011904e+01,2.284923589789848464e+01,9.502254830989157242e+00,2.160069027883661974e+01,2.789262911361497643e+01,2.339063232524122782e+01,8.790766735046117830e+00,3.163156904232318212e+01,1.407200953916222197e+01,0.000000000000000000e+00,4.239721512212585708e+01,2.865741085880520700e+01,2.941996704767725035e+01,2.566811096237596246e+01,2.623293135162332845e+01,1.497496374637121264e+01,4.430245994299627199e+01,1.400114898881444070e+01,2.335092359979499221e+01,2.832801671038235369e+01,4.593946109455851712e+01,3.753648895879985048e+01,4.013804478016328403e+01,2.670568952626681991e+01,2.790956257703561860e+01,1.956772662297938581e+01,7.824323515284628883e+00,2.670009901542275799e+01,1.480002576296779004e+01,1.222971502671571820e+01,4.435261526347365191e+01,2.489449172024884760e+01
3.987581557109638197e+01,3.514386609552566654e+01,3.381744806613623666e+01,4.788503595289128612e+01,2.065986230081392350e+01,2.099782296831537209e+01,2.809211953992078392e+01,4.813572038876836245e+01,4.075353156454919912e+01,4.652298300314399171e+01,1.362813483123122360e+01,2.668485396807959020e+01,4.622368337452886067e+01,2.151014598935740807e+01,2.199474865929117939e+01,2.404463495778216497e+01,2.240411491092586260e+01,1.376355146749476432e+01,2.176872822494764392e+01,5.059689268780429217e+01,3.959412089019958358e+01,3.254360913028912705e+01,5.638367309677290251e+01,3.886951897955033530e+01,1.558982651570964251e+01,5.596870153469359366e+01,4.239721512212585708e+01,0.000000000000000000e+00,2.084635504817459406e+01,4.682761832151386727e+01,1.689713227087299430e+01,1.755370700574339438e+01,2.899437126610017046e+01,4.244990899215896718e+01,4.636948917594961728e+01,4.019662472302862710e+01,4.652298300314399171e+01,5.723038094977268564e+00,2.350825376793191879e+01,1.032856459438633223e+01,2.376012921217141383e+01,5.256342544116764515e+01,2.856500591424892477e+01,4.442319375981057306e+01,1.623641430247360873e+01,5.646357145790555876e+01,3.551125897239229801e+01,4.609265687229625286e+01,2.497725230804308794e+01
2.594225560799001329e+01,1.440834640148924883e+01,3.443477893527083467e+01,3.403964066389109178e+01,3.511771457156294129e+00,2.790515527123791983e+01,1.087548477063374541e+01,4.713199694938118967e+01,1.991162777143690477e+01,3.447276398387725038e+01,1.689921803671367684e+01,6.378275246344077942e+00,3.273423138399739685e+01,2.936536862894459254e+00,2.376188968542189883e+01,1.653344091007707206e+01,9.284348395396532894e+00,2.019876582659584230e+01,1.991162777143689766e+01,3.447276398387725749e+01,1.904987806882672530e+01,1.184336867319886721e+01,3.663819297395291130e+01,2.201586215688147519e+01,2.260960821299805801e+01,4.003448458807847032e+01,2.865741085880520700e+01,2.084635504817459406e+01,0.000000000000000000e+00,4.611747859313739895e+01,1.440834640148924173e+01,7.204047402837760572e+00,1.377670691770655331e+01,2.538818939983055856e+01,3.822330025395186937e+01,3.834544237139921563e+01,4.537420171660205881e+01,2.635616349206692632e+01,9.865444500253449434e+00,2.589752177708134795e+01,2.636242213110331534e+01,3.185286184018050193e+01,9.771887774492030942e+00,3.384842248472256898e+01,9.301523486531108276e+00,4.023473059833321486e+01,1.799007749720947658e+01,2.809588786352036038e+01,4.644146949031730642e+00
3.004417859186686357e+01,5.287148623242283207e+01,1.304168927651020482e+01,3.002261605687927570e+01,4.261152783090631146e+01,2.624548929039217526e+01,3.879559191173981247e+01,1.363042348882183452e+00,5.312152020545828890e+01,2.557482108548975575e+01,3.448002741700083362e+01,4.478074677951764926e+01,2.894277300732876412e+01,4.337364515970794088e+01,2.521681298376507385e+01,2.958419345608505324e+01,5.517703504480127208e+01,3.321985280240504324e+01,2.728907286166995405e+01,3.669430851396356275e+01,4.894371184381559203e+01,5.178873570456995878e+01,5.242124163613308951e+01,3.658568047112584765e+01,3.123779340165336293e+01,3.819751668477564266e+01,2.941996704767725035e+01,4.682761832151386727e+01,4.611747859313739895e+01,0.000000000000000000e+00,3.366945392182313412e+01,3.972842487179536874e+01,3.539810168414818037e+01,6.896952447146985321e+01,1.673483301251664912e+01,7.785790050584449062e+00,1.111948742847380434e+00,4.689414424196917253e+01,5.590056481621647322e+01,3.850057787515314089e+01,2.313452507831317462e+01,5.724169028598568332e+01,4.139240874669787473e+01,2.228069629744713609e+01,3.839905756954745186e+01,3.929839629485387320e+01,3.814859502928139534e+01,7.017489319855678787e+01,4.482694750060715450e+01
2.324274981764803627e+01,2.668676982833713396e+01,2.108459502726191559e+01,3.109202593088119571e+01,1.144698408676874557e+01,1.361763543059152681e+01,1.440935404425565203e+01,3.483411151598893696e+01,3.051132638716040546e+01,2.962585215656687510e+01,4.303291074425334983e+00,1.667923114271071228e+01,2.940562527306357410e+01,1.252990322483993246e+01,9.495716578243010630e+00,7.153720617268219506e+00,2.238539969336465418e+01,7.204299011886255322e+00,6.380551156876991037e+00,3.427002068303325188e+01,2.790632663748090536e+01,2.450061144096466492e+01,4.228841273921302957e+01,2.333904406799788589e+01,8.998853157974245676e+00,3.948677880676556384e+01,2.566811096237596246e+01,1.689713227087299430e+01,1.440834640148924173e+01,3.366945392182313412e+01,0.000000000000000000e+00,7.204299011886252657e+00,1.379211307955086419e+01,3.973463509164543694e+01,2.996874494193552607e+01,2.616900744235368137e+01,3.309535914876065021e+01,2.029720650590965647e+01,2.327892415154630967e+01,1.549469222274189129e+01,1.209879453447154063e+01,4.065994953557844127e+01,1.609282420785790180e+01,2.758315930301252195e+01,5.212803863399027904e+00,4.006187228254647437e+01,2.068950580927371874e+01,4.222736240240320882e+01,1.562651973555871443e+01
2.355267149281073813e+01,2.019885556629354895e+01,2.762733540608806493e+01,3.179349571389512974e+01,4.447794971389521734e+00,2.074059683950416400e+01,1.053841329495834778e+01,4.081105123517998834e+01,2.473483995292676951e+01,3.132334671691693728e+01,1.000753868562642346e+01,1.037021092143547030e+01,3.026929476169452116e+01,5.559743714236901724e+00,1.659829345653032817e+01,1.050578073398912160e+01,1.554815949475572623e+01,1.334338491416856698e+01,1.291113879864007252e+01,3.360838660743142015e+01,2.278020199433151305e+01,1.784302289442180722e+01,3.890310469924703796e+01,2.151318595670010936e+01,1.562650522694273114e+01,3.910380068539340925e+01,2.623293135162332845e+01,1.755370700574339438e+01,7.204047402837760572e+00,3.972842487179536874e+01,7.204299011886252657e+00,0.000000000000000000e+00,1.175232576270864193e+01,3.255448110958319319e+01,3.358116808565989686e+01,3.202674006410122587e+01,3.905356901110234702e+01,2.239200523814941945e+01,1.636185484031318182e+01,2.008678468095954273e+01,1.920378348750864816e+01,3.580544416352771719e+01,1.119548177579566861e+01,3.002320844429703683e+01,2.223897485694760867e+00,3.949706290613227821e+01,1.799886480052049720e+01,3.513345817500725587e+01,8.998827963720925638e+00
