0.000000000000000000e+00,4.009420365525201646e+01,2.645668123407800820e+01,3.860438566394482507e+01,4.244032838327982660e+01,1.905317804774688639e+01,1.052493277486355261e+01,3.790032481784642471e+01,1.801692029836479847e+01,3.717608126422282311e+01,5.202674552807273756e+01,3.426020832207872502e+01,5.240856940600912850e+01,1.799859314324669768e+01,2.862034490557122979e+01,6.387407758993899343e+00,4.409276829765708072e+01,1.859861234603739177e+01,3.454787100354839424e+01,3.202417177430849193e+01,1.464503880827787796e+01,4.234175878940460080e+01,6.402305545886858340e+01,2.397783853441838886e+01,4.013478004682815481e+01,3.715377490590989140e+01,1.690906216773462134e+01,4.527365574626508504e+01,1.599108830917701063e+01,5.010342650991528046e+01,6.373971944698722325e+01,5.289628922534478761e+01,4.202530541451438495e+01,6.556168811848506550e+01,2.994664510036109206e+01,5.444471481874770546e+01,4.059389304374936813e+01,2.450076027689706848e+01,5.098247580942109636e+01,4.631718196650394503e+01,3.658314729673116972e+01,3.234434083117445624e+01,4.686016653418027289e+01,5.309196828441604765e+01,3.556180241207287196e+01,4.530101312853384599e+01,4.296507998098658732e+01,2.897203492442219286e+01,5.286197740965903336e+01
4.009420365525201646e+01,0.000000000000000000e+00,1.404399456822905456e+01,2.633926205902999484e+01,2.068062502712828987e+01,2.496374851088837943e+01,4.716702402493405799e+01,1.652678131617591006e+01,4.222968848429928101e+01,2.934689030436754553e+00,3.483407188278548006e+01,5.869993369937807515e+00,2.833010146100155424e+01,3.809920467574710301e+01,2.990367635873726826e+01,3.371980686337511202e+01,4.301189639448723234e+00,2.149663460598827314e+01,2.377326239949811182e+01,9.508468063783832136e+00,2.697509412198792589e+01,4.012825582037883265e+01,3.447041102826880632e+01,3.024017152222756266e+01,5.211415336179209490e+00,1.228804440296627476e+01,4.978910208621719136e+01,2.345410032761760277e+01,5.208989737059539493e+01,3.537494394122651897e+01,4.851270981748512412e+01,4.303503591936417649e+01,2.934074344787820809e+00,3.457718320962275271e+01,1.860207471914144151e+01,2.019840796773993929e+01,1.893272751444894908e+01,3.444799299478964372e+01,3.388040397602886600e+01,5.106274965299112267e+01,2.786099634524859425e+01,1.109269953750010451e+01,1.341229614178821272e+01,2.790340353595291489e+01,5.208989737059539493e+01,3.012009465128763708e+01,2.409766608898362961e+01,2.274608656135183438e+01,2.646106984200838141e+01
2.645668123407800820e+01,1.404399456822905456e+01,0.000000000000000000e+00,2.728845950723401614e+01,2.561091286630340491e+01,1.138946292087215895e+01,3.448103740411342955e+01,2.006117410491748743e+01,3.200667273840544880e+01,1.127092997356147919e+01,3.950739234616658990e+01,8.605318887197837441e+00,3.560830321726898262e+01,2.830667538532089367e+01,2.508375546443174642e+01,2.017864761834064424e+01,1.827833854004794389e+01,8.233049528586564136e+00,2.317196109847011343e+01,8.998802784920510334e+00,1.500149104488703600e+01,3.890553911144347410e+01,4.470696034426069332e+01,2.325322043139208716e+01,1.563632671401164487e+01,1.673450574841672278e+01,3.812050351116712932e+01,2.894259955209977520e+01,3.973411567985195347e+01,3.898591587344472487e+01,5.338172126832836284e+01,4.529666744716976723e+01,1.565486184227671274e+01,4.544336771402863917e+01,1.042456489924257212e+01,3.194239054163181990e+01,2.339044713668459963e+01,2.727456920789766670e+01,3.841250290634901177e+01,4.830335502373739587e+01,2.735356213098824441e+01,1.111948742847380345e+01,2.418687904078942452e+01,3.568600770080012552e+01,4.531654302172978532e+01,3.326235575218403540e+01,2.809625054041994119e+01,1.899143391222479238e+01,3.471062577077407951e+01
3.860438566394482507e+01,2.633926205902999484e+01,2.728845950723401614e+01,0.000000000000000000e+00,8.158616518081631241e+00,3.581551641489679838e+01,3.962577441503297848e+01,9.872880717253256222e+00,2.884353397577817901e+01,2.507457460365983692e+01,1.361783564784632539e+01,2.410221509704117793e+01,1.478025867328452314e+01,2.509450521649509369e+01,1.128035458329162388e+01,3.362413255768775855e+01,2.667731078985934801e+01,2.672141075968195878e+01,4.447794971389521734e+00,1.991235715370894610e+01,2.506096735040807388e+01,1.394829488179093246e+01,2.705708883125775088e+01,1.550331207899303188e+01,2.148991020565977550e+01,1.405121832208739541e+01,3.836907642735199886e+01,8.814243787733197166e+00,4.241879185206278180e+01,1.223143617132118699e+01,2.672141927567050246e+01,1.801342943507443906e+01,2.915748740429070907e+01,2.915748740429070907e+01,3.757389701774082624e+01,2.334011268335188305e+01,8.456284261777978983e+00,1.757568400437751421e+01,1.253026566267439890e+01,2.521943372556916430e+01,2.939319261217477219e+00,1.730737472463103899e+01,1.931763781799133284e+01,1.580703951406880847e+01,3.015168813433703932e+01,6.808934524499181684e+00,5.876780897198306874e+00,1.009957399001756606e+01,1.624617087452283215e+01
4.244032838327982660e+01,2.068062502712828987e+01,2.561091286630340491e+01,8.158616518081631241e+00,0.000000000000000000e+00,3.581534518291265812e+01,4.513018885285534765e+01,5.559743714236901724e+00,3.541181283295659199e+01,2.017377903478832835e+01,1.440910190719765716e+01,2.008706633225298077e+01,1.037012349788117049e+01,3.138589638201687038e+01,1.808407419330160693e+01,3.677748302052653173e+01,2.003261669503180542e+01,2.753910538804084496e+01,9.292249652082769984e+00,1.689927165084248628e+01,2.798964776785000552e+01,2.147070959049470673e+01,2.158744036983080861e+01,2.150241038783351399e+01,1.549397655985326949e+01,9.301620893536208357e+00,4.478242959803551315e+01,3.335846228542140857e+00,4.852719581629285273e+01,1.470275669057400769e+01,2.833362829224446244e+01,2.240669744862353596e+01,2.323329275851127562e+01,2.323329275851127562e+01,3.513361920372116032e+01,1.530972503812150087e+01,2.223897485694760867e+00,2.444510088167150030e+01,1.338597503424573709e+01,3.286803847186084226e+01,1.093616904937772638e+01,1.451909278936642345e+01,1.136921601339917132e+01,1.080616543467805357e+01,3.827086527574891051e+01,9.525236057174140569e+00,3.512545850135865511e+00,1.381164866613469044e+01,1.042491233441846354e+01
1.905317804774688639e+01,2.496374851088837943e+01,1.138946292087215895e+01,3.581551641489679838e+01,3.581534518291265812e+01,0.000000000000000000e+00,2.893599756595740757e+01,3.029838442209126725e+01,3.077725750447143582e+01,2.238742146069625960e+01,4.894463906017760735e+01,1.991017027493883518e+01,4.609376085883761931e+01,2.812110107474508780e+01,3.037600048288209820e+01,1.400902233665603980e+01,2.926344223885134710e+01,9.302108814832187988e+00,3.140076455204511774e+01,2.008791230460874289e+01,1.463969501859884303e+01,4.529956282727758321e+01,5.580855851261005540e+01,2.702573717277498844e+01,2.701733130607128786e+01,2.753869337289361141e+01,3.418060485761882461e+01,3.913133503883912567e+01,3.449760892941018398e+01,4.798756059240388794e+01,6.250634055778781573e+01,5.338281188000604516e+01,2.604425331429042956e+01,5.666137824357277708e+01,1.092952692808828630e+01,4.331747692572228203e+01,3.360686878806058786e+01,3.018954745127972572e+01,4.783312954581202092e+01,5.310227946987675551e+01,3.513491098605402385e+01,2.181559688634453309e+01,3.554239214507948930e+01,4.631363566097304840e+01,4.689362331202330125e+01,4.234150018216642763e+01,3.783069961304048689e+01,2.614707598198022964e+01,4.548417156462074473e+01
1.052493277486355261e+01,4.716702402493405799e+01,3.448103740411342955e+01,3.962577441503297848e+01,4.513018885285534765e+01,2.893599756595740757e+01,0.000000000000000000e+00,4.149029156538697549e+01,1.253157964500927157e+01,4.424163591500426662e+01,5.215250853797160602e+01,4.131693190127383275e+01,5.426827073140047020e+01,1.498270826374634979e+01,2.850444993434703633e+01,1.502725284059918387e+01,5.082795796673236310e+01,2.625177763161151745e+01,3.623568071105260202e+01,3.822733577052856191e+01,2.020302932675627616e+01,3.974531628870620636e+01,6.640406596920642812e+01,2.412281430245274549e+01,4.622342154590221952e+01,4.179646554034231798e+01,6.902473201681096349e+00,4.749296850149299587e+01,5.566718842786460897e+00,4.981416377842376875e+01,6.228409112308419537e+01,5.098778196635652193e+01,4.944695289211750122e+01,6.826920039342260793e+01,3.960566501123133776e+01,5.878064703459312312e+01,4.362567483912017252e+01,2.279110478585488408e+01,5.120748164352872323e+01,4.116468174979541317e+01,3.709734456610841846e+01,3.789759810077470803e+01,5.165709971688225721e+01,5.516401147961882145e+01,2.832879600102751638e+01,4.581141818892131568e+01,4.483187942799672498e+01,3.134250311133428823e+01,5.526763962535296315e+01
3.790032481784642471e+01,1.652678131617591006e+01,2.006117410491748743e+01,9.872880717253256222e+00,5.559743714236901724e+00,3.029838442209126725e+01,4.149029156538697549e+01,0.000000000000000000e+00,3.278283296394575075e+01,1.549397655985326949e+01,1.966988990173529928e+01,1.497357281552902819e+01,1.580281342464347993e+01,2.860343407347301792e+01,1.647405199477174875e+01,3.201451710621841329e+01,1.684769660848862927e+01,2.219391525010511401e+01,8.234042354508163797e+00,1.144690488686722496e+01,2.328769054367427316e+01,2.379260223032677146e+01,2.635824601456206295e+01,1.890124604134927822e+01,1.161751948851791738e+01,4.303080394028966360e+00,4.185687338210337316e+01,8.895589942779043469e+00,4.529860243038919521e+01,1.957266219014166708e+01,3.362214216827716484e+01,2.680364418750050604e+01,1.930978615872040294e+01,2.772229145734292288e+01,2.969829366204262655e+01,1.738940283944440779e+01,3.335846228542140857e+00,2.246843801004214569e+01,1.860382698598953866e+01,3.496423034703480681e+01,1.175356301626725219e+01,8.998827963720925638e+00,1.109400390867664576e+01,1.609231686782284854e+01,3.819001150721120297e+01,1.399380836356133884e+01,8.244836484230649631e+00,1.050684007872721715e+01,1.544357302847681446e+01
1.801692029836479847e+01,4.222968848429928101e+01,3.200667273840544880e+01,2.884353397577817901e+01,3.541181283295659199e+01,3.077725750447143582e+01,1.253157964500927157e+01,3.278283296394575075e+01,0.000000000000000000e+00,3.947088246089192154e+01,4.050163121970815894e+01,3.673867826264397962e+01,4.361964678289036357e+01,4.236640158944381618e+00,1.758348914945549879e+01,1.812039458856193264e+01,4.522931203175345161e+01,2.441970304576095785e+01,2.614532178814186381e+01,3.273824401137550666e+01,1.726316356923938855e+01,2.729501472228600889e+01,5.590056481621647322e+01,1.395758787611379148e+01,4.001531722324266838e+01,3.416134850186384142e+01,9.538427544679031200e+00,3.729933268655425138e+01,1.380464647789709076e+01,3.799976717742104881e+01,4.995635855018622351e+01,3.860796940802878652e+01,4.490007067594036982e+01,5.797630717815389545e+01,3.990076141883967153e+01,5.009343189865980861e+01,3.427630329668409814e+01,1.128765046617907153e+01,3.962203453981389600e+01,2.894278094771610910e+01,2.607676139037443974e+01,3.161800910318341096e+01,4.368135266149730001e+01,4.464624722261368817e+01,1.758594737353731929e+01,3.449359795771795945e+01,3.446130723548120756e+01,2.227847478461516673e+01,4.499471566529894773e+01
3.717608126422282311e+01,2.934689030436754553e+00,1.127092997356147919e+01,2.507457460365983692e+01,2.017377903478832835e+01,2.238742146069625960e+01,4.424163591500426662e+01,1.549397655985326949e+01,3.947088246089192154e+01,0.000000000000000000e+00,3.453751478494665150e+01,2.935304344905742102e+00,2.861657025274631394e+01,3.536710111163137782e+01,2.770467739914164795e+01,3.079849316959989380e+01,7.019939000565704745e+00,1.857747070395661027e+01,2.214168310679830043e+01,6.883005799588294948e+00,2.405552920376134196e+01,3.864656466148197467e+01,3.568585569353484743e+01,2.775790446972231251e+01,5.559743714236901724e+00,1.119244652703411447e+01,4.692221034162709259e+01,2.316908524845232975e+01,4.918126489852686234e+01,3.483626967304337541e+01,4.837788873305410675e+01,4.227446248789615879e+01,5.431083083892707108e+00,3.599445777262511825e+01,1.689900390858803192e+01,2.181393811052966925e+01,1.824268511325218256e+01,3.198407738511826892e+01,3.353857893755809982e+01,4.938521067716293089e+01,2.634313403321090874e+01,8.807761474979423966e+00,1.451898375133109020e+01,2.832480031367233053e+01,4.978097485326723159e+01,2.940107175901435710e+01,2.345566287608417255e+01,2.056008700967104375e+01,2.699610668451716577e+01
5.202674552807273756e+01,3.483407188278548006e+01,3.950739234616658990e+01,1.361783564784632539e+01,1.440910190719765716e+01,4.894463906017760735e+01,5.215250853797160602e+01,1.966988990173529928e+01,4.050163121970815894e+01,3.453751478494665150e+01,0.000000000000000000e+00,3.448877822723340358e+01,8.812389330572731438e+00,3.723239863869837762e+01,2.376617567810539455e+01,4.720602082961475787e+01,3.357886127572648149e+01,4.005325134103318163e+01,1.799793345038200698e+01,3.111089536724873739e+01,3.867740435930058851e+01,1.638887735318963124e+01,1.821642031640130099e+01,2.835561734162618919e+01,2.962347507985587214e+01,2.368759883021200707e+01,4.995749576969858197e+01,1.138978170768234754e+01,5.430503336739518971e+01,2.938699843606465301e+00,1.395338323470315345e+01,1.009097885260692706e+01,3.721179068483827024e+01,2.085998851417123490e+01,4.935379691959796844e+01,2.270478080158774503e+01,1.648989321134131814e+01,2.941331781172793569e+01,1.111948742847380434e+00,2.608324572382261408e+01,1.544545433586719163e+01,2.861775752853497323e+01,2.332643165951752806e+01,1.008325050322891414e+01,3.669636712707340109e+01,6.808901124332712662e+00,1.144722197630224336e+01,2.370478043961379200e+01,1.174861779506951898e+01
3.426020832207872502e+01,5.869993369937807515e+00,8.605318887197837441e+00,2.410221509704117793e+01,2.008706633225298077e+01,1.991017027493883518e+01,4.131693190127383275e+01,1.497357281552902819e+01,3.673867826264397962e+01,2.935304344905742102e+00,3.448877822723340358e+01,0.000000000000000000e+00,2.919659082972241748e+01,3.266949137708304818e+01,2.565272886308682487e+01,2.787940523335832310e+01,9.863796842380148533e+00,1.566353281146836984e+01,2.079772035050128665e+01,4.643269490615208106e+00,2.113951148561360327e+01,3.733665266052164355e+01,3.709424995136271974e+01,2.537177162596379532e+01,7.203545087831265903e+00,1.080578835994431763e+01,4.406358860562298929e+01,2.325368711800854982e+01,4.627527734105739654e+01,3.453910285329333618e+01,4.842066014677566699e+01,4.170661708966474635e+01,8.223148301378962799e+00,3.758797700459138724e+01,1.556728239986333229e+01,2.368450423098824587e+01,1.800996150485223524e+01,2.960548947152524590e+01,3.345144710209493155e+01,4.782852494172730218e+01,2.507763149144476600e+01,7.023027339827637050e+00,1.609168442661463416e+01,2.903807642524457222e+01,4.754049404073213481e+01,2.896260802071325813e+01,2.317004272334683534e+01,1.858098512414019510e+01,2.783189407011150962e+01
5.240856940600912850e+01,2.833010146100155424e+01,3.560830321726898262e+01,1.478025867328452314e+01,1.037012349788117049e+01,4.609376085883761931e+01,5.426827073140047020e+01,1.580281342464347993e+01,4.361964678289036357e+01,2.861657025274631394e+01,8.812389330572731438e+00,2.919659082972241748e+01,0.000000000000000000e+00,3.986566426628745319e+01,2.605960946043793314e+01,4.692206253668091165e+01,2.635685725687314118e+01,3.790829170709505291e+01,1.809038106399505708e+01,2.668676982833713751e+01,3.813826047390237051e+01,2.336539564255133072e+01,1.228804440296627121e+01,3.018024230652646267e+01,2.325320067256107137e+01,1.890312862840546870e+01,5.314825472872740875e+01,7.204173169692203338e+00,5.718913636043445337e+01,1.110184380775429247e+01,2.068683622503610309e+01,1.889717753896142938e+01,3.036753275614669434e+01,1.449149273970755836e+01,4.466432852162215994e+01,1.392586700129075084e+01,1.252983086997194739e+01,3.234205912327183086e+01,8.454351286763092332e+00,3.402566473168367622e+01,1.756531661952212886e+01,2.450059293944207894e+01,1.563580616833701598e+01,1.358851813948247500e+00,4.296777804251779997e+01,1.008435287426770977e+01,9.494569403769435922e+00,2.345957722693939118e+01,2.936228497063333442e+00
1.799859314324669768e+01,3.809920467574710301e+01,2.830667538532089367e+01,2.509450521649509369e+01,3.138589638201687038e+01,2.812110107474508780e+01,1.498270826374634979e+01,2.860343407347301792e+01,4.236640158944381618e+00,3.536710111163137782e+01,3.723239863869837762e+01,3.266949137708304818e+01,3.986566426628745319e+01,0.000000000000000000e+00,1.382135404643775445e+01,1.660521457483461916e+01,4.103991610322112393e+01,2.103173963502758426e+01,2.216425120115890479e+01,2.859613371068104826e+01,1.395360100709333828e+01,2.506228012341839673e+01,5.211926029596829579e+01,9.883685047017573666e+00,3.580143280943311623e+01,2.992714409399101427e+01,1.339792625869422693e+01,3.339011294392826557e+01,1.732437547186552607e+01,3.485061814716058137e+01,4.738350379466554330e+01,3.615098472590369738e+01,4.079818419552407960e+01,5.413498093223140728e+01,3.666409672066877334e+01,4.594391217645472381e+01,3.018093257835992560e+01,7.823795940526722781e+00,3.630768318168148312e+01,2.832814639325874495e+01,2.241654742424389468e+01,2.741916612702029354e+01,3.946759663448031574e+01,4.085063899341916027e+01,1.896002705200416472e+01,3.101023500230103025e+01,3.059320343622277250e+01,1.809678124519841447e+01,4.112633812823204948e+01
2.862034490557122979e+01,2.990367635873726826e+01,2.508375546443174642e+01,1.128035458329162388e+01,1.808407419330160693e+01,3.037600048288209820e+01,2.850444993434703633e+01,1.647405199477174875e+01,1.758348914945549879e+01,2.770467739914164795e+01,2.376617567810539455e+01,2.565272886308682487e+01,2.605960946043793314e+01,1.382135404643775445e+01,0.000000000000000000e+00,2.450072293018002867e+01,3.175562177904400230e+01,2.116720539959884917e+01,8.819818550060627871e+00,2.101686665372198703e+01,1.689991759175516606e+01,1.502133460263000586e+01,3.832975101527326700e+01,4.651470837976973804e+00,2.621414120954028704e+01,1.907389822550648262e+01,2.709687244375695059e+01,1.975073846142342404e+01,3.114316951655856869e+01,2.161630522019784451e+01,3.513555925262845392e+01,2.450071360788437858e+01,3.282772600942694652e+01,4.039282408993592810e+01,3.530726810901271762e+01,3.318360687263643172e+01,1.724411259727679635e+01,6.386834716986292904e+00,2.278339737866004100e+01,2.326053526974917318e+01,8.610809038286243222e+00,1.889921127245891341e+01,2.755343417054390187e+01,2.706840900159255270e+01,2.225101986329329051e+01,1.731123865072693135e+01,1.688875700827570725e+01,7.158491989521905019e+00,2.741624819254863255e+01
6.387407758993899343e+00,3.371980686337511202e+01,2.017864761834064424e+01,3.362413255768775855e+01,3.677748302052653173e+01,1.400902233665603980e+01,1.502725284059918387e+01,3.201451710621841329e+01,1.812039458856193264e+01,3.079849316959989380e+01,4.720602082961475787e+01,2.787940523335832310e+01,4.692206253668091165e+01,1.660521457483461916e+01,2.450072293018002867e+01,0.000000000000000000e+00,3.770698271166484972e+01,1.222373906198311211e+01,2.938559866338383131e+01,2.566350140393543100e+01,8.789804741514158692e+00,3.901336571856733570e+01,5.829627652941449156e+01,2.001507737125284692e+01,3.376675632274250205e+01,3.100871903120418338e+01,2.020970252218769048e+01,3.973474485327486150e+01,2.056121165730785805e+01,4.548662072914781618e+01,5.949629936180680545e+01,4.900143653777804076e+01,3.568536036544129075e+01,5.973490635201069665e+01,2.457968745173594982e+01,4.827621153484288641e+01,3.484398221461622569e+01,2.151834498431000142e+01,4.613304208505778803e+01,4.439579772496051646e+01,3.186959081750700662e+01,2.606132040368514780e+01,4.063404038353343140e+01,4.752867814439845517e+01,3.540684099623072711e+01,4.041207498655934671e+01,3.757902005535282086e+01,2.369071023759241612e+01,4.719346929695909409e+01
4.409276829765708072e+01,4.301189639448723234e+00,1.827833854004794389e+01,2.667731078985934801e+01,2.003261669503180542e+01,2.926344223885134710e+01,5.082795796673236310e+01,1.684769660848862927e+01,4.522931203175345161e+01,7.019939000565704745e+00,3.357886127572648149e+01,9.863796842380148533e+00,2.635685725687314118e+01,4.103991610322112393e+01,3.175562177904400230e+01,3.770698271166484972e+01,0.000000000000000000e+00,2.550856757037865563e+01,2.475408068260981764e+01,1.267068117964468854e+01,3.063235678250085670e+01,4.062272798047862921e+01,3.125273568061523477e+01,3.264543924168381750e+01,5.543743633219828659e+00,1.300773506815238356e+01,5.313030081034283825e+01,2.239322581037346893e+01,5.562654386026256503e+01,3.446308842175779574e+01,4.691211541284737763e+01,4.237456037560095723e+01,4.447794971389521734e+00,3.113456479972666102e+01,2.264365187874131635e+01,1.667923114271071228e+01,1.862532714758032526e+01,3.677888125228766825e+01,3.270210565481448128e+01,5.180991497137871704e+01,2.857186343954994001e+01,1.362813483123122182e+01,1.080465984117018152e+01,2.575480673656338482e+01,5.400246717391765827e+01,2.955070930962826026e+01,2.354235413385548270e+01,2.468726703910012432e+01,2.418550616125676100e+01
1.859861234603739177e+01,2.149663460598827314e+01,8.233049528586564136e+00,2.672141075968195878e+01,2.753910538804084496e+01,9.302108814832187988e+00,2.625177763161151745e+01,2.219391525010511401e+01,2.441970304576095785e+01,1.857747070395661027e+01,4.005325134103318163e+01,1.566353281146836984e+01,3.790829170709505291e+01,2.103173963502758426e+01,2.116720539959884917e+01,1.222373906198311211e+01,2.550856757037865563e+01,0.000000000000000000e+00,2.228053212571346364e+01,1.381003741401818274e+01,7.156899923766087745e+00,3.602780919236802504e+01,4.837605274917389409e+01,1.809601386004975865e+01,2.179329182252998365e+01,2.017653053804244578e+01,2.998351458980832263e+01,3.078272432066012598e+01,3.150388459338918778e+01,3.894196794396557948e+01,5.344283003509131191e+01,4.412771192643499063e+01,2.348984076052845182e+01,4.950685921442305926e+01,1.566353281146837517e+01,3.706748674274663813e+01,2.538997370923003061e+01,2.159813203538655557e+01,3.894196210401916858e+01,4.412669164877205219e+01,2.589838899137945916e+01,1.470220069739709956e+01,2.928134660165818204e+01,3.827203216859833645e+01,3.907214490371072912e+01,3.335846228542141745e+01,2.919708003736302615e+01,1.689964787174713479e+01,3.762684205940624338e+01
3.454787100354839424e+01,2.377326239949811182e+01,2.317196109847011343e+01,4.447794971389521734e+00,9.292249652082769984e+00,3.140076455204511774e+01,3.623568071105260202e+01,8.234042354508163797e+00,2.614532178814186381e+01,2.214168310679830043e+01,1.799793345038200698e+01,2.079772035050128665e+01,1.809038106399505708e+01,2.216425120115890479e+01,8.819818550060627871e+00,2.938559866338383131e+01,2.475408068260981764e+01,2.228053212571346364e+01,0.000000000000000000e+00,1.636805567921850724e+01,2.074182449696844088e+01,1.654347153832794248e+01,3.016839367600194777e+01,1.230161472875900763e+01,1.930785540041900816e+01,1.175108914153963546e+01,3.555932767585799326e+01,1.127599635590523164e+01,3.939629298353658271e+01,1.667923114271070872e+01,3.116426943638994018e+01,2.219545270829835104e+01,2.667731078985934801e+01,3.206563569772214350e+01,3.354021430373966695e+01,2.437658836548622432e+01,8.456284261777978983e+00,1.515826994718262277e+01,1.689959402696004176e+01,2.729149460967141394e+01,4.304769189297262599e+00,1.381084281524660184e+01,1.905989745023120818e+01,1.893854109456906443e+01,2.998721156254049092e+01,1.120237072181547333e+01,8.608270089205539932e+00,5.723750029790487304e+00,1.904868679520411234e+01
3.202417177430849193e+01,9.508468063783832136e+00,8.998802784920510334e+00,1.991235715370894610e+01,1.689927165084248628e+01,2.008791230460874289e+01,3.822733577052856191e+01,1.144690488686722496e+01,3.273824401137550666e+01,6.883005799588294948e+00,3.111089536724873739e+01,4.643269490615208106e+00,2.668676982833713751e+01,2.859613371068104826e+01,2.101686665372198703e+01,2.566350140393543100e+01,1.267068117964468854e+01,1.381003741401818274e+01,1.636805567921850724e+01,0.000000000000000000e+00,1.808045203656983446e+01,3.286456262353024016e+01,3.575779916854213525e+01,2.088199949957425261e+01,8.119249899957763361e+00,7.783641199931669696e+00,4.046929915699824676e+01,2.019881068266732527e+01,4.296777804251779997e+01,3.088902556649408382e+01,4.505949935041908816e+01,3.775418976411752681e+01,1.227414850417099856e+01,3.657359058054758805e+01,1.825213174552181883e+01,2.345253959964594870e+01,1.470868117652482887e+01,2.511111917209852251e+01,3.003925798344136311e+01,4.324268197398939861e+01,2.066972734675442780e+01,2.606271505177645054e+00,1.563580616833701420e+01,2.672134282035459307e+01,4.296777804251779997e+01,2.521570811608778584e+01,1.966952083238846072e+01,1.393771580035303082e+01,2.571879626528151519e+01
1.464503880827787796e+01,2.697509412198792589e+01,1.500149104488703600e+01,2.506096735040807388e+01,2.798964776785000552e+01,1.463969501859884303e+01,2.020302932675627616e+01,2.328769054367427316e+01,1.726316356923938855e+01,2.405552920376134196e+01,3.867740435930058851e+01,2.113951148561360327e+01,3.813826047390237051e+01,1.395360100709333828e+01,1.689991759175516606e+01,8.789804741514158692e+00,3.063235678250085670e+01,7.156899923766087745e+00,2.074182449696844088e+01,1.808045203656983446e+01,0.000000000000000000e+00,3.186994904504149062e+01,4.952247532448601675e+01,1.289510092545907050e+01,2.614890123588759252e+01,2.255344667305915962e+01,2.318695699792783316e+01,3.094764955720890498e+01,2.514648037362398370e+01,3.709571725420256172e+01,5.131227117102979207e+01,4.116460939591779322e+01,2.931228004813604926e+01,5.099120719380874078e+01,2.271825315086312358e+01,3.984302994977111467e+01,2.606837665839285734e+01,1.564522258359535911e+01,3.759123298752799514e+01,3.875211768384571798e+01,2.350898649704084775e+01,1.799886480052049009e+01,3.232839501352506772e+01,3.873918242236043596e+01,3.236952204526555477e+01,3.186905429661040046e+01,2.882022322348427323e+01,1.502065077304267859e+01,3.840814994919459480e+01
4.234175878940460080e+01,4.012825582037883265e+01,3.890553911144347410e+01,1.394829488179093246e+01,2.147070959049470673e+01,4.529956282727758321e+01,3.974531628870620636e+01,2.379260223032677146e+01,2.729501472228600889e+01,3.864656466148197467e+01,1.638887735318963124e+01,3.733665266052164355e+01,2.336539564255133072e+01,2.506228012341839673e+01,1.502133460263000586e+01,3.901336571856733570e+01,4.062272798047862921e+01,3.602780919236802504e+01,1.654347153832794248e+01,3.286456262353024016e+01,3.186994904504149062e+01,0.000000000000000000e+00,3.447686590881329494e+01,1.909827789097453632e+01,3.539001425294616610e+01,2.787748419046403825e+01,3.615624323274235508e+01,2.067867887796328574e+01,4.074772801934390998e+01,1.345192179710678282e+01,2.278531912820201200e+01,1.139330077385648821e+01,4.298877562400610230e+01,3.705733000461192006e+01,4.932166701904071715e+01,3.550676803736440235e+01,2.226233165029031014e+01,1.784322713746515987e+01,1.596854942767104646e+01,1.139866808114277497e+01,1.230343246969401250e+01,3.033404968556820336e+01,3.283869811502210467e+01,2.471108903892784880e+01,2.034836337312649235e+01,1.360940958138136203e+01,1.823958537191374418e+01,1.991894066231287397e+01,2.593908879458595962e+01
6.402305545886858340e+01,3.447041102826880632e+01,4.470696034426069332e+01,2.705708883125775088e+01,2.158744036983080861e+01,5.580855851261005540e+01,6.640406596920642812e+01,2.635824601456206295e+01,5.590056481621647322e+01,3.568585569353484743e+01,1.821642031640130099e+01,3.709424995136271974e+01,1.228804440296627121e+01,5.211926029596829579e+01,3.832975101527326700e+01,5.829627652941449156e+01,3.125273568061523477e+01,4.837605274917389409e+01,3.016839367600194777e+01,3.575779916854213525e+01,4.952247532448601675e+01,3.447686590881329494e+01,0.000000000000000000e+00,4.237974243061194812e+01,3.014520599693144476e+01,2.833010146100154714e+01,6.542501972749117556e+01,1.893272751444894553e+01,6.943680990322452828e+01,2.112985386769825880e+01,2.349477588836860775e+01,2.721146340312849787e+01,3.568580514903887746e+01,2.715209430968854587e+00,5.254317260101856135e+01,1.470812814023865833e+01,2.345410032761760277e+01,4.462712354324118280e+01,1.851933689969154884e+01,4.422449308451905381e+01,2.985336007847196171e+01,3.402851596314165761e+01,2.117061641174481323e+01,1.126948602860209547e+01,5.460460346470225090e+01,2.203627621698026928e+01,2.158030399024081802e+01,3.529364996446972924e+01,1.119143708640253010e+01
2.397783853441838886e+01,3.024017152222756266e+01,2.325322043139208716e+01,1.550331207899303188e+01,2.150241038783351399e+01,2.702573717277498844e+01,2.412281430245274549e+01,1.890124604134927822e+01,1.395758787611379148e+01,2.775790446972231251e+01,2.835561734162618919e+01,2.537177162596379532e+01,3.018024230652646267e+01,9.883685047017573666e+00,4.651470837976973804e+00,2.001507737125284692e+01,3.264543924168381750e+01,1.809601386004975865e+01,1.230161472875900763e+01,2.088199949957425261e+01,1.289510092545907050e+01,1.909827789097453632e+01,4.237974243061194812e+01,0.000000000000000000e+00,2.719541340708453347e+01,2.067372470197812007e+01,2.328017432840796630e+01,2.356026109767888244e+01,2.709877832135647324e+01,2.625217663086175790e+01,3.976561966203291831e+01,2.903857734633107768e+01,3.309681288951772871e+01,4.433785908424690803e+01,3.307245557690106352e+01,3.615008374254262691e+01,2.031985364656979698e+01,4.233718040284018436e+00,2.735693119709039323e+01,2.607976090036228101e+01,1.303659059259497432e+01,1.917321202850812867e+01,2.990702382013404659e+01,3.111498544332416927e+01,2.229235800044052240e+01,2.181369566188860176e+01,2.080697438356842710e+01,8.463064982646518075e+00,3.131935659475448830e+01
4.013478004682815481e+01,5.211415336179209490e+00,1.563632671401164487e+01,2.148991020565977550e+01,1.549397655985326949e+01,2.701733130607128786e+01,4.622342154590221952e+01,1.161751948851791738e+01,4.001531722324266838e+01,5.559743714236901724e+00,2.962347507985587214e+01,7.203545087831265903e+00,2.325320067256107137e+01,3.580143280943311623e+01,2.621414120954028704e+01,3.376675632274250205e+01,5.543743633219828659e+00,2.179329182252998365e+01,1.930785540041900816e+01,8.119249899957763361e+00,2.614890123588759252e+01,3.539001425294616610e+01,3.014520599693144476e+01,2.719541340708453347e+01,0.000000000000000000e+00,7.567510085287307398e+00,4.815760245259603778e+01,1.824268511325218256e+01,5.084992495497168363e+01,3.017681780915000900e+01,4.332157506079172293e+01,3.787806260522542345e+01,7.772220637124389597e+00,3.050990230012104121e+01,2.240427602665283047e+01,1.648747842398103458e+01,1.380601714356779119e+01,3.130025808107719598e+01,2.866898891667523586e+01,4.648335489307756063e+01,2.322513637961532140e+01,8.449527333912376648e+00,8.998652036045724500e+00,2.289317717787204387e+01,4.845947076306176626e+01,2.496636075338848926e+01,1.893466318461813813e+01,1.915927523532269916e+01,2.151644312327343300e+01
3.715377490590989140e+01,1.228804440296627476e+01,1.673450574841672278e+01,1.405121832208739541e+01,9.301620893536208357e+00,2.753869337289361141e+01,4.179646554034231798e+01,4.303080394028966360e+00,3.416134850186384142e+01,1.119244652703411447e+01,2.368759883021200707e+01,1.080578835994431763e+01,1.890312862840546870e+01,2.992714409399101427e+01,1.907389822550648262e+01,3.100871903120418338e+01,1.300773506815238356e+01,2.017653053804244578e+01,1.175108914153963546e+01,7.783641199931669696e+00,2.255344667305915962e+01,2.787748419046403825e+01,2.833010146100154714e+01,2.067372470197812007e+01,7.567510085287307398e+00,0.000000000000000000e+00,4.285824780996673411e+01,1.252983086997194384e+01,4.598407617174979123e+01,2.376250088544481898e+01,3.762781907539476123e+01,3.109120956559786819e+01,1.511786400010911180e+01,2.935305734274316336e+01,2.589760037320852248e+01,1.729237757825185540e+01,7.204173169692200673e+00,2.458868186654617460e+01,2.264688870637612439e+01,3.892395319562216116e+01,1.566787852905896194e+01,5.723432650063970506e+00,9.866268987522142098e+00,1.895190624170331262e+01,4.122007737876543843e+01,1.824572783282067334e+01,1.237759178942769900e+01,1.228759014193650145e+01,1.799753009444722451e+01
1.690906216773462134e+01,4.978910208621719136e+01,3.812050351116712932e+01,3.836907642735199886e+01,4.478242959803551315e+01,3.418060485761882461e+01,6.902473201681096349e+00,4.185687338210337316e+01,9.538427544679031200e+00,4.692221034162709259e+01,4.995749576969858197e+01,4.406358860562298929e+01,5.314825472872740875e+01,1.339792625869422693e+01,2.709687244375695059e+01,2.020970252218769048e+01,5.313030081034283825e+01,2.998351458980832263e+01,3.555932767585799326e+01,4.046929915699824676e+01,2.318695699792783316e+01,3.615624323274235508e+01,6.542501972749117556e+01,2.328017432840796630e+01,4.815760245259603778e+01,4.285824780996673411e+01,0.000000000000000000e+00,4.676773686731942092e+01,4.652210977895002486e+00,4.740704209398997904e+01,5.893572240873122325e+01,4.754589834454885988e+01,5.228580977391175821e+01,6.748207816602372588e+01,4.445469470138946377e+01,5.923721396155498553e+01,4.355066199395433557e+01,2.082559028008732227e+01,4.909620874482855868e+01,3.599790112628868854e+01,3.561321408622907825e+01,3.970913986246608118e+01,5.256616671372506744e+01,5.416527576785547637e+01,2.228075828070662467e+01,4.401831837771565148e+01,4.395061991598678475e+01,3.137651625518557452e+01,5.448670505437236500e+01
4.527365574626508504e+01,2.345410032761760277e+01,2.894259955209977520e+01,8.814243787733197166e+00,3.335846228542140857e+00,3.913133503883912567e+01,4.749296850149299587e+01,8.895589942779043469e+00,3.729933268655425138e+01,2.316908524845232975e+01,1.138978170768234754e+01,2.325368711800854982e+01,7.204173169692203338e+00,3.339011294392826557e+01,1.975073846142342404e+01,3.973474485327486150e+01,2.239322581037346893e+01,3.078272432066012598e+01,1.127599635590523164e+01,2.019881068266732527e+01,3.094764955720890498e+01,2.067867887796328574e+01,1.893272751444894553e+01,2.356026109767888244e+01,1.824268511325218256e+01,1.252983086997194384e+01,4.676773686731942092e+01,0.000000000000000000e+00,5.065884192262914354e+01,1.207039949294082781e+01,2.521659059619070575e+01,2.004767467837213246e+01,2.587684376248925133e+01,2.078981678173387948e+01,3.841191286127858007e+01,1.494188109584618296e+01,5.559743714236901724e+00,2.613190822689318793e+01,1.042630410233739369e+01,3.201044521223236927e+01,1.175356301626725219e+01,1.784302289442180722e+01,1.275314404140283564e+01,7.818814558437651385e+00,3.870455708486999669e+01,7.572747966455367852e+00,2.937462906854668709e+00,1.639075133421564701e+01,7.775475993033179378e+00
1.599108830917701063e+01,5.208989737059539493e+01,3.973411567985195347e+01,4.241879185206278180e+01,4.852719581629285273e+01,3.449760892941018398e+01,5.566718842786460897e+00,4.529860243038919521e+01,1.380464647789709076e+01,4.918126489852686234e+01,5.430503336739518971e+01,4.627527734105739654e+01,5.718913636043445337e+01,1.732437547186552607e+01,3.114316951655856869e+01,2.056121165730785805e+01,5.562654386026256503e+01,3.150388459338918778e+01,3.939629298353658271e+01,4.296777804251779997e+01,2.514648037362398370e+01,4.074772801934390998e+01,6.943680990322452828e+01,2.709877832135647324e+01,5.084992495497168363e+01,4.598407617174979123e+01,4.652210977895002486e+00,5.065884192262914354e+01,0.000000000000000000e+00,5.180155747652126053e+01,6.351591198113792558e+01,5.213054445845237694e+01,5.445845812303952016e+01,7.143020868477695728e+01,4.513913127683463955e+01,6.268095912136019621e+01,4.718368375926114311e+01,2.499661432964522234e+01,5.342126485320686413e+01,4.060658715828176923e+01,3.972600558798193049e+01,4.244240038062683595e+01,5.579066201293100846e+01,5.816737982519263994e+01,2.668676982833713041e+01,4.824768545465206415e+01,4.788993778355697373e+01,3.491303409179035810e+01,5.841389175376991716e+01
5.010342650991528046e+01,3.537494394122651897e+01,3.898591587344472487e+01,1.223143617132118699e+01,1.470275669057400769e+01,4.798756059240388794e+01,4.981416377842376875e+01,1.957266219014166708e+01,3.799976717742104881e+01,3.483626967304337541e+01,2.938699843606465301e+00,3.453910285329333618e+01,1.110184380775429247e+01,3.485061814716058137e+01,2.161630522019784451e+01,4.548662072914781618e+01,3.446308842175779574e+01,3.894196794396557948e+01,1.667923114271070872e+01,3.088902556649408382e+01,3.709571725420256172e+01,1.345192179710678282e+01,2.112985386769825880e+01,2.625217663086175790e+01,3.017681780915000900e+01,2.376250088544481898e+01,4.740704209398997904e+01,1.207039949294082781e+01,5.180155747652126053e+01,0.000000000000000000e+00,1.451920229803234896e+01,8.128331231436952464e+00,3.788126799501133490e+01,2.376012921217141383e+01,4.903724128145718453e+01,2.475408068260981764e+01,1.659878593827790993e+01,2.702826854449258676e+01,2.720207117866724644e+00,2.325542360226847194e+01,1.361796933027481593e+01,2.833323547697623113e+01,2.458421327038359294e+01,1.243613234417769497e+01,3.376887188827806341e+01,5.723710272628967921e+00,1.139041984437382204e+01,2.228054233907868920e+01,1.399765757955955969e+01
6.373971944698722325e+01,4.851270981748512412e+01,5.338172126832836284e+01,2.672141927567050246e+01,2.833362829224446244e+01,6.250634055778781573e+01,6.228409112308419537e+01,3.362214216827716484e+01,4.995635855018622351e+01,4.837788873305410675e+01,1.395338323470315345e+01,4.842066014677566699e+01,2.068683622503610309e+01,4.738350379466554330e+01,3.513555925262845392e+01,5.949629936180680545e+01,4.691211541284737763e+01,5.344283003509131191e+01,3.116426943638994018e+01,4.505949935041908816e+01,5.131227117102979207e+01,2.278531912820201200e+01,2.349477588836860775e+01,3.976561966203291831e+01,4.332157506079172293e+01,3.762781907539476123e+01,5.893572240873122325e+01,2.521659059619070575e+01,6.351591198113792558e+01,1.451920229803234896e+01,0.000000000000000000e+00,1.139201847625616892e+01,5.076043040155543906e+01,2.602815406880465687e+01,6.329551530780878466e+01,3.381713939355047671e+01,3.043743571451220120e+01,3.974158421767889138e+01,1.502024147151076150e+01,2.743966207844556848e+01,2.783199191280994000e+01,4.255592743584388415e+01,3.629076205053128490e+01,2.151856605309644976e+01,4.146895347384671737e+01,2.019912544775923990e+01,2.539042114340769984e+01,3.669430851396356275e+01,2.324154646941462232e+01
5.289628922534478761e+01,4.303503591936417649e+01,4.529666744716976723e+01,1.801342943507443906e+01,2.240669744862353596e+01,5.338281188000604516e+01,5.098778196635652193e+01,2.680364418750050604e+01,3.860796940802878652e+01,4.227446248789615879e+01,1.009097885260692706e+01,4.170661708966474635e+01,1.889717753896142938e+01,3.615098472590369738e+01,2.450071360788437858e+01,4.900143653777804076e+01,4.237456037560095723e+01,4.412771192643499063e+01,2.219545270829835104e+01,3.775418976411752681e+01,4.116460939591779322e+01,1.139330077385648821e+01,2.721146340312849787e+01,2.903857734633107768e+01,3.787806260522542345e+01,3.109120956559786819e+01,4.754589834454885988e+01,2.004767467837213246e+01,5.213054445845237694e+01,8.128331231436952464e+00,1.139201847625616892e+01,0.000000000000000000e+00,4.563392519370277256e+01,2.992461064297052431e+01,5.558438158693513031e+01,3.274586711471123124e+01,2.410791594029281271e+01,2.862014514748689820e+01,1.051108292474183337e+01,1.765456058798149641e+01,1.825358769893512090e+01,3.515315458652857217e+01,3.267778676074908617e+01,2.017422917406468486e+01,3.061265189195582437e+01,1.291494290292525982e+01,1.894340082703547878e+01,2.723620638579642517e+01,2.183244097051061772e+01
