0.000000000000000000e+00,1.865187765017557453e+01,5.131215135760806589e+01,3.449743095381072067e+01,3.913154406560869347e+01,1.302851982239357476e+01,1.379211307955086774e+01,3.721117805818457924e+01,9.775301957449196166e+00,1.626157601640135297e+01,1.549899477855047358e+01,4.449874801595345986e+01,2.491529808171340221e+01,1.450287943198759422e+01,3.809141977336433627e+01,4.439843295155082359e+01,2.174564263512566598e+01,2.473550111662574835e+01,5.052897331990246954e+01,2.204237223004347968e+01,2.780270143801746840e+01,1.009957399001756251e+01,2.986224241090970821e+01,3.797675735081885051e+01,3.508733798356881550e+01,1.933886114671937406e+01,4.851270981748512412e+01,4.229351337209238615e+00,2.894994831471718655e+01,1.381164866613468867e+01,1.659927870911230485e+01,1.957459094382098641e+01,4.935827702409935824e+01,3.877015602168830810e+01,4.023775052384268491e+01,1.102368171258710206e+01,3.599627176945134011e+01,2.321011832594902913e+01,1.721569637548736154e+01,1.717113083750760083e+01,2.185827048574373421e+01,3.679502172842157393e+01,2.914150609500605782e+01,3.088949603454125636e+01,7.821429457072728297e+00,2.882275367600076166e+01,1.811425817775474911e+01,4.265378354768230906e+01,2.897320318973270403e+01
1.865187765017557453e+01,0.000000000000000000e+00,4.433425688779603036e+01,1.660770022200348706e+01,3.370284556656984876e+01,2.459468556271658812e+01,2.313458276487514453e+01,2.480178021781621212e+01,2.605924707914816452e+01,2.607931965715791112e+00,2.451916123991072283e+01,3.714336585038258676e+01,1.164153418653655514e+01,2.741584107560491290e+01,3.761294458502158733e+01,4.049432643659394415e+01,3.836725079669921001e+01,2.616900744235367782e+01,3.513735019394135151e+01,1.034452572731824738e+01,3.620924389516325448e+01,1.637311975935569919e+01,1.231767556487091397e+01,4.182112211792107814e+01,3.410213790775311793e+01,1.338806370600143936e+01,4.886962828461292219e+01,2.152356558817445986e+01,1.517639649952554848e+01,2.451916123991072283e+01,2.337384841581156891e+01,1.609499423880031443e+01,3.679529477118796876e+01,4.301813341493533471e+01,3.089468989987294734e+01,2.511699799080330564e+01,2.625430813056269130e+01,3.910355483530889131e+01,2.594859393528565406e+01,1.985003262597155071e+01,1.967323177532928113e+01,3.109987754858475384e+01,2.154085146833492459e+01,3.138327403111012259e+01,1.176597040512159964e+01,1.609460965781826047e+01,3.516697315316418049e+00,4.474901570514865057e+01,1.801564822963546320e+01
5.131215135760806589e+01,4.433425688779603036e+01,0.000000000000000000e+00,3.735863500726732411e+01,1.223143617132118344e+01,4.260259647612851808e+01,4.023744522676450686e+01,2.159685398323262717e+01,4.922707374823345106e+01,4.580893675841713275e+01,3.929634913113667949e+01,7.204929354685450704e+00,5.476105649208369641e+01,4.412641358499505628e+01,1.824511857915650026e+01,9.495333966407894621e+00,5.411414771809240420e+01,2.809639592310446687e+01,2.645975411066453375e+01,5.436328650710764521e+01,3.613534693489992833e+01,4.123193187280453742e+01,4.995749576969857486e+01,2.669566277906427842e+01,1.904556046648109913e+01,3.326358603422193738e+01,1.930388974703165417e+01,5.003769342813212972e+01,5.700429054612322233e+01,4.149998766269513339e+01,3.692033297501339462e+01,6.022192079683929222e+01,1.666850357715932063e+01,2.761284218896746978e+01,1.379389433324255521e+01,4.591312598920321619e+01,1.824939082436386073e+01,5.249375414832942965e+01,3.841250290634900466e+01,3.447041102826879921e+01,6.382535847672101426e+01,1.451917096168654808e+01,6.545518357083237504e+01,2.325466177887885522e+01,4.522075332141722015e+01,2.867953876735806062e+01,4.118281473150498329e+01,2.282568203081647340e+01,2.636731298849738181e+01
3.449743095381072067e+01,1.660770022200348706e+01,3.735863500726732411e+01,0.000000000000000000e+00,3.032560068686306920e+01,3.668200610841753218e+01,3.448703300528762838e+01,1.582807346664257153e+01,4.015766992231338151e+01,1.921426764984420998e+01,3.529049080975882191e+01,3.095430736851895048e+01,2.117097156461976937e+01,3.960932479476721113e+01,3.808603830629176201e+01,3.720079168977855488e+01,5.167052310348579880e+01,3.139019742529536927e+01,2.006144726931919919e+01,2.228071693304290335e+01,4.404768640010407665e+01,2.903758175261497954e+01,1.395633573326430898e+01,4.524027226267593704e+01,3.490868460175986598e+01,2.020302932675627616e+01,4.829386675296704112e+01,3.660639642608686728e+01,2.181978829168117784e+01,3.618995857890838863e+01,3.322712408626614433e+01,3.029980916744097641e+01,2.476697676081051114e+01,4.658796726085401474e+01,2.392922031474316924e+01,3.831417678618774403e+01,2.034073887468153785e+01,5.181499374017014503e+01,3.616129451649894833e+01,2.864834474243634332e+01,3.346967976593128213e+01,2.816053886885064728e+01,3.160874964208948512e+01,3.419296799572028078e+01,2.685105557846658186e+01,1.231314375485988144e+01,1.638411321969193324e+01,4.625380508569035953e+01,1.515016890847939912e+01
3.913154406560869347e+01,3.370284556656984876e+01,1.223143617132118344e+01,3.032560068686306920e+01,0.000000000000000000e+00,3.051120731310269107e+01,2.809639592310446687e+01,1.533661275237968979e+01,3.709512871149370739e+01,3.484840358082351486e+01,2.723527089409964219e+01,6.189529621230479783e+00,4.478749839780211062e+01,3.218526776215310292e+01,1.008325050322891414e+01,7.025608650634034724e+00,4.273969872692273952e+01,1.609282420785790180e+01,2.671552577941798745e+01,4.399218299095850426e+01,2.581722263589577082e+01,2.903835758624659036e+01,4.114982757215703657e+01,1.930388974703165417e+01,8.781687874782264203e+00,2.161554631236305823e+01,1.821642031640130099e+01,3.780625725681094451e+01,4.750406135553862441e+01,2.941773243040629282e+01,2.480062162366781919e+01,4.915500755652502107e+01,1.859684548173065721e+01,2.055360800212112693e+01,8.238018585278501504e+00,3.379886540776523418e+01,1.009097885260692706e+01,4.133204578645391791e+01,2.646278075556143605e+01,2.223897485694761400e+01,5.274094261254418115e+01,2.606793874840009906e+00,5.519705263476279811e+01,1.209785610372393805e+01,3.326358603422194449e+01,1.933111097348212226e+01,3.034440005991394784e+01,1.780451653550749214e+01,1.654123822275428068e+01
1.302851982239357476e+01,2.459468556271658812e+01,4.260259647612851808e+01,3.668200610841753218e+01,3.051120731310269107e+01,0.000000000000000000e+00,2.606445425400425897e+00,3.359558860844815342e+01,6.671692457084285266e+00,2.313173461717646617e+01,3.335846228542140857e+00,3.650571668068251086e+01,3.432345519229301090e+01,2.936845386416781167e+00,2.699640836718778303e+01,3.447041102826879921e+01,1.512028506446838882e+01,1.451910840459459173e+01,4.823514693417398291e+01,3.179729347934209827e+01,1.477437082393570833e+01,8.234042354508163797e+00,3.691236103541299229e+01,2.537840622830090709e+01,2.450060218735431761e+01,1.688606198792965785e+01,3.657459140521612539e+01,9.495333966407896398e+00,3.838377442359678327e+01,1.111948742847380434e+00,5.723511849966597786e+00,3.154283814686678866e+01,4.459312407395282207e+01,2.605967808901473148e+01,3.397571756687813860e+01,3.335846228542144853e+00,3.059488556789888136e+01,1.513427565683411302e+01,4.650834806579546843e+00,9.495333966407894621e+00,3.427630329668409814e+01,2.861795583026317402e+01,4.077361806400926270e+01,2.006117410491748743e+01,1.378165370856389771e+01,2.707408302782815568e+01,2.221942475741952450e+01,3.036873810682019226e+01,2.588578555145176452e+01
1.379211307955086774e+01,2.313458276487514453e+01,4.023744522676450686e+01,3.448703300528762838e+01,2.809639592310446687e+01,2.606445425400425897e+00,0.000000000000000000e+00,3.100446709232161879e+01,8.998853157974245676e+00,2.188566578737978219e+01,1.756208340553932823e+00,3.404433880531287571e+01,3.334887560546695795e+01,5.268237783828486620e+00,2.505966177565179720e+01,3.227515256943214439e+01,1.755628202050168341e+01,1.223143617132118344e+01,4.566287857599279221e+01,3.094308183936015055e+01,1.449528228173996780e+01,6.889588423829741792e+00,3.541942482842321738e+01,2.419056344710973150e+01,2.240451844380276114e+01,1.450668705974157824e+01,3.499168005916283875e+01,1.080692094040814943e+01,3.736628738739086231e+01,1.756208340553932823e+00,3.335846228542140857e+00,3.135901909092411444e+01,4.198874486968775699e+01,2.497834722632516957e+01,3.139563000900973222e+01,5.723511849966601339e+00,2.799046051868781859e+01,1.739097548764013013e+01,3.512287579004516047e+00,6.895611636100121622e+00,3.427002068303325188e+01,2.614679782611738545e+01,4.037232597197170492e+01,1.799768112093990879e+01,1.302466042657228407e+01,2.460051092444080467e+01,2.053115044123612520e+01,2.895948050753353797e+01,2.333904406799788589e+01
3.721117805818457924e+01,2.480178021781621212e+01,2.159685398323262717e+01,1.582807346664257153e+01,1.533661275237968979e+01,3.359558860844815342e+01,3.100446709232161879e+01,0.000000000000000000e+00,3.910584222498384577e+01,2.682542248590456779e+01,3.101202223398063040e+01,1.513852602790481328e+01,3.398580303573951511e+01,3.616051157924064796e+01,2.448489435201510744e+01,2.184181678356266332e+01,4.828162807014125946e+01,2.263742227462175549e+01,1.479704681711501912e+01,3.403879256987525537e+01,3.544610013608291865e+01,2.835692020340522035e+01,2.850792735393577004e+01,3.293621353965605181e+01,2.188033495921684235e+01,1.801469617776368892e+01,3.354990838365402794e+01,3.758048771788057252e+01,3.582270490469507962e+01,3.271928122120437621e+01,2.844637215625764171e+01,4.085612267844084045e+01,1.230701847613752520e+01,3.428195481084020457e+01,8.131138110540291564e+00,3.630202976386074454e+01,5.445775608602445139e+00,4.762621706153927192e+01,3.111872973931608399e+01,2.411248831203489118e+01,4.440221160433252123e+01,1.365475957900814485e+01,4.479484055803735743e+01,2.276652846049573853e+01,2.970116515236052379e+01,8.895589942779050574e+00,2.228063454318198566e+01,3.265344870345282402e+01,8.246272902840274810e+00
9.775301957449196166e+00,2.605924707914816452e+01,4.922707374823345106e+01,4.015766992231338151e+01,3.709512871149370739e+01,6.671692457084285266e+00,8.998853157974245676e+00,3.910584222498384577e+01,0.000000000000000000e+00,2.407464696815709360e+01,1.000753868562642701e+01,4.303449724572842428e+01,3.410663302433571431e+01,6.188649366783870676e+00,3.360668663979244997e+01,4.114210348535308981e+01,1.242727725721099574e+01,2.117071255660953000e+01,5.348613991179713167e+01,3.132720147811059519e+01,1.990798719636980252e+01,1.127599635590523341e+01,3.809915166631017769e+01,3.138977834492219898e+01,3.116421841726425157e+01,2.152173344384378950e+01,4.292044010958201739e+01,5.550921257869339875e+00,3.819001150721120297e+01,7.783641199931666144e+00,1.230674077657507404e+01,2.934989263410836813e+01,5.052087487107890951e+01,3.194309790796376092e+01,4.017836913917815878e+01,3.335846228542140857e+00,3.656022900762610561e+01,1.358435936712240810e+01,1.120224910286148656e+01,1.544451255106498699e+01,3.157244125370440813e+01,3.513442582654184321e+01,3.891164773205213834e+01,2.672135977380678540e+01,1.430982665944669918e+01,3.185768374081617438e+01,2.444510088167150030e+01,3.657459140521613250e+01,3.109368256139047304e+01
1.626157601640135297e+01,2.607931965715791112e+00,4.580893675841713275e+01,1.921426764984420998e+01,3.484840358082351486e+01,2.313173461717646617e+01,2.188566578737978219e+01,2.682542248590456779e+01,2.407464696815709360e+01,0.000000000000000000e+00,2.337102942662044569e+01,3.860438566394481796e+01,1.177469339918138935e+01,2.587384269672933357e+01,3.811170343723804166e+01,4.151248466253586145e+01,3.646023059769169095e+01,2.613414085187543279e+01,3.759407907290820106e+01,9.887024536741714442e+00,3.544274823576759559e+01,1.501434965678371114e+01,1.403187168229824699e+01,4.177067030219564714e+01,3.461556405187879193e+01,1.381973196441549767e+01,4.938042255048630835e+01,1.932973945924883452e+01,1.563927860393243208e+01,2.315844503428932555e+01,2.247103462455618939e+01,1.441340885117709902e+01,3.894203242160585177e+01,4.292602427609405424e+01,3.256064013947447222e+01,2.337102942662044569e+01,2.790926750808374379e+01,3.731732891976304245e+01,2.489152529446164408e+01,1.932973945924883097e+01,1.801692029836479847e+01,3.224198528267174879e+01,2.082692551193187569e+01,3.162923447626489803e+01,9.786719626660278948e+00,1.799849130891019300e+01,4.651667550575598220e+00,4.497761275353217059e+01,1.967229980864512839e+01
1.549899477855047358e+01,2.451916123991072283e+01,3.929634913113667949e+01,3.529049080975882191e+01,2.723527089409964219e+01,3.335846228542140857e+00,1.756208340553932823e+00,3.101202223398063040e+01,1.000753868562642701e+01,2.337102942662044569e+01,0.000000000000000000e+00,3.326260150890974643e+01,3.491277368756458088e+01,5.212629943177973679e+00,2.370417713865604981e+01,3.113456479972665747e+01,1.729449423411446318e+01,1.120226934155299858e+01,4.574870630401801463e+01,3.254671477850700967e+01,1.275314404140283209e+01,8.456284261777978983e+00,3.676131835432722994e+01,2.251265803815170941e+01,2.117070184751670325e+01,1.514924879846551420e+01,3.344925448001931301e+01,1.237817827777306157e+01,3.891164773205213834e+01,2.223897485694760867e+00,2.606445425400425897e+00,3.309231736980267868e+01,4.171359830228335142e+01,2.327795290306191944e+01,3.094764955720890498e+01,6.671692457084285266e+00,2.773317457496787597e+01,1.687263020277028147e+01,1.756079240038379563e+00,7.025608650634034724e+00,3.601765592527565474e+01,2.538997370923003061e+01,4.207204939879125760e+01,1.673451928806276712e+01,1.469350227426702737e+01,2.500872970010880181e+01,2.179808217366448986e+01,2.734819232148866419e+01,2.356026109767888244e+01
4.449874801595345986e+01,3.714336585038258676e+01,7.204929354685450704e+00,3.095430736851895048e+01,6.189529621230479783e+00,3.650571668068251086e+01,3.404433880531287571e+01,1.513852602790481328e+01,4.303449724572842428e+01,3.860438566394481796e+01,3.326260150890974643e+01,0.000000000000000000e+00,4.766499187677807470e+01,3.827241164628683379e+01,1.512756385162841610e+01,8.234042354508163797e+00,4.892696582718041043e+01,2.219417110569624896e+01,2.317553530990785760e+01,4.720743253020194174e+01,3.187655461873854534e+01,3.447041102826879921e+01,4.310396951540052868e+01,2.436402871591534591e+01,1.463665089407840014e+01,2.614749385391673897e+01,2.041559218609654280e+01,4.345123205370608588e+01,5.000409699213449954e+01,3.542276471348488087e+01,3.078290878948632070e+01,5.301720949645834224e+01,1.401390515203465092e+01,2.551083929062753342e+01,7.028715486724451011e+00,3.976417711610483963e+01,1.119903607148879132e+01,4.752012131769085812e+01,3.255686830749415606e+01,2.793149263759478274e+01,5.662062402617990386e+01,7.901593475133683597e+00,5.832467051683686776e+01,1.824633744180550465e+01,3.819598210615840372e+01,2.160022063747883792e+01,3.397974091746614533e+01,2.182074803098096893e+01,1.920784751390737100e+01
2.491529808171340221e+01,1.164153418653655514e+01,5.476105649208369641e+01,2.117097156461976937e+01,4.478749839780211062e+01,3.432345519229301090e+01,3.334887560546695795e+01,3.398580303573951511e+01,3.410663302433571431e+01,1.177469339918138935e+01,3.491277368756458088e+01,4.766499187677807470e+01,0.000000000000000000e+00,3.690333538550288495e+01,4.921196637448196753e+01,5.170051696512975781e+01,4.647405120112801313e+01,3.774869926035911050e+01,4.123235352273769649e+01,2.944609962497125810e+00,4.717228421378611358e+01,2.646599539167883108e+01,8.247608868110614111e+00,5.340635017306646404e+01,4.570019607946633045e+01,2.502927678262102873e+01,6.045396027696938290e+01,2.878955793922181527e+01,4.091153023971244806e+00,3.448517719829528261e+01,3.417289648904966981e+01,1.043366438940708285e+01,4.506688699892123395e+01,5.458659895950761154e+01,4.103184558372364421e+01,3.405221176717524401e+01,3.651166769056732875e+01,4.767031384543583528e+01,3.649400988640613974e+01,3.110174926090870784e+01,1.289702022780104329e+01,4.220920251595698858e+01,1.081149220088783736e+01,4.302456694042898988e+01,2.055367960128486615e+01,2.608151999795355280e+01,1.515076842878553975e+01,5.639053280994036754e+01,2.850560840592771683e+01
1.450287943198759422e+01,2.741584107560491290e+01,4.412641358499505628e+01,3.960932479476721113e+01,3.218526776215310292e+01,2.936845386416781167e+00,5.268237783828486620e+00,3.616051157924064796e+01,6.188649366783870676e+00,2.587384269672933357e+01,5.212629943177973679e+00,3.827241164628683379e+01,3.690333538550288495e+01,0.000000000000000000e+00,2.783191032703629375e+01,3.568603308996595302e+01,1.228804440296627121e+01,1.609244358708688338e+01,5.086313938601423246e+01,3.431513864958817095e+01,1.378678766929162158e+01,1.110184380775429425e+01,3.972927804448585221e+01,2.521262774649758498e+01,2.561090401931632243e+01,1.974742201375702777e+01,3.683090131670883238e+01,1.053763806054414687e+01,4.097940823149954070e+01,3.512029448036726009e+00,7.819075362751952696e+00,3.360479573477940818e+01,4.692622768363433039e+01,2.575536786953481183e+01,3.614077076058062943e+01,3.512029448036723345e+00,3.294481131979711819e+01,1.220590395257967486e+01,5.723432650063966953e+00,1.206904536751706125e+01,3.618269174948955680e+01,3.043670460767566155e+01,4.296777804251779997e+01,2.117069114501684979e+01,1.635708120430257040e+01,2.986874813939346041e+01,2.511111917209852251e+01,3.043415268185775346e+01,2.858108369481360000e+01
3.809141977336433627e+01,3.761294458502158733e+01,1.824511857915650026e+01,3.808603830629176201e+01,1.008325050322891414e+01,2.699640836718778303e+01,2.505966177565179720e+01,2.448489435201510744e+01,3.360668663979244997e+01,3.811170343723804166e+01,2.370417713865604981e+01,1.512756385162841610e+01,4.921196637448196753e+01,2.783191032703629375e+01,0.000000000000000000e+00,8.786777064805663784e+00,3.650370627622257302e+01,1.338516177977506416e+01,3.677247396779836919e+01,4.787380961255862388e+01,1.800901966408006416e+01,2.835106948970063812e+01,4.704294213896647392e+01,9.284348395396531117e+00,3.511771457156294129e+00,2.430456273638953490e+01,1.126948602860209547e+01,3.575966033267350497e+01,5.244417901242857738e+01,2.589775771012102012e+01,2.181526432302666052e+01,5.166234095531437021e+01,2.859480611608538325e+01,1.049627117336278204e+01,1.822903997479411586e+01,3.029818238370260630e+01,1.903911874341266142e+01,3.468682508511167129e+01,2.240443753876375155e+01,2.116299465086238385e+01,5.511869688899612640e+01,1.093218180433377107e+01,5.893813253080536896e+01,7.204047402837760572e+00,3.388719083721393588e+01,2.605074992892552643e+01,3.409731527102035642e+01,8.225124620715728696e+00,2.311180189382906036e+01
4.439843295155082359e+01,4.049432643659394415e+01,9.495333966407894621e+00,3.720079168977855488e+01,7.025608650634034724e+00,3.447041102826879921e+01,3.227515256943214439e+01,2.184181678356266332e+01,4.114210348535308981e+01,4.151248466253586145e+01,3.113456479972665747e+01,8.234042354508163797e+00,5.170051696512975781e+01,3.568603308996595302e+01,8.786777064805663784e+00,0.000000000000000000e+00,4.505664812457354884e+01,2.006118540630012959e+01,3.138634802697335502e+01,5.081899655790506642e+01,2.676870049052195810e+01,3.434166608563128165e+01,4.817422186622815161e+01,1.729449423411445963e+01,1.009941655913267766e+01,2.798964776785000552e+01,1.222667166487732970e+01,4.260259647612852518e+01,5.448080411599929107e+01,3.335846228542141745e+01,2.894260738550249457e+01,5.570515056811904486e+01,2.221942475741952450e+01,1.827957467306694639e+01,1.400414684928619202e+01,3.780625725681094451e+01,1.686559839944778005e+01,4.332675268947153313e+01,3.005336685280634512e+01,2.723527089409964219e+01,5.927017892999440107e+01,9.525236057174140569e+00,6.202628275097350752e+01,1.451909278936641634e+01,3.913387964710159395e+01,2.635671909759287601e+01,3.708473313025044860e+01,1.392849526124877002e+01,2.356026109767888244e+01
2.174564263512566598e+01,3.836725079669921001e+01,5.411414771809240420e+01,5.167052310348579880e+01,4.273969872692273952e+01,1.512028506446838882e+01,1.755628202050168341e+01,4.828162807014125946e+01,1.242727725721099574e+01,3.646023059769169095e+01,1.729449423411446318e+01,4.892696582718041043e+01,4.647405120112801313e+01,1.228804440296627121e+01,3.650370627622257302e+01,4.505664812457354884e+01,0.000000000000000000e+00,2.701565602895599127e+01,6.303696978400454043e+01,4.366175200692109826e+01,1.895183470720996155e+01,2.270926693767537330e+01,5.049189238813286806e+01,3.113456479972666102e+01,3.508403153929518226e+01,3.200623227596269516e+01,4.336600097104784624e+01,1.770004291076719483e+01,5.054794127577321206e+01,1.580007375125267188e+01,1.983775967308460153e+01,4.104988954284358726e+01,5.866781531322024534e+01,3.116415314371956313e+01,4.763910076050749609e+01,1.343139047785860818e+01,4.478092939426591101e+01,2.605577848329809321e+00,1.720895650439145186e+01,2.429509910554494923e+01,4.288339934967088851e+01,4.133311924059206888e+01,5.065789412598491026e+01,3.088574019746019061e+01,2.667549648652765271e+01,4.215679027265892387e+01,3.652121838286259958e+01,3.669430851396356275e+01,4.083446886866712333e+01
2.473550111662574835e+01,2.616900744235367782e+01,2.809639592310446687e+01,3.139019742529536927e+01,1.609282420785790180e+01,1.451910840459459173e+01,1.223143617132118344e+01,2.263742227462175549e+01,2.117071255660953000e+01,2.613414085187543279e+01,1.120226934155299858e+01,2.219417110569624896e+01,3.774869926035911050e+01,1.609244358708688338e+01,1.338516177977506416e+01,2.006118540630012959e+01,2.701565602895599127e+01,0.000000000000000000e+00,3.730229545317573070e+01,3.602072411217331904e+01,1.301195674007445291e+01,1.497584453747801625e+01,3.710717216174779054e+01,1.565774913711026706e+01,1.037021092143547030e+01,1.302466042657228407e+01,2.419056344710973150e+01,2.260996931346592120e+01,4.134073323995612270e+01,1.341244790097514539e+01,8.895589942779043469e+00,3.890779550717012114e+01,3.185929286199252530e+01,1.684931981745559426e+01,2.068950580927371874e+01,1.784303560073223593e+01,1.829321698359554915e+01,2.587790061823990229e+01,1.037021092143546142e+01,7.819858688610554331e+00,4.226662005580600834e+01,1.440935404425565913e+01,4.677130142959251202e+01,6.188795858545242723e+00,2.068950580927371519e+01,1.933837445306393121e+01,2.273176739626948262e+01,1.904274031433147130e+01,1.692031638603411281e+01
5.052897331990246954e+01,3.513735019394135151e+01,2.645975411066453375e+01,2.006144726931919919e+01,2.671552577941798745e+01,4.823514693417398291e+01,4.566287857599279221e+01,1.479704681711501912e+01,5.348613991179713167e+01,3.759407907290820106e+01,4.574870630401801463e+01,2.317553530990785760e+01,4.123235352273769649e+01,5.086313938601423246e+01,3.677247396779836919e+01,3.138634802697335502e+01,6.303696978400454043e+01,3.730229545317573070e+01,0.000000000000000000e+00,4.225405222820046447e+01,4.991014122741222536e+01,4.244965646239334234e+01,3.380135447973633234e+01,4.587131336019340466e+01,3.488148234351822907e+01,3.202656822694991234e+01,4.359089857160871873e+01,5.145382248366610867e+01,4.170316907782530080e+01,4.739474073485961725e+01,4.320012000743104608e+01,5.011188863025670770e+01,9.793597682063158061e+00,4.716176649293902301e+01,1.855877524765115183e+01,5.081899655790506642e+01,1.916566878188976020e+01,6.241702962989964476e+01,4.590149687449724070e+01,3.879477441578265484e+01,5.339094136581061889e+01,2.607343780512922748e+01,5.160201087315713409e+01,3.667842051097674982e+01,4.275680234485120934e+01,2.182040411875148322e+01,3.362746602381220384e+01,4.443368360470996237e+01,2.240776668149691986e+01
2.204237223004347968e+01,1.034452572731824738e+01,5.436328650710764521e+01,2.228071693304290335e+01,4.399218299095850426e+01,3.179729347934209827e+01,3.094308183936015055e+01,3.403879256987525537e+01,3.132720147811059519e+01,9.887024536741714442e+00,3.254671477850700967e+01,4.720743253020194174e+01,2.944609962497125810e+00,3.431513864958817095e+01,4.787380961255862388e+01,5.081899655790506642e+01,4.366175200692109826e+01,3.602072411217331904e+01,4.225405222820046447e+01,0.000000000000000000e+00,4.495752211573368129e+01,2.409108729667428861e+01,1.043437008386134224e+01,5.165258437342045283e+01,4.436741207876401205e+01,2.357663398031888136e+01,5.914079815966599085e+01,2.596446720916320317e+01,6.907826137136163780e+00,3.201044521223236927e+01,3.194577036260126590e+01,8.247162470376540711e+00,4.548908491366940865e+01,5.280193464068118203e+01,4.074297075377263155e+01,3.138634802697335502e+01,3.615258863434547010e+01,4.490558960313924786e+01,3.416519589015082659e+01,2.910762371607296117e+01,1.120271775583198881e+01,4.139419819969646142e+01,1.120772735054941194e+01,4.148712153455432627e+01,1.801791493445651682e+01,2.576950517427618337e+01,1.382460364985350765e+01,5.484530722223445309e+01,2.800025087717133943e+01
2.780270143801746840e+01,3.620924389516325448e+01,3.613534693489992833e+01,4.404768640010407665e+01,2.581722263589577082e+01,1.477437082393570833e+01,1.449528228173996780e+01,3.544610013608291865e+01,1.990798719636980252e+01,3.544274823576759559e+01,1.275314404140283209e+01,3.187655461873854534e+01,4.717228421378611358e+01,1.378678766929162158e+01,1.800901966408006416e+01,2.676870049052195810e+01,1.895183470720996155e+01,1.301195674007445291e+01,4.991014122741222536e+01,4.495752211573368129e+01,0.000000000000000000e+00,2.100416104577094956e+01,4.809512824111299523e+01,1.230657538230965464e+01,1.730288375333686446e+01,2.446985679820459225e+01,2.450052836327785855e+01,2.413403704676152017e+01,5.108200226210907147e+01,1.404502485326832328e+01,1.301195674007445291e+01,4.584317583175133848e+01,4.360160218570747048e+01,1.252925361838909701e+01,3.232839501352506772e+01,1.720979731625316234e+01,3.074786459115040671e+01,1.689884365667611732e+01,1.101561914800195652e+01,1.645817069060381144e+01,4.876375675531621567e+01,2.507304743271673786e+01,5.476172392486265750e+01,1.380521443477573129e+01,2.735657000681451834e+01,3.223064277476513695e+01,3.310866621877201510e+01,1.784292152500964690e+01,2.990702382013404659e+01
1.009957399001756251e+01,1.637311975935569919e+01,4.123193187280453742e+01,2.903758175261497954e+01,2.903835758624659036e+01,8.234042354508163797e+00,6.889588423829741792e+00,2.835692020340522035e+01,1.127599635590523341e+01,1.501434965678371114e+01,8.456284261777978983e+00,3.447041102826879921e+01,2.646599539167883108e+01,1.110184380775429425e+01,2.835106948970063812e+01,3.434166608563128165e+01,2.270926693767537330e+01,1.497584453747801625e+01,4.244965646239334234e+01,2.409108729667428861e+01,2.100416104577094956e+01,0.000000000000000000e+00,2.868902703752859651e+01,2.935832431744290361e+01,2.521614922399139758e+01,1.042839784990359320e+01,3.909407858423279691e+01,9.302206576622801038e+00,3.047797856580778841e+01,8.158616518081631241e+00,8.124830998277246863e+00,2.502104476070778105e+01,4.018177143081069858e+01,3.031679786472241389e+01,3.051192285295352491e+01,9.292249652082771760e+00,2.646428465035937450e+01,2.309419993578123353e+01,1.008545580445514389e+01,7.204929354685450704e+00,2.812734011580395688e+01,2.672141075968195878e+01,3.376887188827806341e+01,2.116404547021154059e+01,6.383402803073065179e+00,2.069396533725352327e+01,1.401390515203465092e+01,3.358189479724054394e+01,2.018094983705756462e+01
2.986224241090970821e+01,1.231767556487091397e+01,4.995749576969857486e+01,1.395633573326430898e+01,4.114982757215703657e+01,3.691236103541299229e+01,3.541942482842321738e+01,2.850792735393577004e+01,3.809915166631017769e+01,1.403187168229824699e+01,3.676131835432722994e+01,4.310396951540052868e+01,8.247608868110614111e+00,3.972927804448585221e+01,4.704294213896647392e+01,4.817422186622815161e+01,5.049189238813286806e+01,3.710717216174779054e+01,3.380135447973633234e+01,1.043437008386134224e+01,4.809512824111299523e+01,2.868902703752859651e+01,0.000000000000000000e+00,5.250858442258493142e+01,4.358352923262157219e+01,2.410207511935331937e+01,5.804467496153340988e+01,3.323804485855925606e+01,7.902231153579508671e+00,3.682852491174573117e+01,3.547174855002897687e+01,1.857701382993078454e+01,3.861156389295254598e+01,5.377746309723166007e+01,3.618241698694206576e+01,3.736182553610184698e+01,3.194484547857673462e+01,5.133067402417758984e+01,3.813671745118639933e+01,3.163712226886522672e+01,2.114411128329621548e+01,3.868083298486403976e+01,1.784338164686323225e+01,4.160972890390991097e+01,2.381825549835738087e+01,2.182642802176926367e+01,1.503279645924634877e+01,5.475632647808016173e+01,2.462236538414818554e+01
3.797675735081885051e+01,4.182112211792107814e+01,2.669566277906427842e+01,4.524027226267593704e+01,1.930388974703165417e+01,2.537840622830090709e+01,2.419056344710973150e+01,3.293621353965605181e+01,3.138977834492219898e+01,4.177067030219564714e+01,2.251265803815170941e+01,2.436402871591534591e+01,5.340635017306646404e+01,2.521262774649758498e+01,9.284348395396531117e+00,1.729449423411445963e+01,3.113456479972666102e+01,1.565774913711026706e+01,4.587131336019340466e+01,5.165258437342045283e+01,1.230657538230965464e+01,2.935832431744290361e+01,5.250858442258493142e+01,0.000000000000000000e+00,1.109269953750010451e+01,2.857759023035249157e+01,1.223143617132118344e+01,3.483407188278548006e+01,5.698679821662334177e+01,2.440989005355385189e+01,2.151224742381359079e+01,5.414254222192830213e+01,3.786753520778781734e+01,1.357687702245079064e+00,2.731670099025329890e+01,2.834718634283702343e+01,2.755013957570087513e+01,2.894252926818007055e+01,2.084774195740781977e+01,2.282568203081648406e+01,5.738490766469805493e+01,1.982082790922367010e+01,6.230396267035860092e+01,1.109269953750010451e+01,3.557390554624627299e+01,3.293621353965606602e+01,3.837029518939574757e+01,5.559743714236901724e+00,3.009672679290397213e+01
3.508733798356881550e+01,3.410213790775311793e+01,1.904556046648109913e+01,3.490868460175986598e+01,8.781687874782264203e+00,2.450060218735431761e+01,2.240451844380276114e+01,2.188033495921684235e+01,3.116421841726425157e+01,3.461556405187879193e+01,2.117070184751670325e+01,1.463665089407840014e+01,4.570019607946633045e+01,2.561090401931632243e+01,3.511771457156294129e+00,1.009941655913267766e+01,3.508403153929518226e+01,1.037021092143547030e+01,3.488148234351822907e+01,4.436741207876401205e+01,1.730288375333686446e+01,2.521614922399139758e+01,4.358352923262157219e+01,1.109269953750010451e+01,0.000000000000000000e+00,2.080300398256858330e+01,1.477339140301525333e+01,3.295519575747520946e+01,4.893714083694480621e+01,2.339044713668459963e+01,1.909761021575193141e+01,4.822613827615683846e+01,2.727456920789766670e+01,1.242580397795796721e+01,1.638046958438680889e+01,2.783192660400089835e+01,1.647206338449666774e+01,3.344870714601889006e+01,2.001507737125285402e+01,1.801121992742501732e+01,5.169708211051155189e+01,8.813316322129734814e+00,5.544045298321596960e+01,4.447794971389521734e+00,3.059398613181602755e+01,2.276652846049573853e+01,3.058674184214428138e+01,1.136794322042709560e+01,1.983877742279614509e+01
1.933886114671937406e+01,1.338806370600143936e+01,3.326358603422193738e+01,2.020302932675627616e+01,2.161554631236305823e+01,1.688606198792965785e+01,1.450668705974157824e+01,1.801469617776368892e+01,2.152173344384378950e+01,1.381973196441549767e+01,1.514924879846551420e+01,2.614749385391673897e+01,2.502927678262102873e+01,1.974742201375702777e+01,2.430456273638953490e+01,2.798964776785000552e+01,3.200623227596269516e+01,1.302466042657228407e+01,3.202656822694991234e+01,2.357663398031888136e+01,2.446985679820459225e+01,1.042839784990359320e+01,2.410207511935331937e+01,2.857759023035249157e+01,2.080300398256858330e+01,0.000000000000000000e+00,3.557390554624627299e+01,1.957433528692509128e+01,2.846737424050060739e+01,1.625176234584930057e+01,1.302466042657228407e+01,2.774312883785401596e+01,3.004253240432991845e+01,2.981029871149609178e+01,2.112702611410023223e+01,1.905345585146051235e+01,1.673466877565706667e+01,3.189424132923515742e+01,1.595992022947178768e+01,8.460156040614949191e+00,3.129360557879137517e+01,1.904735094999329448e+01,3.463909421831750279e+01,1.799886480052049720e+01,1.223143617132118699e+01,1.034009657568228135e+01,9.881185095451746392e+00,3.136234548437218805e+01,9.788111027912533402e+00
4.851270981748512412e+01,4.886962828461292219e+01,1.930388974703165417e+01,4.829386675296704112e+01,1.821642031640130099e+01,3.657459140521612539e+01,3.499168005916283875e+01,3.354990838365402794e+01,4.292044010958201739e+01,4.938042255048630835e+01,3.344925448001931301e+01,2.041559218609654280e+01,6.045396027696938290e+01,3.683090131670883238e+01,1.126948602860209547e+01,1.222667166487732970e+01,4.336600097104784624e+01,2.419056344710973150e+01,4.359089857160871873e+01,5.914079815966599085e+01,2.450052836327785855e+01,3.909407858423279691e+01,5.804467496153340988e+01,1.223143617132118344e+01,1.477339140301525333e+01,3.557390554624627299e+01,0.000000000000000000e+00,4.579803509693154240e+01,6.363912511453422383e+01,3.552855902015443235e+01,3.194380569459493557e+01,6.286071614130069207e+01,3.428609559732046108e+01,1.230655706158029083e+01,2.604224457725010922e+01,3.973417405419274928e+01,2.828095438386680982e+01,4.116449920861822420e+01,3.192897959379787309e+01,3.200373060921062773e+01,6.629243368344026521e+01,2.016100069641828441e+01,7.020712200426085303e+01,1.808477077925051901e+01,4.487251842585585138e+01,3.664980264250103659e+01,4.535538497356035492e+01,6.671692457084281713e+00,3.371980686337511202e+01
4.229351337209238615e+00,2.152356558817445986e+01,5.003769342813212972e+01,3.660639642608686728e+01,3.780625725681094451e+01,9.495333966407896398e+00,1.080692094040814943e+01,3.758048771788057252e+01,5.550921257869339875e+00,1.932973945924883452e+01,1.237817827777306157e+01,4.345123205370608588e+01,2.878955793922181527e+01,1.053763806054414687e+01,3.575966033267350497e+01,4.260259647612852518e+01,1.770004291076719483e+01,2.260996931346592120e+01,5.145382248366610867e+01,2.596446720916320317e+01,2.413403704676152017e+01,9.302206576622801038e+00,3.323804485855925606e+01,3.483407188278548006e+01,3.295519575747520946e+01,1.957433528692509128e+01,4.579803509693154240e+01,0.000000000000000000e+00,3.285657436303214496e+01,1.042630410233739369e+01,1.395294343984752317e+01,2.380158561585984600e+01,4.947498027584392588e+01,3.554185147786155596e+01,3.976500067190387000e+01,7.025608650634034724e+00,3.576184028543661242e+01,1.905523974087715189e+01,1.399340282330232377e+01,1.556728239986332873e+01,2.607059677559949762e+01,3.560834145477954138e+01,3.336072674650384329e+01,2.861775752853497323e+01,9.876197161492417109e+00,2.963368512707772950e+01,2.040390090777738052e+01,3.972605462309877566e+01,2.936244617092665621e+01
2.894994831471718655e+01,1.517639649952554848e+01,5.700429054612322233e+01,2.181978829168117784e+01,4.750406135553862441e+01,3.838377442359678327e+01,3.736628738739086231e+01,3.582270490469507962e+01,3.819001150721120297e+01,1.563927860393243208e+01,3.891164773205213834e+01,5.000409699213449954e+01,4.091153023971244806e+00,4.097940823149954070e+01,5.244417901242857738e+01,5.448080411599929107e+01,5.054794127577321206e+01,4.134073323995612270e+01,4.170316907782530080e+01,6.907826137136163780e+00,5.108200226210907147e+01,3.047797856580778841e+01,7.902231153579508671e+00,5.698679821662334177e+01,4.893714083694480621e+01,2.846737424050060739e+01,6.363912511453422383e+01,3.285657436303214496e+01,0.000000000000000000e+00,3.852845713316381193e+01,3.810352717819544921e+01,1.304656914060117501e+01,4.634773453173202995e+01,5.818988515573273190e+01,4.321503270731385982e+01,3.814141697552366139e+01,3.880582764159536424e+01,5.175736440926641535e+01,4.047404834189941170e+01,3.490035300145381569e+01,1.471507031994186221e+01,4.495780811009936428e+01,1.000753868562642523e+01,4.644834972315761235e+01,2.462479329943581163e+01,2.843373109720977610e+01,1.861810883073396994e+01,5.979255072969299789e+01,3.103358403009868027e+01
1.381164866613468867e+01,2.451916123991072283e+01,4.149998766269513339e+01,3.618995857890838863e+01,2.941773243040629282e+01,1.111948742847380434e+00,1.756208340553932823e+00,3.271928122120437621e+01,7.783641199931666144e+00,2.315844503428932555e+01,2.223897485694760867e+00,3.542276471348488087e+01,3.448517719829528261e+01,3.512029448036726009e+00,2.589775771012102012e+01,3.335846228542141745e+01,1.580007375125267188e+01,1.341244790097514539e+01,4.739474073485961725e+01,3.201044521223236927e+01,1.404502485326832328e+01,8.158616518081631241e+00,3.682852491174573117e+01,2.440989005355385189e+01,2.339044713668459963e+01,1.625176234584930057e+01,3.552855902015443235e+01,1.042630410233739369e+01,3.852845713316381193e+01,0.000000000000000000e+00,4.650883554361390892e+00,3.202907099070205277e+01,4.362605923311524236e+01,2.511744516946338734e+01,3.295975931063027531e+01,4.447794971389525287e+00,2.962996477549362950e+01,1.565630511150060578e+01,3.602118036801782441e+00,8.607425692171915443e+00,3.483093880294634204e+01,2.753910538804084496e+01,4.118096089470398624e+01,1.895193014530753572e+01,1.400414684928619202e+01,2.635671909759287246e+01,2.202380136360634211e+01,2.935430434998178484e+01,2.508528858502515035e+01
1.659927870911230485e+01,2.337384841581156891e+01,3.692033297501339462e+01,3.322712408626614433e+01,2.480062162366781919e+01,5.723511849966597786e+00,3.335846228542140857e+00,2.844637215625764171e+01,1.230674077657507404e+01,2.247103462455618939e+01,2.606445425400425897e+00,3.078290878948632070e+01,3.417289648904966981e+01,7.819075362751952696e+00,2.181526432302666052e+01,2.894260738550249457e+01,1.983775967308460153e+01,8.895589942779043469e+00,4.320012000743104608e+01,3.194577036260126590e+01,1.301195674007445291e+01,8.124830998277246863e+00,3.547174855002897687e+01,2.151224742381359079e+01,1.909761021575193141e+01,1.302466042657228407e+01,3.194380569459493557e+01,1.395294343984752317e+01,3.810352717819544921e+01,4.650883554361390892e+00,0.000000000000000000e+00,3.314175717987643566e+01,3.910715311118509163e+01,2.239444706827116605e+01,2.835366594771849691e+01,8.998853157974245676e+00,2.512737529511742451e+01,1.931120241711355590e+01,2.937154067710748162e+00,4.645904615336193366e+00,3.621709607852944401e+01,2.289444399178529110e+01,4.186085611943941132e+01,1.470874281325253463e+01,1.450668705974158001e+01,2.263742227462175194e+01,2.044061761348004680e+01,2.606054566580200316e+01,2.108459502726191559e+01
1.957459094382098641e+01,1.609499423880031443e+01,6.022192079683929222e+01,3.029980916744097641e+01,4.915500755652502107e+01,3.154283814686678866e+01,3.135901909092411444e+01,4.085612267844084045e+01,2.934989263410836813e+01,1.441340885117709902e+01,3.309231736980267868e+01,5.301720949645834224e+01,1.043366438940708285e+01,3.360479573477940818e+01,5.166234095531437021e+01,5.570515056811904486e+01,4.104988954284358726e+01,3.890779550717012114e+01,5.011188863025670770e+01,8.247162470376540711e+00,4.584317583175133848e+01,2.502104476070778105e+01,1.857701382993078454e+01,5.414254222192830213e+01,4.822613827615683846e+01,2.774312883785401596e+01,6.286071614130069207e+01,2.380158561585984600e+01,1.304656914060117501e+01,3.202907099070205277e+01,3.314175717987643566e+01,0.000000000000000000e+00,5.270365339123484461e+01,5.517307153055973856e+01,4.693296896108424221e+01,3.028292502279267495e+01,4.228360877514231220e+01,4.269045532056350822e+01,3.482776775768317634e+01,3.133617653905758260e+01,3.603511464059065084e+00,4.655294629252549754e+01,9.608219185527310913e+00,4.482448361454611074e+01,1.865632775822431810e+01,3.218960386328533474e+01,1.905065032117050450e+01,5.794810808448921335e+01,3.403793048253979947e+01
