0.000000000000000000e+00,6.631601923827699352e+01,5.723235072072104579e+00,3.444014388375730817e+01,6.073858551281328744e+01,3.715251050365030494e+01,1.463285539245094746e+01,4.001239529653078364e+01,4.318764186895285917e+01,6.467346930076449496e+01,3.959375809882974551e+01,3.824279823199675121e+01,6.802863296260153447e+01,1.221064641146758767e+01,3.241849714220027323e+01,2.461327918946340532e+01,5.211588548207175542e+00,2.568371378226008162e+01,6.152574038496924658e+01,5.211935275267068235e+00,5.450241799609709403e+01,1.512392153147237117e+01,4.332260111346821674e+01,3.127682618629092914e+01,4.536420795238659309e+01,1.931687514472774225e+01,3.513265450701003800e+01,3.969381517126647907e+01,1.544310411364529934e+01,2.450111249160949356e+01,3.545288547278030222e+01,2.439002421308275004e+01,3.877356056258305728e+01,3.731786333909174402e+01,6.734511736527457515e+01,4.393737366056462434e+01,4.494734718076418289e+01,2.728642391042118831e+01,6.032664481562798109e+00,2.224854076981922901e+01,3.489574640317018606e+01,6.282816870615054228e+01,4.633212937733092929e+01,5.559743714236903855e+01,4.622446862317014649e+01,5.450241799609709403e+01,1.754222178178126867e+01,3.744407355852521846e+01,2.289270371241714841e+01,3.051049439828885568e+01,3.017808748570622157e+01,2.066383110695389291e+01,2.058624183014151399e+01,4.301818818681825363e+00,1.252939766714228753e+01,3.227510348819366470e+01,1.512392153147237117e+01,1.687799426626851940e+01,1.209318017708521431e+01,1.303048915233712357e+01
6.631601923827699352e+01,0.000000000000000000e+00,6.293122404118631863e+01,3.398512785666100910e+01,1.958146556934329041e+01,5.796574590958942963e+01,5.170175484034988500e+01,4.012288307555998301e+01,2.335454526656866392e+01,2.726253397266380496e+00,3.489887838035852496e+01,4.900164232549532528e+01,2.726928528503514748e+00,5.548128458185160383e+01,3.622265972726910377e+01,4.716850066780638429e+01,7.149574563873281363e+01,4.738698179719855119e+01,2.409383217962725610e+01,6.114129360321037154e+01,3.952754167600452462e+01,5.194342225200894347e+01,2.555193573734580426e+01,3.542474200721179045e+01,3.560846993968166174e+01,4.766325877886458784e+01,5.082795796673236310e+01,2.703504065335727802e+01,5.178499412711412475e+01,5.369845367713561757e+01,3.683877925079801230e+01,4.787361317234645242e+01,2.774612641238482880e+01,3.742153753673099459e+01,6.393731205516290927e+00,2.440186154567585319e+01,4.123237585198152289e+01,4.114100701541937610e+01,6.757477288753841549e+01,4.793761535733285939e+01,4.955859183885974062e+01,9.794746032172479744e+00,2.607628027830610051e+01,4.095935049323669119e+01,2.152214808602467144e+01,3.952754167600452462e+01,5.018442842016058592e+01,2.958815339177195369e+01,5.514422379750388359e+01,4.179646554034231798e+01,3.617692666684174441e+01,5.302012277368226734e+01,4.669218164397433668e+01,6.549363091148380533e+01,5.914474182604020314e+01,4.668918236214222617e+01,5.194342225200894347e+01,5.026928551068635898e+01,6.365815076681947460e+01,5.339198319500199119e+01
5.723235072072104579e+00,6.293122404118631863e+01,0.000000000000000000e+00,3.252443961303386999e+01,5.612880632304899109e+01,3.968210680584341787e+01,1.220945987344558503e+01,4.001531722324267548e+01,3.960752193895733342e+01,6.113735898849964201e+01,3.871271533027433520e+01,3.951784220148800131e+01,6.479063826971668050e+01,1.222966879270551743e+01,2.798397186231743206e+01,1.933738255796864181e+01,1.009925980357311559e+01,2.592959774607156831e+01,5.666451131880121750e+01,4.224040986769317385e+00,4.900110278963292387e+01,1.399279914809883607e+01,3.909668739455592146e+01,2.754195785088796100e+01,4.494215130720569107e+01,1.762107765059247910e+01,2.941637890711190195e+01,3.688854190379791476e+01,1.119244652703411091e+01,2.621414120954028704e+01,3.448445935658263295e+01,2.457369858628577930e+01,3.584489005905438574e+01,3.218400095401489125e+01,6.441893220495732919e+01,3.982326130228903338e+01,4.525124336094447841e+01,2.277637992330034322e+01,1.138755413395706206e+01,2.200529492560794154e+01,2.919624268047103044e+01,5.881550330868113718e+01,4.173153840445360174e+01,5.005612283357488934e+01,4.227446248789615879e+01,4.900110278963292387e+01,1.303005523788879749e+01,3.358493178570397930e+01,1.716946864717416332e+01,2.538841196457280347e+01,2.682275861014323226e+01,2.186437409873393278e+01,1.638600621847311345e+01,2.605750959442909576e+00,6.808501911409992502e+00,2.668676982833713751e+01,1.399279914809883607e+01,1.559684847523845264e+01,7.019939000565704745e+00,9.867093913997660337e+00
3.444014388375730817e+01,3.398512785666100910e+01,3.252443961303386999e+01,0.000000000000000000e+00,3.599657605537014859e+01,2.833915264224021513e+01,2.032174733771615038e+01,1.406783321261460173e+01,1.470954753482173949e+01,3.298686914722658514e+01,8.827278218348714844e+00,2.086380819956312394e+01,3.516719050772807265e+01,2.255925764847540904e+01,1.741149533156601237e+01,2.470810611805244150e+01,3.935703712187414283e+01,1.361837136045215502e+01,3.898820460443521085e+01,2.962362890316499531e+01,4.219613034693737319e+01,1.932968391009479703e+01,1.957601237236810832e+01,1.222493301432253965e+01,1.563394674744501600e+01,1.513730539446108914e+01,3.651344568564244497e+01,7.783641199931662591e+00,2.276396871142589973e+01,2.019944156952761460e+01,6.039448436362465422e+00,1.395441253817872429e+01,7.901824363151360053e+00,2.566549641578564689e+01,3.371615866380972193e+01,1.904854819756490869e+01,1.917083705743624122e+01,1.823747417876669275e+01,3.447830893900560056e+01,1.399746896863039147e+01,3.525330648482275819e+01,3.360772326944874067e+01,2.476106297646821019e+01,4.390878630485962475e+01,1.933928592942513092e+01,4.219613034693737319e+01,2.221417726048795060e+01,1.379627411132475068e+01,3.264944298379231213e+01,2.351208862868064742e+01,1.009429940954852434e+01,1.904854819756490514e+01,1.917553885682249160e+01,3.480561706360130358e+01,3.120955651539828324e+01,3.064542203163107459e+01,1.932968391009479703e+01,1.757308793501652744e+01,3.576071581418199941e+01,2.272725798454183987e+01
6.073858551281328744e+01,1.958146556934329041e+01,5.612880632304899109e+01,3.599657605537014859e+01,0.000000000000000000e+00,6.404576540118650030e+01,4.720484869604077716e+01,4.738558933897635939e+01,2.130168292699001853e+01,1.693779638435399804e+01,4.123192041579397937e+01,5.581971696213533107e+01,2.224574087606025330e+01,5.229443064992736367e+01,2.833480815951021015e+01,3.744644992684011697e+01,6.587089389140129470e+01,4.900141789893240940e+01,4.648548003078932567e+00,5.562079522369423046e+01,2.051618667562937048e+01,4.875281275978485951e+01,1.799813587221946420e+01,3.051192285295353201e+01,4.494353472785986980e+01,4.499514981910513001e+01,3.618384009563367698e+01,2.832698210238463332e+01,4.529594468846987354e+01,5.566404117467416768e+01,4.114908807899550425e+01,4.894467162550638761e+01,2.809705235900361231e+01,2.498822974402837005e+01,2.572974534157563653e+01,1.784315031031843191e+01,5.053245440618734108e+01,3.345474591725931646e+01,6.366094398155537704e+01,4.783315809876419422e+01,3.512289682163857663e+01,9.786719626660278948e+00,1.441061699766750515e+01,2.178205115744771803e+01,1.673466877565706667e+01,2.051618667562937048e+01,4.322882099047325255e+01,2.461379565217448118e+01,4.390051383427439191e+01,3.128100636789158884e+01,3.250385998864535964e+01,5.339088561504586039e+01,4.017836913917815878e+01,5.871548881860066871e+01,5.076477028881773634e+01,3.365396155408032541e+01,4.875281275978485951e+01,4.740982020698375976e+01,5.473354376643532504e+01,4.798173761817310634e+01
3.715251050365030494e+01,5.796574590958942963e+01,3.968210680584341787e+01,2.833915264224021513e+01,6.404576540118650030e+01,0.000000000000000000e+00,3.192560960326081343e+01,1.784330424925308378e+01,4.292945774911748913e+01,5.783739415794642014e+01,2.339065194526493130e+01,8.999385825777110881e+00,5.822169142947584675e+01,2.815174809813560941e+01,4.320301808108234809e+01,4.537106129830404910e+01,3.946603055013421368e+01,1.811937041956540639e+01,6.725126224180513645e+01,3.545880086776747220e+01,6.969130107653344908e+01,2.844913207057184934e+01,4.787118825314679782e+01,3.816980017544099013e+01,2.289763819367966846e+01,2.812525930610325986e+01,5.913291733121707949e+01,3.576497064261818082e+01,3.715208725953875302e+01,1.395625822617494727e+01,2.289699623163433984e+01,1.906662537807887148e+01,3.615179542347234332e+01,5.178660304525025282e+01,5.531500602951086876e+01,4.738489373874774913e+01,1.801819542158823495e+01,4.135709035094497921e+01,3.267752460454923380e+01,2.181735123740461901e+01,5.814100776512277235e+01,6.029204203988010846e+01,5.301720949645834224e+01,7.134142595213147331e+01,4.758076421870966755e+01,6.969130107653344908e+01,3.839591473387621079e+01,4.174536790812362597e+01,5.050477452117802102e+01,4.738964646886797993e+01,3.556317203806750626e+01,1.860568903079632008e+01,3.762096278199416588e+01,4.044085382144495355e+01,4.327652041347241152e+01,5.366879621946581835e+01,2.844913207057184934e+01,2.789166558271850604e+01,4.622368337452886067e+01,3.427308093496702668e+01
1.463285539245094746e+01,5.170175484034988500e+01,1.220945987344558503e+01,2.032174733771615038e+01,4.720484869604077716e+01,3.192560960326081343e+01,0.000000000000000000e+00,2.860668585628549110e+01,2.867665482095205576e+01,5.009769181182888786e+01,2.670626508093996776e+01,2.962585215656687510e+01,5.339733193294112823e+01,5.723551486133676924e+00,1.909770524683221637e+01,1.497395087657859847e+01,1.979566668276534003e+01,1.533121908160255131e+01,4.850503545975583819e+01,9.522854830797477632e+00,4.412585885414650022e+01,3.512804261515270365e+00,2.938370017321778604e+01,1.698735647357008460e+01,3.314433245782739590e+01,5.551575723320843814e+00,2.847798854967328097e+01,2.508682255754902712e+01,5.268237783828486620e+00,1.800192320314484462e+01,2.247103462455618939e+01,1.400577119819837435e+01,2.414622761874539947e+01,2.571890195100797172e+01,5.273557661240976557e+01,2.985232350003573742e+01,3.403824875573348407e+01,1.445533365701594875e+01,1.648923304386050859e+01,1.110577256104888910e+01,2.772327796176150372e+01,4.852470182444122315e+01,3.295554026706981432e+01,4.548368352515203128e+01,3.195090673734372544e+01,4.412585885414650022e+01,6.894723305142564485e+00,2.317292200167068117e+01,1.862679544778476171e+01,1.933790917417189803e+01,1.564050202182757410e+01,1.337824855801911461e+01,7.901449744065008218e+00,1.449528228173996780e+01,1.227862240256499327e+01,2.375944849231889222e+01,3.512804261515270365e+00,4.227900149559179255e+00,1.633911346672699594e+01,2.718537108584307305e+00
4.001239529653078364e+01,4.012288307555998301e+01,4.001531722324267548e+01,1.406783321261460173e+01,4.738558933897635939e+01,1.784330424925308378e+01,2.860668585628549110e+01,0.000000000000000000e+00,2.703334464990403418e+01,4.003015474250570094e+01,6.191892334656030172e+00,8.895589942779047021e+00,4.039988220062645752e+01,2.803108888706023905e+01,3.139377182985279902e+01,3.743479283252792555e+01,4.408987458059926468e+01,1.432895565296194640e+01,5.097314440126794466e+01,3.622624399424336872e+01,5.599227991598093723e+01,2.608008240104028630e+01,3.279718107949037176e+01,2.614532178814186025e+01,6.042183384400283686e+00,2.314598942611599242e+01,5.009343189865980861e+01,1.992408498224802926e+01,3.273824401137550666e+01,1.758348914945549879e+01,8.136064505224659626e+00,1.562862294118253992e+01,2.070023020619562715e+01,3.972842487179536874e+01,3.759517975785816191e+01,3.202535997097907483e+01,5.565395145204277583e+00,3.154602933240799700e+01,3.789007070502876928e+01,1.801576719045354125e+01,4.888073781990247113e+01,4.279973826122247260e+01,3.799976717742104881e+01,5.772342493973879129e+01,3.157910272838761401e+01,5.599227991598093723e+01,3.296406802912836298e+01,2.764190161814983071e+01,4.466436339716938875e+01,3.719372235528156523e+01,2.380770776685076484e+01,1.981341762115297200e+01,3.067865212841369171e+01,4.177142335917073268e+01,4.081323668886115996e+01,4.424158060481184407e+01,2.608008240104028630e+01,2.460671078857771121e+01,4.494135775346134665e+01,3.132334671691693728e+01
4.318764186895285917e+01,2.335454526656866392e+01,3.960752193895733342e+01,1.470954753482173949e+01,2.130168292699001853e+01,4.292945774911748913e+01,2.867665482095205576e+01,2.703334464990403418e+01,0.000000000000000000e+00,2.153445707486034877e+01,2.086240256337273635e+01,3.500533853069333645e+01,2.533825956525851453e+01,3.296114011436889513e+01,1.344780284299746853e+01,2.443556658061037368e+01,4.839237691198822233e+01,2.779871857118451928e+01,2.432208709179029782e+01,3.798440520413389265e+01,2.986214609489919170e+01,2.936181763799338640e+01,6.384545568197911081e+00,1.207447098740091818e+01,2.590367900649282262e+01,2.521880142770918454e+01,3.128490361839743628e+01,7.205941838888064943e+00,2.844166654639163028e+01,3.447041102826880632e+01,2.009188045594489580e+01,2.783202468817302844e+01,6.809168898694439420e+00,1.771736821556301678e+01,2.556112137244404892e+01,5.272509687730292605e+00,3.102036056426264921e+01,1.800192320314484817e+01,4.492867650917576583e+01,2.699731787080665413e+01,2.992827852016114676e+01,2.009188045594488869e+01,1.128035458329162388e+01,3.161758063952744990e+01,4.651421734337974456e+00,2.986214609489919170e+01,2.683105356582745316e+01,6.384545568197911081e+00,3.274921901574571592e+01,1.983652977912861459e+01,1.303615312157527661e+01,3.250398627858038481e+01,2.333763956812116191e+01,4.218111532587052181e+01,3.584235605322898977e+01,2.604853526221156557e+01,2.936181763799338640e+01,2.779480792327061422e+01,4.039282408993592810e+01,3.018444681837883437e+01
6.467346930076449496e+01,2.726253397266380496e+00,6.113735898849964201e+01,3.298686914722658514e+01,1.693779638435399804e+01,5.783739415794642014e+01,5.009769181182888786e+01,4.003015474250570094e+01,2.153445707486034877e+01,0.000000000000000000e+00,3.457799903079659742e+01,4.892574468528474796e+01,5.453181925769895244e+00,5.405823707638095499e+01,3.411179899495950707e+01,4.499471566529894773e+01,6.986898264966640681e+01,4.651692273515978115e+01,2.148744746452163668e+01,5.948037294794157503e+01,3.680592616023877639e+01,5.049408745789446584e+01,2.327052478690365334e+01,3.359602139874063909e+01,3.581660825405376158e+01,4.624013532876849553e+01,4.828359968372291178e+01,2.576893563636910400e+01,4.996158512987408074e+01,5.293223955413446902e+01,3.622867638220868969e+01,4.693355926926842159e+01,2.637363099842314540e+01,3.496077660548412069e+01,8.834768461493963443e+00,2.216948168920069051e+01,4.150192612777202328e+01,3.910613416772527273e+01,6.613180138177465039e+01,4.684068784316757217e+01,4.702425553743920261e+01,7.166476508894600528e+00,2.353195063525119579e+01,3.824279823199675121e+01,1.934112214281383046e+01,3.680592616023877639e+01,4.830063382402587280e+01,2.764190161814982361e+01,5.287827533145233616e+01,3.951479347800558628e+01,3.449590805441394537e+01,5.203045733423657282e+01,4.482694750060714739e+01,6.371380370085175571e+01,5.716759202319049393e+01,4.424158060481184407e+01,5.049408745789446584e+01,4.884618127867643267e+01,6.164563931375205641e+01,5.169708211051155189e+01
3.959375809882974551e+01,3.489887838035852496e+01,3.871271533027433520e+01,8.827278218348714844e+00,4.123192041579397937e+01,2.339065194526493130e+01,2.670626508093996776e+01,6.191892334656030172e+00,2.086240256337273635e+01,3.457799903079659742e+01,0.000000000000000000e+00,1.471004594321966863e+01,3.542740980696478204e+01,2.738350808753693144e+01,2.617404709044131650e+01,3.332916305364468457e+01,4.410489401497284234e+01,1.479407278406605464e+01,4.478792289825896233e+01,3.527559426263687925e+01,5.003362073023056666e+01,2.479121277206113660e+01,2.670815408450241790e+01,2.103386873287136538e+01,6.905327421790839360e+00,2.116374056979559981e+01,4.534008317304901681e+01,1.379985403385274267e+01,3.012232462178399217e+01,1.992261304417433365e+01,4.235665140965165776e+00,1.582338147274326090e+01,1.464733547841711570e+01,3.426414722712506489e+01,3.298954268870499362e+01,2.589809686401385491e+01,1.055479082761684495e+01,2.700552137361528082e+01,3.839277357907224086e+01,1.742101343728437968e+01,4.408058322911762161e+01,3.692122298214952281e+01,3.189613749337689441e+01,5.177308843826617135e+01,2.539292368703519998e+01,5.003362073023056666e+01,2.995768683604218197e+01,2.181584133860777897e+01,4.104490158856167170e+01,3.233936612509217667e+01,1.891551845926521480e+01,2.081626431153364365e+01,2.724154314198554516e+01,4.073851181032141255e+01,3.849130321971491497e+01,3.947179966210574520e+01,2.479121277206113660e+01,2.312946650667038284e+01,4.287320213089180498e+01,2.934646475304948154e+01
3.824279823199675121e+01,4.900164232549532528e+01,3.951784220148800131e+01,2.086380819956312394e+01,5.581971696213533107e+01,8.999385825777110881e+00,2.962585215656687510e+01,8.895589942779047021e+00,3.500533853069333645e+01,4.892574468528474796e+01,1.471004594321966863e+01,0.000000000000000000e+00,4.922870794694100027e+01,2.731622565398148339e+01,3.716485587023333892e+01,4.120809284627296165e+01,4.154883102266868633e+01,1.432895565296194462e+01,5.923068406745221637e+01,3.539762864384985619e+01,6.297631598232239014e+01,2.645663580564560746e+01,4.036800378729896011e+01,3.193566678861254360e+01,1.395603886892216572e+01,2.479653901140127203e+01,5.462729209805387143e+01,2.780006986362951693e+01,3.450347665951174747e+01,1.380151477280344174e+01,1.498194201341468279e+01,1.562862294118253814e+01,2.836149242604018283e+01,4.574606677725807202e+01,4.631807535945153376e+01,3.974348153196056899e+01,9.503802578169281645e+00,3.621709607852943691e+01,3.490051255854821477e+01,1.855669010271336461e+01,5.351743316339521073e+01,5.160134261571983672e+01,4.557449362284543781e+01,6.467346930076449496e+01,3.963512649466478877e+01,6.297631598232239014e+01,3.528303872810767672e+01,3.463088343419596526e+01,4.745611445401043227e+01,4.217855598277553497e+01,2.938622382553660728e+01,1.770423670763987900e+01,3.374919995335299205e+01,4.081323668886115996e+01,4.177142335917073268e+01,4.891360564073618633e+01,2.645663580564560746e+01,2.539795220185561675e+01,4.537941600483235760e+01,3.225679292599846804e+01
6.802863296260153447e+01,2.726928528503514748e+00,6.479063826971668050e+01,3.516719050772807265e+01,2.224574087606025330e+01,5.822169142947584675e+01,5.339733193294112823e+01,4.039988220062645752e+01,2.533825956525851453e+01,5.453181925769895244e+00,3.542740980696478204e+01,4.922870794694100027e+01,0.000000000000000000e+00,5.699966597689620329e+01,3.841164573939740023e+01,4.939767730512834731e+01,7.318835931282147556e+01,4.839544045709509135e+01,2.672480041681391327e+01,6.287702960037722022e+01,4.225042942013185865e+01,5.349292070865023874e+01,2.791385922065358827e+01,3.736353480634548418e+01,3.560847640564142580e+01,4.919680772899275922e+01,5.339091224119964352e+01,2.850676754565350635e+01,5.368545078377827195e+01,5.459044367381244456e+01,3.763715980020747054e+01,4.894792333413819563e+01,2.930896589166662380e+01,3.991743464192565227e+01,4.309024880784634526e+00,2.672661517533889963e+01,4.114210348535308981e+01,4.325258445720714917e+01,6.909560712136162408e+01,4.916173387894203728e+01,5.211293979876806759e+01,1.246584096529736030e+01,2.865473399109213304e+01,4.367778483367307985e+01,2.381636451656680720e+01,4.225042942013185865e+01,5.214325330251705282e+01,3.165029127512168117e+01,5.745076054891286788e+01,4.412920281148592494e+01,3.797989246004443942e+01,5.412942389101017682e+01,4.863925515356831397e+01,6.733728524698591400e+01,6.118001945188666468e+01,4.916673263214327960e+01,5.349292070865023874e+01,5.179727863014306166e+01,6.572266243793451679e+01,5.517004609636296664e+01
1.221064641146758767e+01,5.548128458185160383e+01,1.222966879270551743e+01,2.255925764847540904e+01,5.229443064992736367e+01,2.815174809813560941e+01,5.723551486133676924e+00,2.803108888706023905e+01,3.296114011436889513e+01,5.405823707638095499e+01,2.738350808753693144e+01,2.731622565398148339e+01,5.699966597689620329e+01,0.000000000000000000e+00,2.450062996529576509e+01,2.058703378422740471e+01,1.687531079487831320e+01,1.378495566794293126e+01,5.380498209338768589e+01,8.230074003166544472e+00,4.984203186453692069e+01,3.602306969764027755e+00,3.434214259044350825e+01,2.181609649118440686e+01,3.323076249655188974e+01,7.820120101856851136e+00,3.387814695920366148e+01,2.849290187567185129e+01,1.042560781267896886e+01,1.431300677173704017e+01,2.324495667185446024e+01,1.244353180511666146e+01,2.773516080404577977e+01,3.140050422363480465e+01,5.598409189655995277e+01,3.469066696954833162e+01,3.314830523257387540e+01,2.006119671464452026e+01,1.209691875656713300e+01,1.008876795276346172e+01,3.319069143294840529e+01,5.301333325696539589e+01,3.819560081285494846e+01,5.120507688916819689e+01,3.658011755333580339e+01,4.984203186453692069e+01,1.237759178942770255e+01,2.790661992297017946e+01,2.332363746859681086e+01,2.505980648540882072e+01,2.008904264839990361e+01,9.777580926338972134e+00,1.361756877309927560e+01,1.376847863441369846e+01,1.513726408970070025e+01,2.935555284183762126e+01,3.602306969764027755e+00,5.213326232863995990e+00,1.821222218605641530e+01,6.895019245667528551e+00
3.241849714220027323e+01,3.622265972726910377e+01,2.798397186231743206e+01,1.741149533156601237e+01,2.833480815951021015e+01,4.320301808108234809e+01,1.909770524683221637e+01,3.139377182985279902e+01,1.344780284299746853e+01,3.411179899495950707e+01,2.617404709044131650e+01,3.716485587023333892e+01,3.841164573939740023e+01,2.450062996529576509e+01,0.000000000000000000e+00,1.101964619831592707e+01,3.757170797556310760e+01,2.538709620701197878e+01,2.941810315766922912e+01,2.728723741463897667e+01,2.677032409436808180e+01,2.112702611410022868e+01,1.119751106140182095e+01,5.270176396011182263e+00,3.279295088989230322e+01,1.799788292253268196e+01,1.953355904811406774e+01,1.500883337430971842e+01,1.698635423311027282e+01,3.139680454566620682e+01,2.326090098613561707e+01,2.475929566970494022e+01,1.365141995453838675e+01,8.607003852882115780e+00,3.894229761609562246e+01,1.207243352883079623e+01,3.658156363064679795e+01,5.213152008176845875e+00,3.542207282612138641e+01,2.264869451654640997e+01,1.821432072544074288e+01,3.100734940254585581e+01,1.395323654756329290e+01,2.834912618785407545e+01,1.478518007723380201e+01,2.677032409436808180e+01,1.497470766937605724e+01,7.155309466894066439e+00,1.930190844737835221e+01,6.796760170523077349e+00,7.778744051621240274e+00,2.790691338626705331e+01,1.184388552638128722e+01,3.058770484383949650e+01,2.323682606259908212e+01,1.377012265615075037e+01,2.112702611410022868e+01,2.006121935223860575e+01,2.761123632066986389e+01,1.966970531105269870e+01
2.461327918946340532e+01,4.716850066780638429e+01,1.933738255796864181e+01,2.470810611805244150e+01,3.744644992684011697e+01,4.537106129830404910e+01,1.497395087657859847e+01,3.743479283252792555e+01,2.443556658061037368e+01,4.499471566529894773e+01,3.332916305364468457e+01,4.120809284627296165e+01,4.939767730512834731e+01,2.058703378422740471e+01,1.101964619831592707e+01,0.000000000000000000e+00,2.941674714663087897e+01,2.741624819254863965e+01,3.757462757004341825e+01,2.001507737125285402e+01,3.005333672371130405e+01,1.824450968059039724e+01,2.179778691747436881e+01,1.377505962531566652e+01,4.022995905299685404e+01,1.729979616340781590e+01,1.380280899427903130e+01,2.488263486827670334e+01,1.036994881012227765e+01,3.191738627154357744e+01,2.960887899324766437e+01,2.634894988255751613e+01,2.354429326165973890e+01,1.289287926547187979e+01,4.995986504026732433e+01,2.283407358261030851e+01,4.295820864409193263e+01,6.885471217952146006e+00,2.894257608082519440e+01,2.355373699771436691e+01,1.290545687054091495e+01,4.144222628921248486e+01,2.328378877236616873e+01,3.125288009887142593e+01,2.565951460411228169e+01,3.005333672371130405e+01,8.244396770505444394e+00,1.807683361911682596e+01,8.446638770538353214e+00,6.188356643588313943e+00,1.495471165117109180e+01,2.754613362463554793e+01,7.775475993033182043e+00,2.181443468376058448e+01,1.338380958319744707e+01,8.785850134190823724e+00,1.824450968059039724e+01,1.808877583261964261e+01,1.730096461830665433e+01,1.395221222274775386e+01
5.211588548207175542e+00,7.149574563873281363e+01,1.009925980357311559e+01,3.935703712187414283e+01,6.587089389140129470e+01,3.946603055013421368e+01,1.979566668276534003e+01,4.408987458059926468e+01,4.839237691198822233e+01,6.986898264966640681e+01,4.410489401497284234e+01,4.154883102266868633e+01,7.318835931282147556e+01,1.687531079487831320e+01,3.757170797556310760e+01,2.941674714663087897e+01,0.000000000000000000e+00,2.981638618773379434e+01,6.657944898497098052e+01,1.042352380801498590e+01,5.907396986190087773e+01,2.003671441905729722e+01,4.851390582714507360e+01,3.648841440889133025e+01,4.962478170467281302e+01,2.429667420358077123e+01,3.913076285955753519e+01,4.480727511806146879e+01,2.058545082110632407e+01,2.775463212962793236e+01,4.002984891784593202e+01,2.858045584340554868e+01,4.390997107031472524e+01,4.222683736967916701e+01,7.245101116929313889e+01,4.913894504721288570e+01,4.881517973685411960e+01,3.241736591700251324e+01,6.791762492111418581e+00,2.668467352432377382e+01,3.901283024407039335e+01,6.803800012372362005e+01,5.146068735677410899e+01,6.010663586230250388e+01,5.143464237413868290e+01,5.907396986190087773e+01,2.264472887874830676e+01,4.265514383637823670e+01,2.682457547271637921e+01,3.542092248973676050e+01,3.537638505913412956e+01,2.438464579323141734e+01,2.575649113645560107e+01,7.783641199931665255e+00,1.667923114271071228e+01,3.671942939853092724e+01,2.003671441905729722e+01,2.179179509792226455e+01,1.501820611373889136e+01,1.824207763284996986e+01
2.568371378226008162e+01,4.738698179719855119e+01,2.592959774607156831e+01,1.361837136045215502e+01,4.900141789893240940e+01,1.811937041956540639e+01,1.533121908160255131e+01,1.432895565296194640e+01,2.779871857118451928e+01,4.651692273515978115e+01,1.479407278406605464e+01,1.432895565296194462e+01,4.839544045709509135e+01,1.378495566794293126e+01,2.538709620701197878e+01,2.741624819254863965e+01,2.981638618773379434e+01,0.000000000000000000e+00,5.160023431881308653e+01,2.201321838132567166e+01,5.211028717350262696e+01,1.229508361674917083e+01,3.160689287671749526e+01,2.059100777372387725e+01,1.981927936529090672e+01,1.051214500443567879e+01,4.110586878143244149e+01,2.130176870518960541e+01,2.017643783605458196e+01,6.671692457084283490e+00,1.120209394461631724e+01,1.361192140424624109e+00,2.117084158164018959e+01,3.388945840555371092e+01,4.656176203762758803e+01,3.140115624646820791e+01,1.936384559804490024e+01,2.324746201605461238e+01,2.378614544162871169e+01,4.231774846734031037e+00,4.008302769308058799e+01,4.719552860354239954e+01,3.650706309848358444e+01,5.371431062337878615e+01,3.227523012612869024e+01,5.211028717350262696e+01,2.101686665372198703e+01,2.506125845412265463e+01,3.321779788470749395e+01,2.927710993589031574e+01,1.801374583614248337e+01,6.037745312138371290e+00,1.975073846142342404e+01,2.755343417054390187e+01,2.755343417054390187e+01,3.557851096516853318e+01,1.229508361674917083e+01,1.110970719522232919e+01,3.134412998366003933e+01,1.799434846110304420e+01
6.152574038496924658e+01,2.409383217962725610e+01,5.666451131880121750e+01,3.898820460443521085e+01,4.648548003078932567e+00,6.725126224180513645e+01,4.850503545975583819e+01,5.097314440126794466e+01,2.432208709179029782e+01,2.148744746452163668e+01,4.478792289825896233e+01,5.923068406745221637e+01,2.672480041681391327e+01,5.380498209338768589e+01,2.941810315766922912e+01,3.757462757004341825e+01,6.657944898497098052e+01,5.160023431881308653e+01,0.000000000000000000e+00,5.650054731331442071e+01,1.690870686542780632e+01,5.033258261266129807e+01,2.006126471118002286e+01,3.227519480788521378e+01,4.885073313775962589e+01,4.678102049475756985e+01,3.459429731981526146e+01,3.149800764187979851e+01,4.613064547826409267e+01,5.822031454490518598e+01,4.439270507426439849e+01,5.143844037913958545e+01,3.111326443452058399e+01,2.475694414529497678e+01,3.030622803751050398e+01,2.019921562954338512e+01,5.436784490396563285e+01,3.434190426541623964e+01,6.482293595096076899e+01,5.011163291571418910e+01,3.364812024363460097e+01,1.432097113378299902e+01,1.562660697504817264e+01,1.798367902023943543e+01,1.967118517937073108e+01,1.690870686542780632e+01,4.399037816606021778e+01,2.672142779690942760e+01,4.336168988860574558e+01,3.139387083543740786e+01,3.447041102826879211e+01,5.566399201163376631e+01,4.114637404488252059e+01,5.921770809571383154e+01,5.095806577140999849e+01,3.277675687719295183e+01,5.033258261266129807e+01,4.909561564678156032e+01,5.469974201775571743e+01,4.903563360608637822e+01
5.211935275267068235e+00,6.114129360321037154e+01,4.224040986769317385e+00,2.962362890316499531e+01,5.562079522369423046e+01,3.545880086776747220e+01,9.522854830797477632e+00,3.622624399424336872e+01,3.798440520413389265e+01,5.948037294794157503e+01,3.527559426263687925e+01,3.539762864384985619e+01,6.287702960037722022e+01,8.230074003166544472e+00,2.728723741463897667e+01,2.001507737125285402e+01,1.042352380801498590e+01,2.201321838132567166e+01,5.650054731331442071e+01,0.000000000000000000e+00,5.005613186151849447e+01,1.050260597545103991e+01,3.813654520039477802e+01,2.606489114387532524e+01,4.132157506545019032e+01,1.450034436872549293e+01,3.149165255249438644e+01,3.460917163315063760e+01,1.036994881012227765e+01,2.201321838132567521e+01,3.107585357991978370e+01,2.066877544660146881e+01,3.365981266044027365e+01,3.250316816238598250e+01,6.225627681078511699e+01,3.873819151300430974e+01,4.137479001981264304e+01,2.219289337406009821e+01,8.998752473637322780e+00,1.822693406330098753e+01,3.110880038496932798e+01,5.761832528384737628e+01,4.122418350781448737e+01,5.122174619656480132e+01,4.101432353803613040e+01,5.005613186151849447e+01,1.252968629269508938e+01,3.223283415345100877e+01,1.956849683070646151e+01,2.571879626528151164e+01,2.498492991278763498e+01,1.771086319881455751e+01,1.544357302847681801e+01,5.545697264808401528e+00,9.492280994337303213e+00,2.809581546157908605e+01,1.050260597545103991e+01,1.221302133606188889e+01,1.101260440387455830e+01,7.818553906116254559e+00
5.450241799609709403e+01,3.952754167600452462e+01,4.900110278963292387e+01,4.219613034693737319e+01,2.051618667562937048e+01,6.969130107653344908e+01,4.412585885414650022e+01,5.599227991598093723e+01,2.986214609489919170e+01,3.680592616023877639e+01,5.003362073023056666e+01,6.297631598232239014e+01,4.225042942013185865e+01,4.984203186453692069e+01,2.677032409436808180e+01,3.005333672371130405e+01,5.907396986190087773e+01,5.211028717350262696e+01,1.690870686542780632e+01,5.005613186151849447e+01,0.000000000000000000e+00,4.686850723205497360e+01,2.355210820324817078e+01,3.156512719508534204e+01,5.564408420471661287e+01,4.438655336371776627e+01,2.160988339063840158e+01,3.635653839081297178e+01,4.023714105455989909e+01,5.816488831703918549e+01,4.821699089043644193e+01,5.152087066458231845e+01,3.540179075630154415e+01,1.860285232508002196e+01,4.526222533733609765e+01,2.458963697633540590e+01,6.050424039998839021e+01,3.003844310109577975e+01,5.899589042307800923e+01,4.940393513281071591e+01,2.113548624095567519e+01,2.992599409811245437e+01,1.863414879499421062e+01,1.755434787623824988e+00,2.612076287780327988e+01,0.000000000000000000e+00,3.802535100829140902e+01,2.840657533368574050e+01,3.295365066446811397e+01,2.480012812039517911e+01,3.416839127983980262e+01,5.457651380887306658e+01,3.622521620053406366e+01,5.131167431090027264e+01,4.245005248609416526e+01,2.240427602665282336e+01,4.686850723205497360e+01,4.612945044879323575e+01,4.521804671512850859e+01,4.370526367760948716e+01
1.512392153147237117e+01,5.194342225200894347e+01,1.399279914809883607e+01,1.932968391009479703e+01,4.875281275978485951e+01,2.844913207057184934e+01,3.512804261515270365e+00,2.608008240104028630e+01,2.936181763799338640e+01,5.049408745789446584e+01,2.479121277206113660e+01,2.645663580564560746e+01,5.349292070865023874e+01,3.602306969764027755e+00,2.112702611410022868e+01,1.824450968059039724e+01,2.003671441905729722e+01,1.229508361674917083e+01,5.033258261266129807e+01,1.050260597545103991e+01,4.686850723205497360e+01,0.000000000000000000e+00,3.078327806519198262e+01,1.825302634920799250e+01,3.095023065226656200e+01,4.304134992467799847e+00,3.187237867705283989e+01,2.499263834468684919e+01,8.781042021514625873e+00,1.450922883772282468e+01,2.058175561142482834e+01,1.094016221902772479e+01,2.420182139727683435e+01,2.832556776626960016e+01,5.255080932190746523e+01,3.111220991470634445e+01,3.139790193226129489e+01,1.689943269062044706e+01,1.563841193372631544e+01,8.161625504638534423e+00,3.108134606056362159e+01,4.941115698923924526e+01,3.471103751895627454e+01,4.827695116630619765e+01,3.298199273300963341e+01,4.686850723205497360e+01,1.033349017248686152e+01,2.432115059991215489e+01,2.213649747248564736e+01,2.219340400302490934e+01,1.649055457435348870e+01,9.875367387898180027e+00,1.080673189425677805e+01,1.594787615675497960e+01,1.531508647718569271e+01,2.701733130607128786e+01,0.000000000000000000e+00,1.756596062876931263e+00,1.905291261160248339e+01,5.874925966213672801e+00
4.332260111346821674e+01,2.555193573734580426e+01,3.909668739455592146e+01,1.957601237236810832e+01,1.799813587221946420e+01,4.787118825314679782e+01,2.938370017321778604e+01,3.279718107949037176e+01,6.384545568197911081e+00,2.327052478690365334e+01,2.670815408450241790e+01,4.036800378729896011e+01,2.791385922065358827e+01,3.434214259044350825e+01,1.119751106140182095e+01,2.179778691747436881e+01,4.851390582714507360e+01,3.160689287671749526e+01,2.006126471118002286e+01,3.813654520039477802e+01,2.355210820324817078e+01,3.078327806519198262e+01,0.000000000000000000e+00,1.253041094799961286e+01,3.210460426714618620e+01,2.699701395829988115e+01,2.620164555333699141e+01,1.291684981824639955e+01,2.798802369808362300e+01,3.819617310438425761e+01,2.539073516786155693e+01,3.140109086370738112e+01,1.210208759476059370e+01,1.243908991961616017e+01,2.902550027093502649e+01,1.360689279371872562e+00,3.706624299578695059e+01,1.639143076846255909e+01,4.587274108412467655e+01,3.005343491539333201e+01,2.486489378024440455e+01,1.981054544916994331e+01,5.214024148406113390e+00,2.530647665157691151e+01,4.231289657911474045e+00,2.355210820324817078e+01,2.606663288497425768e+01,6.671692457084281713e+00,2.960872868103745503e+01,1.624896512711332974e+01,1.451921798067847469e+01,3.560836702512690266e+01,2.278084031916042917e+01,4.170243812135358041e+01,3.442633733429715903e+01,2.145403084321590370e+01,3.078327806519198262e+01,2.941822688484696968e+01,3.876299826042637875e+01,3.037357391222402825e+01
3.127682618629092914e+01,3.542474200721179045e+01,2.754195785088796100e+01,1.222493301432253965e+01,3.051192285295353201e+01,3.816980017544099013e+01,1.698735647357008460e+01,2.614532178814186025e+01,1.207447098740091818e+01,3.359602139874063909e+01,2.103386873287136538e+01,3.193566678861254360e+01,3.736353480634548418e+01,2.181609649118440686e+01,5.270176396011182263e+00,1.377505962531566652e+01,3.648841440889133025e+01,2.059100777372387725e+01,3.227519480788521378e+01,2.606489114387532524e+01,3.156512719508534204e+01,1.825302634920799250e+01,1.253041094799961286e+01,0.000000000000000000e+00,2.774326931795670248e+01,1.451918662503721436e+01,2.437658836548622787e+01,1.111233355616883500e+01,1.636805567921850368e+01,2.684646723035130123e+01,1.800958345308826836e+01,2.009017571955202897e+01,9.782145706971776988e+00,1.381084281524660184e+01,3.731713319613110968e+01,1.289446424637020883e+01,3.137359623931043373e+01,6.889588423829741792e+00,3.345254538780870490e+01,1.825336295338757608e+01,2.309419993578123709e+01,3.157472121506950202e+01,1.667923114271071228e+01,3.319462090398745602e+01,1.497774380432837127e+01,3.156512719508534204e+01,1.478025867328452136e+01,6.189823735829721230e+00,2.219323952135159317e+01,1.137686626296414261e+01,2.606968404566737618e+00,2.370495328726209650e+01,1.127599635590523164e+01,3.012156858083710276e+01,2.389560486663327765e+01,1.852347051721714166e+01,1.825302634920799250e+01,1.689959402696004176e+01,2.849262609032476234e+01,1.824633744180551176e+01
4.536420795238659309e+01,3.560846993968166174e+01,4.494215130720569107e+01,1.563394674744501600e+01,4.494353472785986980e+01,2.289763819367966846e+01,3.314433245782739590e+01,6.042183384400283686e+00,2.590367900649282262e+01,3.581660825405376158e+01,6.905327421790839360e+00,1.395603886892216572e+01,3.560847640564142580e+01,3.323076249655188974e+01,3.279295088989230322e+01,4.022995905299685404e+01,4.962478170467281302e+01,1.981927936529090672e+01,4.885073313775962589e+01,4.132157506545019032e+01,5.564408420471661287e+01,3.095023065226656200e+01,3.210460426714618620e+01,2.774326931795670248e+01,0.000000000000000000e+00,2.759641319971088436e+01,5.210727497503236805e+01,1.934542430673291946e+01,3.681947871088495106e+01,2.357991932654708478e+01,1.090231739297695412e+01,2.104453070771861078e+01,2.041842570919066091e+01,4.066060205329325328e+01,3.250500221068997320e+01,3.113751386156176437e+01,5.724510041739121036e+00,3.386395641883956387e+01,4.357531114749083656e+01,2.314212257162848374e+01,5.083344552374704506e+01,3.934683738631832739e+01,3.717151928257727178e+01,5.739635328021498850e+01,3.014973275572277345e+01,5.564408420471661287e+01,3.675225561124691609e+01,2.790114502631043436e+01,4.794187994085618243e+01,3.909954236921567627e+01,2.572108607198357433e+01,2.555423032999945931e+01,3.410663302433571431e+01,4.684350166008320571e+01,4.512261746528091777e+01,4.624385629210519966e+01,3.095023065226656200e+01,2.936362131136496245e+01,4.942826624357021359e+01,3.582725202031317480e+01
1.931687514472774225e+01,4.766325877886458784e+01,1.762107765059247910e+01,1.513730539446108914e+01,4.499514981910513001e+01,2.812525930610325986e+01,5.551575723320843814e+00,2.314598942611599242e+01,2.521880142770918454e+01,4.624013532876849553e+01,2.116374056979559981e+01,2.479653901140127203e+01,4.919680772899275922e+01,7.820120101856851136e+00,1.799788292253268196e+01,1.729979616340781590e+01,2.429667420358077123e+01,1.051214500443567879e+01,4.678102049475756985e+01,1.450034436872549293e+01,4.438655336371776627e+01,4.304134992467799847e+00,2.699701395829988115e+01,1.451918662503721436e+01,2.759641319971088436e+01,0.000000000000000000e+00,3.110004985868769722e+01,2.069307240810507764e+01,9.773025266474656192e+00,1.464121966090090332e+01,1.692807552191390386e+01,9.296655299032442699e+00,1.991747468931304255e+01,2.578718281987888616e+01,4.824768545465206415e+01,2.723593869356603392e+01,2.862077972420126670e+01,1.440935404425565203e+01,1.991162777143690477e+01,6.382831872258662109e+00,3.016670480517820252e+01,4.530101312853384599e+01,3.116426213446068161e+01,4.587094586734416879e+01,2.897263663944703893e+01,4.438655336371776627e+01,1.050472193538650956e+01,2.042690385181345647e+01,2.270702328926279634e+01,2.017653053804243868e+01,1.253033828315026810e+01,1.042804838304435044e+01,9.525236057174140569e+00,1.978037275364264147e+01,1.766724726274516399e+01,2.581848600331809607e+01,4.304134992467799847e+00,2.606793874840013014e+00,2.185375982644157844e+01,8.233049528586564136e+00
