0.000000000000000000e+00,2.473948489569063014e+01,1.277481664982484411e+01,2.802131833591298715e+01,2.995400443976495808e+01,4.786093894494515411e+01,2.151316204451398306e+01,1.055400670289245646e+01,1.361870751516095801e+01,4.200622009840600413e+01,1.633733212942955859e+01,2.703080436737900172e+01,2.570380683621618090e+01,3.514619188089381652e+01,3.655845013001878385e+01,1.379925652390842394e+01,3.426664126351909090e+01,2.264532142537665393e+01,2.228067568729512971e+01,2.247623175943288487e+01,1.667442026481791117e+01,4.292479184130742453e+01,2.623606849529728891e+01,3.620876186616131065e+01,3.191989274030583346e+01,6.810159909450915094e+00,3.721275032936794958e+01,4.147445853034606245e+01,4.003695207796776145e+01,1.498079433674843308e+01,3.011866235461359054e+01,5.737348092695540913e+01,2.583624863025840668e+01,4.922103845053212012e+01,2.961566314506063691e+01,1.985228706757776251e+01,3.446036925854989619e+01,1.339792625869422693e+01,2.222730582061759108e+01,4.308388417812334126e+01,2.473948489569063014e+01,2.646226456841042207e+01,2.756010418641928439e+01,1.382135404643775090e+01,4.407594111489715516e+01,6.809404279112193592e+00,3.707391052630332240e+01,3.678377014379879029e+01,1.992187771538359442e+01
2.473948489569063014e+01,0.000000000000000000e+00,1.689997163512977352e+01,2.531527386727665530e+01,3.111498544332416927e+01,6.189237050866535128e+01,3.683543106150237634e+01,2.335595917834685764e+01,3.709640663375788705e+01,4.906181682786129983e+01,2.473748940044403710e+01,4.701812827028902575e+01,2.255780370100491439e+01,4.940754173969143181e+01,2.354429326165973890e+01,3.447041102826880632e+01,2.276141025271154206e+01,1.556123539952538692e+01,4.657617714284214827e+01,3.195233201678840018e+01,2.790808901992867774e+01,4.910153307783463816e+01,2.588578555145176452e+01,4.994711067007583694e+01,4.432921867315283038e+01,2.339058338093092004e+01,5.899613698058827538e+01,5.470780390591286135e+01,2.593275986439822844e+01,3.671955930093331233e+01,3.443477893527083467e+01,7.093903523541496270e+01,4.412808390463539610e+01,6.434822610634873286e+01,2.566350140393543455e+01,2.085749573193632145e+01,3.137018322990720165e+01,3.651413043003739034e+01,3.094985607346774259e+01,3.693046019471721308e+01,0.000000000000000000e+00,2.108459502726191559e+01,4.548662072914781618e+01,1.341265155801393050e+01,5.164205226348680355e+01,1.921192825973698604e+01,4.390671642061187896e+01,5.640762068555296338e+01,7.205815012761237703e+00
1.277481664982484411e+01,1.689997163512977352e+01,0.000000000000000000e+00,1.632124848521081617e+01,1.983428326644963846e+01,4.597333684228919282e+01,2.009017571955203252e+01,1.907198868178250351e+01,2.161820647381210847e+01,3.551407440910786306e+01,8.610385279473138809e+00,3.014574783383736900e+01,1.364808363113752776e+01,3.319954572970281959e+01,2.378399544262194354e+01,1.799828801515596055e+01,2.150904165856946904e+01,9.877027377177146406e+00,3.140151676639644762e+01,1.637249981478167626e+01,1.139201847625616537e+01,3.598401331569205297e+01,1.512643576884724439e+01,3.388832429081947595e+01,2.848945041729410477e+01,7.822479693801293266e+00,4.225405222820046447e+01,3.889955292589079505e+01,2.726251789400874870e+01,2.042750671264744255e+01,2.150904165856946548e+01,5.527845633993037922e+01,2.723620638579642161e+01,4.816319279791344599e+01,1.771519880508917311e+01,8.239013875958089983e+00,2.314140533312981773e+01,2.615653246939164944e+01,1.555936117081639125e+01,3.134030334978217525e+01,1.689997163512977352e+01,1.400577119819837435e+01,2.861914818264782667e+01,3.602875810187276429e+00,3.794089515404358082e+01,1.225677652107784610e+01,3.025635509943375823e+01,3.950839969844736999e+01,1.000753868562642701e+01
2.802131833591298715e+01,2.531527386727665530e+01,1.632124848521081617e+01,0.000000000000000000e+00,6.188502961816767289e+00,3.976274073012942978e+01,2.116404547021154059e+01,3.539323716699332323e+01,3.162923447626489803e+01,2.440914002781805792e+01,1.276110343846576178e+01,3.295906952539588985e+01,2.937154067710748162e+00,2.891066731403189749e+01,1.289287926547188157e+01,2.606132040368515135e+01,1.037003612745527903e+01,9.872052709615985577e+00,4.065132467463627819e+01,1.338570378779974313e+01,1.478124187169727577e+01,2.418869469708392472e+01,2.606358439941325766e+00,2.894259172352147402e+01,2.335092359979499577e+01,2.146832329720992760e+01,4.529666744716976723e+01,3.270134047038224168e+01,1.597207932652622908e+01,2.858287506757934793e+01,1.037003612745527548e+01,4.797545193502028127e+01,2.881870858654066581e+01,4.279667716751711737e+01,1.755950209584923760e+00,8.233049528586564136e+00,6.883827197417751620e+00,4.076922195824398898e+01,1.237788494669421446e+01,1.510466375329884059e+01,2.531527386727665530e+01,4.303291074425337648e+00,2.938294238028346328e+01,1.799434846110304775e+01,2.701398271145816565e+01,2.857802500628866227e+01,1.956974383736127976e+01,4.006513829946154459e+01,1.914507724351891582e+01
2.995400443976495808e+01,3.111498544332416927e+01,1.983428326644963846e+01,6.188502961816767289e+00,0.000000000000000000e+00,3.379811480922236910e+01,1.810407657470230092e+01,3.851450712838946799e+01,3.081030551865715239e+01,1.824086373378035120e+01,1.364142087453590690e+01,2.940551585210552687e+01,8.606160892033221543e+00,2.350856124274475789e+01,1.784298482238913408e+01,2.496354035916042235e+01,1.556728239986332873e+01,1.555375098387117561e+01,3.904739035287022375e+01,1.053686324686657549e+01,1.430506251566283815e+01,1.808317196207362798e+01,5.267850692436151228e+00,2.339042776897706588e+01,1.799758040572968198e+01,2.314991887124923764e+01,4.133957329053731655e+01,2.682474383486928105e+01,2.042580433708375054e+01,2.726974486265611830e+01,4.447794971389521734e+00,4.185445029821859464e+01,2.512375700199668316e+01,3.691994634283114607e+01,6.808667894249635033e+00,1.174985315243575457e+01,6.032664481562797221e+00,4.179598416782114612e+01,9.870398016759459381e+00,1.449023089486059490e+01,3.111498544332416927e+01,1.042525997218862877e+01,2.538274355429237872e+01,2.225543090095722576e+01,2.084635504817459406e+01,3.178590584793763796e+01,1.338407970024825566e+01,3.553165734528726460e+01,2.459325769073430124e+01
4.786093894494515411e+01,6.189237050866535128e+01,4.597333684228919282e+01,3.976274073012942978e+01,3.379811480922236910e+01,0.000000000000000000e+00,2.669853052157466067e+01,5.840188970983407302e+01,3.772085906214034168e+01,1.825157483163062366e+01,3.744288641607883505e+01,2.349971606493532406e+01,4.147979567141372570e+01,1.290734762389091195e+01,5.131171393035349126e+01,3.443750488650572805e+01,4.922655839706003178e+01,4.737382091491129188e+01,3.806858452811270155e+01,2.994752480271453265e+01,3.461154131295806025e+01,1.966786555288061322e+01,3.790682730250735233e+01,1.209504730766918890e+01,1.757239521114715330e+01,4.307361752251838283e+01,2.469916622566889686e+01,7.203545087831265903e+00,5.339081760944274180e+01,3.424656424762686413e+01,2.941687004343128820e+01,9.518108174749764672e+00,2.262167408325640494e+01,3.601741187631101848e+00,4.060237219103580486e+01,4.117406932881986137e+01,3.783064574244496470e+01,5.234062357545083444e+01,3.094251625415223828e+01,4.169838824443728953e+01,6.189237050866535128e+01,4.362986465641137102e+01,2.087704985160026538e+01,4.952578367829926265e+01,1.648747842398102748e+01,5.351348480207202130e+01,2.112702611410022513e+01,1.766941453003510887e+01,5.470511342820169176e+01
2.151316204451398306e+01,3.683543106150237634e+01,2.009017571955203252e+01,2.116404547021154059e+01,1.810407657470230092e+01,2.669853052157466067e+01,0.000000000000000000e+00,3.204475672939975794e+01,1.501434965678371114e+01,2.185641142483010313e+01,1.230685154898011291e+01,1.184492203688155065e+01,2.113843231699756586e+01,1.381084281524659652e+01,3.397304332735737376e+01,9.590676963190176707e+00,3.139328514503787204e+01,2.450065779462704540e+01,2.152772500720643833e+01,7.820381667572880779e+00,8.999004648604286061e+00,2.312724410771427230e+01,1.856770785533543844e+01,1.478025867328452136e+01,1.050578073398912160e+01,1.637517229985018474e+01,2.432185275557555570e+01,2.004081888570570413e+01,3.713277768312912031e+01,1.094416132206558423e+01,1.512756385162842143e+01,3.619903699414649623e+01,7.901622274242384059e+00,2.848371122905636099e+01,2.277956404504113763e+01,1.784309924977408457e+01,2.413674075216236403e+01,2.894645802927683675e+01,8.788171568299530279e+00,3.231931044838078293e+01,3.683543106150237634e+01,2.325514999588257226e+01,8.895589942779043469e+00,2.369036369251141494e+01,2.352479266898228616e+01,2.684437343995263703e+01,1.770436781816667349e+01,2.001507737125284692e+01,2.970039684992555706e+01
1.055400670289245646e+01,2.335595917834685764e+01,1.907198868178250351e+01,3.539323716699332323e+01,3.851450712838946799e+01,5.840188970983407302e+01,3.204475672939975794e+01,0.000000000000000000e+00,2.279174953167145290e+01,5.209476302394843827e+01,2.540670538726005034e+01,3.709892507458657462e+01,3.269361487987698922e+01,4.570019607946633045e+01,4.132157506545019032e+01,2.416257766358798165e+01,3.940313870390372131e+01,2.779730007661995828e+01,2.970309413744717730e+01,3.235644816589625350e+01,2.647904886768825961e+01,5.290789492864544030e+01,3.410663302433571431e+01,4.676061352310363617e+01,4.240220359984255083e+01,1.640575786229773669e+01,4.635887921403549683e+01,5.202680707928205806e+01,4.459452077072991472e+01,2.500481419590369114e+01,3.940313870390372131e+01,6.791081517054325900e+01,3.623772733304006266e+01,5.970862200167490386e+01,3.676907290809968742e+01,2.725831196879914842e+01,4.220131563875850844e+01,1.471035869201431723e+01,3.195269484364681389e+01,5.038239470150725197e+01,2.335595917834685764e+01,3.284454131157067280e+01,3.797771604644343313e+01,1.802221363178932734e+01,5.425778890230240847e+01,6.815212160704657407e+00,4.703913312517641998e+01,4.673505023145058601e+01,2.153814251095830556e+01
1.361870751516095801e+01,3.709640663375788705e+01,2.161820647381210847e+01,3.162923447626489803e+01,3.081030551865715239e+01,3.772085906214034168e+01,1.501434965678371114e+01,2.279174953167145290e+01,0.000000000000000000e+00,3.673292783689571195e+01,1.906182717041546937e+01,1.479110365535984783e+01,3.033789510424016811e+01,2.605641325676612396e+01,4.308060213784064985e+01,5.883606703889721956e+00,4.051759778066961104e+01,3.034548293112031558e+01,9.789583730156213193e+00,2.058175561142482834e+01,1.689550723273609023e+01,3.807361571302264736e+01,2.918224165686671512e+01,2.733771801592893880e+01,2.471705932018986474e+01,1.395485500733076556e+01,2.369209850678242191e+01,3.232913784147925185e+01,4.655018338623276719e+01,4.085591426949482852e+00,2.899084485767268404e+01,4.699864882039680936e+01,1.515977619719510550e+01,3.838336019060934490e+01,3.338518441336287879e+01,2.498209624331283862e+01,3.655186190573810734e+01,1.471992877075162554e+01,2.102748473187450884e+01,4.527000684864233193e+01,3.709640663375788705e+01,3.192651374474622372e+01,1.687540624514606691e+01,2.432326090961901954e+01,3.821947256992702080e+01,2.042811179127688348e+01,3.271820069121608299e+01,2.411477840560604591e+01,3.111432152347081725e+01
4.200622009840600413e+01,4.906181682786129983e+01,3.551407440910786306e+01,2.440914002781805792e+01,1.824086373378035120e+01,1.825157483163062366e+01,2.185641142483010313e+01,5.209476302394843827e+01,3.673292783689571195e+01,0.000000000000000000e+00,2.725289973219975792e+01,2.731370463847477481e+01,2.679340423816235628e+01,1.449275525222965122e+01,3.433929225451458933e+01,3.144640921858842120e+01,3.255380091027201672e+01,3.358037760337812472e+01,4.153897129968998314e+01,1.977650423638550947e+01,2.563994682813641290e+01,1.754792081893765898e+00,2.327795290306191944e+01,1.336631630109346780e+01,1.242580397795796721e+01,3.568902307826375875e+01,3.551407440910786306e+01,1.302875501098918498e+01,3.599455802559209872e+01,3.264944298379231213e+01,1.462982669443612060e+01,2.461305920542872627e+01,2.376288330244611302e+01,2.181410353423772364e+01,2.475167355593458751e+01,2.856678837902594381e+01,2.073902608016605242e+01,5.078581244278745999e+01,2.030097115721343215e+01,2.350821543973480487e+01,4.906181682786129983e+01,2.866612340784929813e+01,2.274353711687079738e+01,3.863803240883309797e+01,2.605491368405711494e+00,4.594836557194464177e+01,5.265146928130739923e+00,2.809418235266602437e+01,4.224049448074861601e+01
1.633733212942955859e+01,2.473748940044403710e+01,8.610385279473138809e+00,1.276110343846576178e+01,1.364142087453590690e+01,3.744288641607883505e+01,1.230685154898011291e+01,2.540670538726005034e+01,1.906182717041546937e+01,2.725289973219975792e+01,0.000000000000000000e+00,2.350894771858185095e+01,1.127672172470371237e+01,2.475694414529498388e+01,2.410335396810400255e+01,1.379567865476741595e+01,2.151856605309644976e+01,1.253033828315026810e+01,2.842283168561563045e+01,7.778744051621242939e+00,3.335846228542140857e+00,2.786358205197282345e+01,1.050684007872721537e+01,2.538346793047481498e+01,1.991308695901462045e+01,9.527172219978645273e+00,3.599627176945134011e+01,3.033468248240384924e+01,2.754334898788443553e+01,1.639551559045320772e+01,1.399927867891710243e+01,4.670338978666816843e+01,2.001507737125285402e+01,3.972894622216487193e+01,1.450287943198759422e+01,6.189676634936081001e+00,1.852553889123115383e+01,2.833250008954563981e+01,7.027160803635709385e+00,2.730771648753684033e+01,2.473748940044403710e+01,1.291240539448171631e+01,2.117077694987604985e+01,1.210161634169086042e+01,2.960624993664904636e+01,1.891551845926521125e+01,2.204030644496481273e+01,3.227519480788521378e+01,1.754491396191566466e+01
2.703080436737900172e+01,4.701812827028902575e+01,3.014574783383736900e+01,3.295906952539588985e+01,2.940551585210552687e+01,2.349971606493532406e+01,1.184492203688155065e+01,3.709892507458657462e+01,1.479110365535984783e+01,2.731370463847477481e+01,2.350894771858185095e+01,0.000000000000000000e+00,3.298110958441582596e+01,1.364475060555577102e+01,4.580221801336586651e+01,1.338842354426407688e+01,4.322806412488262851e+01,3.599606922332200298e+01,1.501987412592698767e+01,1.957391663919750968e+01,2.019921562954339223e+01,2.896576235346690709e+01,3.037418001208028073e+01,1.499965772988170443e+01,1.514774799509847902e+01,2.432255619128321200e+01,1.253062920908720379e+01,1.916391623175561776e+01,4.893009356937741217e+01,1.210255912024295455e+01,2.582354664745433936e+01,3.250905594716919467e+01,4.304980828300037032e+00,2.377969883680911778e+01,3.454148849246740127e+01,2.941835068782195250e+01,3.537926978470399320e+01,2.904524755949128689e+01,2.058981308365883933e+01,4.306200265791749615e+01,4.701812827028902575e+01,3.508816709659754451e+01,4.648106863519245735e+00,3.360741725266335322e+01,2.798885561103073627e+01,3.355171625492139498e+01,2.495422139670184336e+01,9.787272235811514065e+00,4.012258623607752384e+01
2.570380683621618090e+01,2.255780370100491439e+01,1.364808363113752776e+01,2.937154067710748162e+00,8.606160892033221543e+00,4.147979567141372570e+01,2.113843231699756586e+01,3.269361487987698922e+01,3.033789510424016811e+01,2.679340423816235628e+01,1.127672172470371237e+01,3.298110958441582596e+01,0.000000000000000000e+00,3.014544607249219865e+01,1.303135774040888784e+01,2.497683924034462422e+01,1.042525997218862877e+01,7.026125754109687982e+00,3.962411625803537873e+01,1.361763543059152504e+01,1.379211307955086419e+01,2.668485396807958665e+01,3.602180976740362972e+00,3.029824968847647071e+01,2.461346313022950127e+01,1.932375881248101379e+01,4.544935419801613818e+01,3.434047736189786093e+01,1.638668292340017985e+01,2.755310902129807360e+01,1.237729880586364750e+01,4.992883228409295526e+01,2.897150559993473706e+01,4.439693116067051903e+01,4.077555552837904607e+00,5.876162270727805392e+00,9.768478709158003426e+00,3.867349876190021973e+01,1.253004806718412745e+01,1.769356355870550956e+01,2.255780370100491439e+01,2.223897485694764420e+00,2.969943910557371325e+01,1.512825596341147261e+01,2.939663793912965417e+01,2.588338355660321710e+01,2.180569724121023611e+01,4.060348861061079617e+01,1.625316206852918910e+01
3.514619188089381652e+01,4.940754173969143181e+01,3.319954572970281959e+01,2.891066731403189749e+01,2.350856124274475789e+01,1.290734762389091195e+01,1.381084281524659652e+01,4.570019607946633045e+01,2.605641325676612396e+01,1.449275525222965122e+01,2.475694414529498388e+01,1.364475060555577102e+01,3.014544607249219865e+01,0.000000000000000000e+00,4.134357246465807378e+01,2.205242254572581473e+01,3.901299241242921312e+01,3.542253394368103869e+01,2.857802500628866227e+01,1.754325473204966812e+01,2.180968942161602442e+01,1.623641430247360518e+01,2.672135977380678540e+01,1.359018444253597302e+00,5.559743714236901724e+00,3.018193876541995024e+01,2.108148650080581632e+01,6.377139089664531468e+00,4.389488224267279293e+01,2.226003021969383866e+01,1.909751530127573105e+01,2.239200523814941590e+01,1.110315273929827740e+01,1.497319497785458964e+01,3.005335931357103618e+01,2.897094110886559548e+01,2.861676783071608909e+01,4.076922195824398898e+01,1.860363181752151718e+01,3.453355284852282381e+01,4.940754173969143181e+01,3.236090356683757818e+01,9.582535088892655040e+00,3.677643732242879793e+01,1.467652476369983638e+01,4.065132467463627819e+01,1.378737802526788947e+01,1.381084281524659652e+01,4.220201310776344172e+01
3.655845013001878385e+01,2.354429326165973890e+01,2.378399544262194354e+01,1.289287926547188157e+01,1.784298482238913408e+01,5.131171393035349126e+01,3.397304332735737376e+01,4.132157506545019032e+01,4.308060213784064985e+01,3.433929225451458933e+01,2.410335396810400255e+01,4.580221801336586651e+01,1.303135774040888784e+01,4.134357246465807378e+01,0.000000000000000000e+00,3.789338121601586096e+01,2.606097787613050443e+00,1.393507792315029725e+01,5.252612977189563281e+01,2.624793278375421224e+01,2.679954110162374903e+01,3.361851188318203754e+01,1.544357302847681979e+01,4.123175580762659820e+01,3.581511736434878657e+01,3.093042045984024924e+01,5.817850852794325789e+01,4.449869193675002776e+01,3.510998324256900727e+00,4.048703833984244937e+01,2.228044048800808952e+01,5.883300339935651380e+01,4.169256718890687097e+01,5.455318354908780520e+01,1.144674663178293628e+01,1.810306154908657561e+01,1.361716968293032082e+01,4.992770248163856195e+01,2.521482669247450303e+01,1.477045636947198837e+01,2.354429326165973890e+01,1.119396285131406188e+01,4.227552289875401215e+01,2.350713580752719523e+01,3.683030046672695335e+01,3.487018297095131203e+01,3.029791357750518443e+01,5.292534782005090932e+01,2.051867755067164367e+01
1.379925652390842394e+01,3.447041102826880632e+01,1.799828801515596055e+01,2.606132040368515135e+01,2.496354035916042235e+01,3.443750488650572805e+01,9.590676963190176707e+00,2.416257766358798165e+01,5.883606703889721956e+00,3.144640921858842120e+01,1.379567865476741595e+01,1.338842354426407688e+01,2.497683924034462422e+01,2.205242254572581473e+01,3.789338121601586096e+01,0.000000000000000000e+00,3.530352773661926591e+01,2.576382501591947261e+01,1.464733547841711570e+01,1.469814909900038558e+01,1.128108235954741723e+01,3.270220165833838166e+01,2.356026109767888244e+01,2.323613616040086072e+01,1.983877742279614509e+01,1.120253357990083920e+01,2.461390690257515956e+01,2.842836587519240510e+01,4.132069638581948823e+01,2.607580864268308041e+00,2.311180189382906391e+01,4.390524995097798922e+01,1.207515090190138629e+01,3.558081558101333997e+01,2.781372493814419045e+01,1.991747468931304610e+01,3.075319602365964045e+01,1.936616807357312453e+01,1.515375587141235414e+01,3.943989783499917223e+01,3.447041102826880632e+01,2.669954042529289850e+01,1.381649322910326383e+01,2.117084158164019669e+01,3.309681288951772871e+01,2.018483385281128761e+01,2.719541340708453347e+01,2.317532927557707367e+01,2.793172110622864679e+01
3.426664126351909090e+01,2.276141025271154206e+01,2.150904165856946904e+01,1.037003612745527903e+01,1.556728239986332873e+01,4.922655839706003178e+01,3.139328514503787204e+01,3.940313870390372131e+01,4.051759778066961104e+01,3.255380091027201672e+01,2.151856605309644976e+01,4.322806412488262851e+01,1.042525997218862877e+01,3.901299241242921312e+01,2.606097787613050443e+00,3.530352773661926591e+01,0.000000000000000000e+00,1.174985315243575457e+01,4.994056285864027700e+01,2.368725415765196374e+01,2.419618266683283991e+01,3.192807404108574332e+01,1.289303733301139232e+01,3.894192132502082870e+01,3.346899796510648173e+01,2.851103409648047915e+01,5.562159587219662171e+01,4.234132883648321410e+01,6.032664481562798997e+00,3.789511563034855612e+01,2.001507737125285047e+01,5.692500977476222346e+01,3.913213782541714636e+01,5.242026369147512099e+01,8.998777621562950912e+00,1.555375098387117561e+01,1.184285275225435008e+01,4.760467304140529876e+01,2.264652819456275168e+01,1.449023089486059312e+01,2.276141025271154206e+01,8.606160892033221543e+00,3.973694446510945966e+01,2.146355432818910813e+01,3.508320742352601229e+01,3.285702194280955979e+01,2.832480031367233053e+01,5.043253077790853212e+01,1.903911874341266142e+01
2.264532142537665393e+01,1.556123539952538692e+01,9.877027377177146406e+00,9.872052709615985577e+00,1.555375098387117561e+01,4.737382091491129188e+01,2.450065779462704540e+01,2.779730007661995828e+01,3.034548293112031558e+01,3.358037760337812472e+01,1.253033828315026810e+01,3.599606922332200298e+01,7.026125754109687982e+00,3.542253394368103869e+01,1.393507792315029725e+01,2.576382501591947261e+01,1.174985315243575457e+01,0.000000000000000000e+00,4.006497723942209888e+01,1.799788292253268551e+01,1.580321574851686428e+01,3.356653947132059557e+01,1.033458814042672635e+01,3.575997118693005916e+01,3.003952994099728002e+01,1.730937679375584892e+01,4.850571102526536293e+01,4.017554327666077540e+01,1.739727435473636774e+01,2.835626857909765164e+01,1.898990390479585955e+01,5.612297285601371755e+01,3.236107202069313615e+01,5.009683340261075557e+01,1.050472193538651133e+01,6.671692457084285266e+00,1.637208339783948929e+01,3.603301318690633792e+01,1.689954021519159255e+01,2.333731042854093829e+01,1.556123539952538692e+01,5.876162270727805392e+00,3.338618150020881359e+01,9.781003655742264158e+00,3.617274917762741637e+01,2.116374056979559981e+01,2.848256537409784173e+01,4.449874290211796790e+01,9.296655299032440922e+00
2.228067568729512971e+01,4.657617714284214827e+01,3.140151676639644762e+01,4.065132467463627819e+01,3.904739035287022375e+01,3.806858452811270155e+01,2.152772500720643833e+01,2.970309413744717730e+01,9.789583730156213193e+00,4.153897129968998314e+01,2.842283168561563045e+01,1.501987412592698767e+01,3.962411625803537873e+01,2.857802500628866227e+01,5.252612977189563281e+01,1.464733547841711570e+01,4.994056285864027700e+01,4.006497723942209888e+01,0.000000000000000000e+00,2.852489196809527527e+01,2.589620880134639336e+01,4.308895346904011348e+01,3.811887887412987652e+01,2.993704345054225868e+01,2.911381567964008354e+01,2.369314190586809943e+01,1.811834682456726142e+01,3.417628997008157654e+01,5.596203747978876208e+01,1.207992098954817273e+01,3.656174684486508397e+01,4.660493276845436839e+01,1.783903243922626913e+01,3.780457008928974716e+01,4.239792501359518440e+01,3.449292563610013929e+01,4.498786895228843719e+01,1.732095745482119042e+01,2.918901834594343114e+01,5.350872949443445492e+01,4.657617714284214827e+01,4.133461926742435821e+01,1.909263060576807547e+01,3.403749982956071563e+01,4.252572328362010268e+01,2.891066731403189749e+01,3.837589475310953446e+01,2.152772500720643833e+01,4.080263874946676594e+01
2.247623175943288487e+01,3.195233201678840018e+01,1.637249981478167626e+01,1.338570378779974313e+01,1.053686324686657549e+01,2.994752480271453265e+01,7.820381667572880779e+00,3.235644816589625350e+01,2.058175561142482834e+01,1.977650423638550947e+01,7.778744051621242939e+00,1.957391663919750968e+01,1.361763543059152504e+01,1.754325473204966812e+01,2.624793278375421224e+01,1.469814909900038558e+01,2.368725415765196374e+01,1.799788292253268551e+01,2.852489196809527527e+01,0.000000000000000000e+00,5.877399840024124522e+00,2.055145054023960327e+01,1.080673189425677450e+01,1.801090503910283047e+01,1.237788494669421624e+01,1.596682183213272133e+01,3.193443586899113384e+01,2.277765244800976063e+01,2.935617764510065086e+01,1.687049849827642589e+01,8.453385527002289734e+00,3.909017106734344082e+01,1.544521867725718955e+01,3.241849714220028034e+01,1.497470766937605724e+01,1.144730136953220345e+01,1.653010837024515567e+01,3.275833692230492034e+01,1.111948742847376659e+00,2.498421780168331807e+01,3.195233201678840018e+01,1.580298563784498711e+01,1.609307834137674575e+01,1.980588125919239673e+01,2.203225021759302749e+01,2.617404709044131650e+01,1.468268735983142470e+01,2.699686228166599022e+01,2.475929566970494022e+01
1.667442026481791117e+01,2.790808901992867774e+01,1.139201847625616537e+01,1.478124187169727577e+01,1.430506251566283815e+01,3.461154131295806025e+01,8.999004648604286061e+00,2.647904886768825961e+01,1.689550723273609023e+01,2.563994682813641290e+01,3.335846228542140857e+00,2.019921562954339223e+01,1.379211307955086419e+01,2.180968942161602442e+01,2.679954110162374903e+01,1.128108235954741723e+01,2.419618266683283991e+01,1.580321574851686428e+01,2.589620880134639336e+01,5.877399840024124522e+00,0.000000000000000000e+00,2.642885003823795387e+01,1.229617333407854218e+01,2.251836391551432826e+01,1.721569637548736509e+01,1.009429940954852256e+01,3.270267405076324252e+01,2.758067240734706616e+01,3.017808748570622157e+01,1.381730223500385257e+01,1.359602638529008267e+01,4.396230415042830941e+01,1.667923114271071228e+01,3.677121804746115430e+01,1.653455297737081864e+01,9.302304397682789272e+00,1.978424528438203822e+01,2.760305003260234002e+01,5.552885633556304157e+00,2.856900226025970113e+01,2.790808901992867774e+01,1.564050202182757054e+01,1.784311200311808321e+01,1.497812433199935356e+01,2.786358205197282345e+01,2.033313032676466747e+01,2.056008700967104375e+01,2.894265448741980862e+01,2.074200030364213276e+01
4.292479184130742453e+01,4.910153307783463816e+01,3.598401331569205297e+01,2.418869469708392472e+01,1.808317196207362798e+01,1.966786555288061322e+01,2.312724410771427230e+01,5.290789492864544030e+01,3.807361571302264736e+01,1.754792081893765898e+00,2.786358205197282345e+01,2.896576235346690709e+01,2.668485396807958665e+01,1.623641430247360518e+01,3.361851188318203754e+01,3.270220165833838166e+01,3.192807404108574332e+01,3.356653947132059557e+01,4.308895346904011348e+01,2.055145054023960327e+01,2.642885003823795387e+01,0.000000000000000000e+00,2.323329275851127562e+01,1.511786400010910825e+01,1.398633257977146194e+01,3.651344568564244497e+01,3.726684712736795291e+01,1.469665842267744971e+01,3.513265450701003800e+01,3.398802428607316983e+01,1.477143417609059561e+01,2.561081584845307546e+01,2.535438352713936538e+01,2.325222954770327988e+01,2.440839044102655819e+01,2.880918899356514018e+01,2.008537896563517222e+01,5.200126521107356581e+01,2.099782296831537209e+01,2.228035945752475300e+01,4.910153307783463816e+01,2.847798854967328097e+01,2.437658836548622432e+01,3.902274205343801583e+01,3.335846228542140857e+00,4.667043724676543093e+01,5.868763369827155962e+00,2.984897421944558005e+01,4.237456037560095723e+01
2.623606849529728891e+01,2.588578555145176452e+01,1.512643576884724439e+01,2.606358439941325766e+00,5.267850692436151228e+00,3.790682730250735233e+01,1.856770785533543844e+01,3.410663302433571431e+01,2.918224165686671512e+01,2.327795290306191944e+01,1.050684007872721537e+01,3.037418001208028073e+01,3.602180976740362972e+00,2.672135977380678540e+01,1.544357302847681979e+01,2.356026109767888244e+01,1.289303733301139232e+01,1.033458814042672635e+01,3.811887887412987652e+01,1.080673189425677450e+01,1.229617333407854218e+01,2.323329275851127562e+01,0.000000000000000000e+00,2.682484510090678498e+01,2.117070184751670325e+01,1.955859019791936859e+01,4.273495791212545925e+01,3.078180366374059318e+01,1.856507021960855397e+01,2.606303228987211540e+01,8.786777064805663784e+00,4.632790913496849328e+01,2.624962726563651216e+01,4.085190778232978914e+01,4.303080394028966360e+00,6.888764164180317451e+00,8.228092777414790504e+00,3.874277426774314392e+01,9.786017786623366632e+00,1.689520655998303056e+01,2.588578555145176452e+01,5.723511849966601339e+00,2.684463628071585006e+01,1.724411259727679990e+01,2.587684376248925133e+01,2.730953977599804361e+01,1.824268511325218256e+01,3.759036180734435106e+01,1.932540736583025165e+01
3.620876186616131065e+01,4.994711067007583694e+01,3.388832429081947595e+01,2.894259172352147402e+01,2.339042776897706588e+01,1.209504730766918890e+01,1.478025867328452136e+01,4.676061352310363617e+01,2.733771801592893880e+01,1.336631630109346780e+01,2.538346793047481498e+01,1.499965772988170443e+01,3.029824968847647071e+01,1.359018444253597302e+00,4.123175580762659820e+01,2.323613616040086072e+01,3.894192132502082870e+01,3.575997118693005916e+01,2.993704345054225868e+01,1.801090503910283047e+01,2.251836391551432826e+01,1.511786400010910825e+01,2.682484510090678498e+01,0.000000000000000000e+00,5.723432650063963401e+00,3.111685707041779736e+01,2.215034445928041151e+01,5.267077139750030668e+00,4.370518085708093281e+01,2.351208862868064742e+01,1.895190624170331262e+01,2.150909616588788964e+01,1.243761076398416243e+01,1.440759225189592918e+01,3.002261605687927570e+01,2.938256382673560196e+01,2.832492802690148181e+01,4.204270834477966901e+01,1.904526267962443953e+01,3.396771395943243022e+01,4.994711067007583694e+01,3.250329360138584889e+01,1.093351022826670871e+01,3.744882907597607158e+01,1.342866492484342444e+01,4.161794390767385465e+01,1.303005523788879394e+01,1.478025867328452136e+01,4.274597755261837762e+01
3.191989274030583346e+01,4.432921867315283038e+01,2.848945041729410477e+01,2.335092359979499577e+01,1.799758040572968198e+01,1.757239521114715330e+01,1.050578073398912160e+01,4.240220359984255083e+01,2.471705932018986474e+01,1.242580397795796721e+01,1.991308695901462045e+01,1.514774799509847902e+01,2.461346313022950127e+01,5.559743714236901724e+00,3.581511736434878657e+01,1.983877742279614509e+01,3.346899796510648173e+01,3.003952994099728002e+01,2.911381567964008354e+01,1.237788494669421624e+01,1.721569637548736509e+01,1.398633257977146194e+01,2.117070184751670325e+01,5.723432650063963401e+00,0.000000000000000000e+00,2.635477521178243876e+01,2.497421518402608243e+01,1.042456489924256680e+01,3.841176557573680128e+01,2.067620117458935169e+01,1.361736904501304934e+01,2.679136334271341724e+01,1.137814355621276974e+01,2.008678468095954273e+01,2.450059293944207184e+01,2.368794371027987467e+01,2.325344382161783585e+01,3.914465874643662602e+01,1.338570378779974668e+01,2.961885582915301995e+01,4.432921867315283038e+01,2.682487889779551793e+01,1.050578073398912160e+01,3.201331582872614945e+01,1.358269593900628358e+01,3.690486615913303581e+01,9.867093913997660337e+00,1.824633744180550465e+01,3.713718026673377182e+01
6.810159909450915094e+00,2.339058338093092004e+01,7.822479693801293266e+00,2.146832329720992760e+01,2.314991887124923764e+01,4.307361752251838283e+01,1.637517229985018474e+01,1.640575786229773669e+01,1.395485500733076556e+01,3.568902307826375875e+01,9.527172219978645273e+00,2.432255619128321200e+01,1.932375881248101379e+01,3.018193876541995024e+01,3.093042045984024924e+01,1.120253357990083920e+01,2.851103409648047915e+01,1.730937679375584892e+01,2.369314190586809943e+01,1.596682183213272133e+01,1.009429940954852256e+01,3.651344568564244497e+01,1.955859019791936859e+01,3.111685707041779736e+01,2.635477521178243876e+01,0.000000000000000000e+00,3.581597458117209243e+01,3.635653839081297178e+01,3.444014388375730817e+01,1.334338491416857053e+01,2.336258084628452281e+01,5.257302211481544418e+01,2.216687467114773114e+01,4.478701380075679594e+01,2.311432156871872579e+01,1.345054810567606118e+01,2.776117844177421290e+01,1.934974163713892992e+01,1.561446538817744489e+01,3.644759822653757908e+01,2.339058338093092004e+01,2.032174733771615038e+01,2.376740350695779469e+01,1.037135227864870046e+01,3.786003891153138312e+01,1.055009246052233252e+01,3.064542203163107459e+01,3.403492137038202969e+01,1.717196726732231227e+01
3.721275032936794958e+01,5.899613698058827538e+01,4.225405222820046447e+01,4.529666744716976723e+01,4.133957329053731655e+01,2.469916622566889686e+01,2.432185275557555570e+01,4.635887921403549683e+01,2.369209850678242191e+01,3.551407440910786306e+01,3.599627176945134011e+01,1.253062920908720379e+01,4.544935419801613818e+01,2.108148650080581632e+01,5.817850852794325789e+01,2.461390690257515956e+01,5.562159587219662171e+01,4.850571102526536293e+01,1.811834682456726142e+01,3.193443586899113384e+01,3.270267405076324252e+01,3.726684712736795291e+01,4.273495791212545925e+01,2.215034445928041151e+01,2.497421518402608243e+01,3.581597458117209243e+01,0.000000000000000000e+00,2.394761810132851920e+01,6.123922483395648442e+01,2.261087594512796528e+01,3.744763915358588235e+01,3.143877803111894309e+01,1.649143825553572285e+01,2.311467522561131105e+01,4.683163331465213730e+01,4.194422008860115625e+01,4.719068647503437575e+01,3.532670765704894933e+01,3.298199273300963341e+01,5.436503384328277377e+01,5.899613698058827538e+01,4.757596660176130143e+01,1.597634375056112965e+01,4.561021470393727384e+01,3.537759409666954014e+01,4.399583503459319900e+01,3.460278985046092259e+01,7.577252705361907203e+00,5.226159091382689326e+01
4.147445853034606245e+01,5.470780390591286135e+01,3.889955292589079505e+01,3.270134047038224168e+01,2.682474383486928105e+01,7.203545087831265903e+00,2.004081888570570413e+01,5.202680707928205806e+01,3.232913784147925185e+01,1.302875501098918498e+01,3.033468248240384924e+01,1.916391623175561776e+01,3.434047736189786093e+01,6.377139089664531468e+00,4.449869193675002776e+01,2.842836587519240510e+01,4.234132883648321410e+01,4.017554327666077540e+01,3.417628997008157654e+01,2.277765244800976063e+01,2.758067240734706616e+01,1.469665842267744971e+01,3.078180366374059318e+01,5.267077139750030668e+00,1.042456489924256680e+01,3.635653839081297178e+01,2.394761810132851920e+01,0.000000000000000000e+00,4.672159728798589384e+01,2.858906156243941155e+01,2.240435673309234588e+01,1.638262852326413821e+01,1.723462323120074302e+01,1.009930452215347430e+01,3.360656539403397147e+01,3.397237576436259587e+01,3.116418210951890799e+01,4.704906420200043726e+01,2.376066836793443926e+01,3.575687112739874607e+01,5.470780390591286135e+01,3.650459842644874442e+01,1.560036476334816591e+01,4.243257975108522828e+01,1.206297054666981516e+01,4.686927097480854343e+01,1.470837355815253211e+01,1.637375891125530458e+01,4.752622972513452737e+01
4.003695207796776145e+01,2.593275986439822844e+01,2.726251789400874870e+01,1.597207932652622908e+01,2.042580433708375054e+01,5.339081760944274180e+01,3.713277768312912031e+01,4.459452077072991472e+01,4.655018338623276719e+01,3.599455802559209872e+01,2.754334898788443553e+01,4.893009356937741217e+01,1.638668292340017985e+01,4.389488224267279293e+01,3.510998324256900727e+00,4.132069638581948823e+01,6.032664481562798997e+00,1.739727435473636774e+01,5.596203747978876208e+01,2.935617764510065086e+01,3.017808748570622157e+01,3.513265450701003800e+01,1.856507021960855397e+01,4.370518085708093281e+01,3.841176557573680128e+01,3.444014388375730817e+01,6.123922483395648442e+01,4.672159728798589384e+01,0.000000000000000000e+00,4.390878630485962475e+01,2.480004604616710751e+01,6.059535790031988256e+01,4.477675200639304620e+01,5.670938588521642032e+01,1.440759225189592740e+01,2.158411257988131027e+01,1.556728239986333051e+01,5.341430347000056145e+01,2.834912618785406835e+01,1.469610595653902863e+01,2.593275986439822844e+01,1.463285539245094746e+01,4.529305799038414904e+01,2.688328633169259518e+01,3.841103049931500379e+01,3.821120607628104437e+01,3.227510348819366470e+01,5.581031184198301531e+01,2.353871472474670057e+01
1.498079433674843308e+01,3.671955930093331233e+01,2.042750671264744255e+01,2.858287506757934793e+01,2.726974486265611830e+01,3.424656424762686413e+01,1.094416132206558423e+01,2.500481419590369114e+01,4.085591426949482852e+00,3.264944298379231213e+01,1.639551559045320772e+01,1.210255912024295455e+01,2.755310902129807360e+01,2.226003021969383866e+01,4.048703833984244937e+01,2.607580864268308041e+00,3.789511563034855612e+01,2.835626857909765164e+01,1.207992098954817273e+01,1.687049849827642589e+01,1.381730223500385257e+01,3.398802428607316983e+01,2.606303228987211540e+01,2.351208862868064742e+01,2.067620117458935169e+01,1.334338491416857053e+01,2.261087594512796528e+01,2.858906156243941155e+01,4.390878630485962475e+01,0.000000000000000000e+00,2.519589538561809761e+01,4.362759871466506212e+01,1.163092819817266843e+01,3.513323613042187077e+01,3.033212857151201192e+01,2.252409301430696331e+01,3.312250821194063377e+01,1.856712635985308069e+01,1.741149533156601237e+01,4.175964437996307055e+01,3.671955930093331233e+01,2.929314283714069234e+01,1.338369557954565892e+01,2.350914184965042608e+01,3.415133474596824925e+01,2.161934996388404073e+01,2.864340431673008069e+01,2.181436473928862441e+01,3.029912842338544721e+01
3.011866235461359054e+01,3.443477893527083467e+01,2.150904165856946548e+01,1.037003612745527548e+01,4.447794971389521734e+00,2.941687004343128820e+01,1.512756385162842143e+01,3.940313870390372131e+01,2.899084485767268404e+01,1.462982669443612060e+01,1.399927867891710243e+01,2.582354664745433936e+01,1.237729880586364750e+01,1.909751530127573105e+01,2.228044048800808952e+01,2.311180189382906391e+01,2.001507737125285047e+01,1.898990390479585955e+01,3.656174684486508397e+01,8.453385527002289734e+00,1.359602638529008267e+01,1.477143417609059561e+01,8.786777064805663784e+00,1.895190624170331262e+01,1.361736904501304934e+01,2.336258084628452281e+01,3.744763915358588235e+01,2.240435673309234588e+01,2.480004604616710751e+01,2.519589538561809761e+01,0.000000000000000000e+00,3.762294576369912136e+01,2.151856605309645332e+01,3.250304287741384002e+01,1.120220866277081129e+01,1.405018467588088882e+01,9.784767808674004641e+00,4.107986918472601445e+01,8.231065353158859565e+00,1.729132013092705122e+01,3.443477893527083467e+01,1.440834640148924528e+01,2.159253920629322110e+01,2.437659953982243621e+01,1.720727631096592347e+01,3.285702194280955979e+01,9.492661846856590202e+00,3.139328514503786849e+01,2.762410839652576300e+01
5.737348092695540913e+01,7.093903523541496270e+01,5.527845633993037922e+01,4.797545193502028127e+01,4.185445029821859464e+01,9.518108174749764672e+00,3.619903699414649623e+01,6.791081517054325900e+01,4.699864882039680936e+01,2.461305920542872627e+01,4.670338978666816843e+01,3.250905594716919467e+01,4.992883228409295526e+01,2.239200523814941590e+01,5.883300339935651380e+01,4.390524995097798922e+01,5.692500977476222346e+01,5.612297285601371755e+01,4.660493276845436839e+01,3.909017106734344082e+01,4.396230415042830941e+01,2.561081584845307546e+01,4.632790913496849328e+01,2.150909616588788964e+01,2.679136334271341724e+01,5.257302211481544418e+01,3.143877803111894309e+01,1.638262852326413821e+01,6.059535790031988256e+01,4.362759871466506212e+01,3.762294576369912136e+01,0.000000000000000000e+00,3.199856451898525478e+01,8.803145434059148400e+00,4.863647806138201446e+01,5.011776330533315615e+01,4.521786715696030967e+01,6.152059535362382547e+01,4.004327289925345212e+01,4.781379594243736619e+01,7.093903523541496270e+01,5.201494260699419669e+01,3.024421725145533557e+01,5.880438336988734704e+01,2.228035945752474234e+01,6.302588236697906865e+01,2.861558416639858748e+01,2.535149060065023363e+01,6.378357085354474520e+01
