0.000000000000000000e+00,3.293621353965605181e+01,2.800831374037969113e+01,3.929736925305675754e+01,1.561623196432143423e+01,1.857434314097881867e+01,5.005621818430198289e+01,1.854212351916060442e+01,2.985525414054767879e+01,2.042166300444018745e+01,3.515688535560786221e+01,1.120362681723255527e+01,3.335846228542140857e+00,3.000117592542948941e+01,3.581620451138827121e+01,1.864743471172277722e+01,3.938342408786001414e+01,1.431778297297849001e+01,1.763964123447219379e+01,2.184181678356266687e+01,3.449948861610177886e+01,3.568641580966056637e+01,3.929736925305675754e+01,4.059064977947952713e+01,1.722246691285635123e+01,2.742262003187547137e+01,2.584646225755189519e+01,3.271019722119059026e+01,1.120255399356299719e+01,2.735828161855011942e+01,3.841395400729167875e+01,2.891066731403190104e+01,5.686746334100961775e+01,1.222612758663867361e+01,3.362479763297406521e+01,4.497078452282818262e+01,1.395500267603355660e+01,2.458568224508363542e+01,4.875395843038889154e+01,3.802642852659992911e+01,1.637606413061070754e+01,1.826712734745132849e+01,1.854212351916060442e+01,2.451013017990849363e+01,3.970719565264794682e+01,1.433375606124302060e+01,3.095872150001711987e+01,1.269532669638551070e+01,3.078550321707485793e+01,2.781740753592053395e+01,5.222886734616895410e+01,2.160022063747883436e+01,2.395734059625476675e+01,3.271019722119059026e+01,4.685410527580675932e+01,4.198752394932791532e+01,5.597997460071560738e+01,2.324054411474553206e+01,3.195375899164959677e+01,4.233231875911291020e+00
3.293621353965605181e+01,0.000000000000000000e+00,5.869993369937807515e+00,4.390258018603094570e+01,1.766508106509223452e+01,4.260186125259371437e+01,5.528496893602938655e+01,1.498684986916293127e+01,3.190828429386415621e+01,4.960250232045716956e+01,3.127369744119624428e+01,3.969548159091095130e+01,3.354990838365402794e+01,3.510226449322813025e+00,4.814316211356715058e+01,1.888297035103840571e+01,3.295356600749286002e+01,1.902510102046932872e+01,1.645618995392671735e+01,1.267356974420360416e+01,5.280663062942917207e+01,4.317460154830155972e+01,4.390258018603094570e+01,3.043415268185774991e+01,2.809624628548949232e+01,1.636185484031318182e+01,5.140197902258997686e+01,6.671692457084285266e+00,3.197656062186095127e+01,2.856857183128908773e+01,3.194380569459493557e+01,4.078533321519786625e+01,4.116449920861820999e+01,2.177405344949155719e+01,3.614780201108747804e+01,2.350825376793191523e+01,3.778272691925373294e+01,1.053222318703413940e+01,4.913761162545228700e+01,4.961038136391125164e+01,2.309671067368400799e+01,5.113162433897021941e+01,1.498684986916293127e+01,8.805913642550844855e+00,2.006108394391000260e+01,4.626072367503074645e+01,5.182007514372217827e+01,2.182074803098096893e+01,4.701084823933347678e+01,1.893272751444894197e+01,4.889267767603224968e+01,2.436402871591534591e+01,1.220708864432352314e+01,2.223897485694764420e+00,2.783185351529334284e+01,3.448665155755375622e+01,4.005317221651461779e+01,1.392849526124877002e+01,3.099010474476458299e+01,2.874415087280383219e+01
2.800831374037969113e+01,5.869993369937807515e+00,0.000000000000000000e+00,3.889955292589079505e+01,1.243317771057572152e+01,3.676409085900532858e+01,5.048105040932457399e+01,9.577895248047161303e+00,2.669218462732716901e+01,4.390898667393349797e+01,2.677032409436808180e+01,3.408572496053881906e+01,2.898456466607590443e+01,5.211761861215514990e+00,4.260020869299327728e+01,1.301618485053878693e+01,2.896981417950510718e+01,1.377341315119647902e+01,1.087281605036556797e+01,6.884649003472030238e+00,4.702714433682111661e+01,3.788194820413514918e+01,3.889955292589079505e+01,2.699625743332293482e+01,2.582101488963370528e+01,1.138818964773409625e+01,4.555364180316798439e+01,1.042317718194918008e+01,2.622039836301813764e+01,2.324036536636814176e+01,2.790457065188034136e+01,3.513582446770780621e+01,3.950610351194141856e+01,1.635108307605852218e+01,3.108750541705182968e+01,2.264365187874131635e+01,3.199160165396324018e+01,9.301328849459302717e+00,4.477760822888956227e+01,4.413968986538449002e+01,1.723462323120074302e+01,4.627527734105739654e+01,9.577895248047161303e+00,6.188210412042320030e+00,1.825179739337866636e+01,4.088883391881336848e+01,4.597066729599752932e+01,1.799275774266709504e+01,4.125720008704035280e+01,1.399178304246434301e+01,4.505827591216512218e+01,1.863414879499421062e+01,6.377139089664531468e+00,7.020967329631457865e+00,2.646085656246222584e+01,3.078180366374059318e+01,3.841117733463214989e+01,8.120642954951687642e+00,2.606402103464890629e+01,2.377667444406507968e+01
3.929736925305675754e+01,4.390258018603094570e+01,3.889955292589079505e+01,0.000000000000000000e+00,3.576184028543660531e+01,2.607800385436523527e+01,1.184578866053270652e+01,3.553424784353755683e+01,1.238023647153152673e+01,3.445854325936206664e+01,1.338042561734100566e+01,3.242816747191291427e+01,4.260353743156478856e+01,4.410661197032348468e+01,1.009873468423602993e+01,2.938483857949878697e+01,1.431141631367497524e+01,3.542392067656126642e+01,3.403363564216042647e+01,3.454308127991131983e+01,1.892369698725876503e+01,4.305828586543909431e+00,0.000000000000000000e+00,1.853382283462075719e+01,5.254427789268062554e+01,2.758541561774888962e+01,2.885369632523230266e+01,4.931429802534539419e+01,2.809712552055703227e+01,1.597634375056112255e+01,1.469505042399654471e+01,1.139330077385648465e+01,2.931569083190249003e+01,3.379961923553186409e+01,7.821691786585817319e+00,3.190437106101062170e+01,2.729336999560377564e+01,4.533388050592260754e+01,9.787691382164668497e+00,9.596509895208404473e+00,2.723620638579642161e+01,4.916442996620372696e+01,3.553424784353755683e+01,4.232967198424690736e+01,2.960052527472118911e+01,3.939479646775491517e+01,2.207676953156930466e+01,4.279826886924199414e+01,1.514463902236420978e+01,2.498933094781490638e+01,1.464045712453229342e+01,2.219545270829835104e+01,3.319954572970281959e+01,4.566946012217596262e+01,2.931569083190249003e+01,1.512643576884724439e+01,2.908279558222993799e+01,3.156948040817429657e+01,1.291494290292525804e+01,3.783075378328224758e+01
1.561623196432143423e+01,1.766508106509223452e+01,1.243317771057572152e+01,3.576184028543660531e+01,0.000000000000000000e+00,2.617656888276639293e+01,4.757740283155373362e+01,2.938081059036639964e+00,2.370478043961379200e+01,3.227552781407119653e+01,2.672139374344160245e+01,2.222993546237665541e+01,1.687213356351976401e+01,1.511371967051491971e+01,3.650307069757990064e+01,6.671692457084281713e+00,3.029845185098915294e+01,1.360019955377094414e+00,2.606706686275681584e+00,6.379981729192074624e+00,3.891484151646164946e+01,3.345639978447020724e+01,3.576184028543660531e+01,3.003925798344135956e+01,1.825313848211097678e+01,1.399340282330232377e+01,3.497806322060591810e+01,1.888297035103840571e+01,1.515525978470022039e+01,2.019908039840751712e+01,2.919701002175659355e+01,2.867953876735806062e+01,4.532701634538816649e+01,4.229351337209238615e+00,2.832620946589252853e+01,3.099390058813670379e+01,2.102961163488783924e+01,1.162134032254036775e+01,4.370601135686741401e+01,3.841744462001632598e+01,8.788404465891821005e+00,3.387562736309180167e+01,2.938081059036639964e+00,1.008325050322891414e+01,2.581722263589577082e+01,2.859564260993851192e+01,3.691851038759275383e+01,8.245277259945019921e+00,3.359253822069306494e+01,1.544451255106498344e+01,4.558989845674260266e+01,1.361783564784632183e+01,8.781687874782264203e+00,1.780451653550749214e+01,3.368433591115465475e+01,3.270189493677325743e+01,4.432018750281338271e+01,8.607425692171915443e+00,2.450064851246678899e+01,1.138453969193195547e+01
1.857434314097881867e+01,4.260186125259371437e+01,3.676409085900532858e+01,2.607800385436523527e+01,2.617656888276639293e+01,0.000000000000000000e+00,3.469453695695371920e+01,2.815174809813560941e+01,2.206863682202386556e+01,9.310830866952031215e+00,2.844913207057184934e+01,7.902027321538236393e+00,2.161973158445992382e+01,4.074289227600363006e+01,1.934003180379916387e+01,2.380158561585984600e+01,3.252036098735890590e+01,2.498223689200720088e+01,2.646785361485685684e+01,2.993386439840076818e+01,1.609537952338029143e+01,2.181905927909916088e+01,2.607800385436523527e+01,3.546647737054124860e+01,3.556317203806750626e+01,2.994073020590562351e+01,8.833830504710149967e+00,4.497375705135367241e+01,1.103787292812986109e+01,2.185591636401817794e+01,3.192560960326081343e+01,1.471113532056449813e+01,5.112524014396163352e+01,2.206863682202386556e+01,2.357335222944590569e+01,4.492139383482650317e+01,5.276023909195215467e+00,3.773476455758328285e+01,3.581513338359646781e+01,2.151882410021034886e+01,1.957459094382098641e+01,2.318259429693511109e+01,2.815174809813560941e+01,3.617906114856071298e+01,4.021089662898206285e+01,1.339170873988133259e+01,1.238437858080480503e+01,2.859544250328926651e+01,1.341278816759306203e+01,2.866793395797214927e+01,4.060039080734312478e+01,2.045317676519723449e+01,3.067505184192432210e+01,4.329280797670438830e+01,4.494778945123117353e+01,3.489280784873884755e+01,5.050477452117802102e+01,2.911727094972621543e+01,2.498223689200720088e+01,1.981428638005555598e+01
5.005621818430198289e+01,5.528496893602938655e+01,5.048105040932457399e+01,1.184578866053270652e+01,4.757740283155373362e+01,3.469453695695371920e+01,0.000000000000000000e+00,4.738003625035542399e+01,2.419378046517494241e+01,4.175093434718466767e+01,2.411134424276497512e+01,4.194598490777342903e+01,5.339090700474461926e+01,5.569253067737030705e+01,1.544781873439394815e+01,4.122859659425333234e+01,2.356189435573376301e+01,4.720641201649634411e+01,4.587634128253903754e+01,4.634825239559871335e+01,2.240879005849054550e+01,1.451931227959770609e+01,1.184578866053270652e+01,2.742049494018721845e+01,6.409312055394082108e+01,3.910453210306311433e+01,3.485950237730796886e+01,6.090371773386109311e+01,3.891820599965831917e+01,2.779585779556888170e+01,2.431088924382723349e+01,2.117086317873175716e+01,3.293224221416912911e+01,4.548686647001444783e+01,1.957601237236810121e+01,4.061721060780327974e+01,3.709650535876625810e+01,5.714854502594878483e+01,8.464035604231700205e+00,1.338978951769365366e+01,3.898820460443521085e+01,5.772936035482881323e+01,4.738003625035542399e+01,5.411479286432103208e+01,3.935703712187413572e+01,4.799037666126960033e+01,2.681807997382319186e+01,5.447268097422098521e+01,2.161934996388403363e+01,3.649817386789382567e+01,1.360773379001207672e+01,3.403492137038202969e+01,4.493095496047866533e+01,5.713272294742018431e+01,3.716551868150734350e+01,2.325513903184177877e+01,3.310076203523389893e+01,4.332877021857959932e+01,2.442043665868778035e+01,4.900145518811855538e+01
1.854212351916060442e+01,1.498684986916293127e+01,9.577895248047161303e+00,3.553424784353755683e+01,2.938081059036639964e+00,2.815174809813560941e+01,4.738003625035542399e+01,0.000000000000000000e+00,2.325539432637373594e+01,3.469005213373900887e+01,2.561093943998820066e+01,2.472602585187468094e+01,1.979977562655404810e+01,1.267646121122744951e+01,3.708788055834281749e+01,6.189235855155847510e+00,2.894261522373295037e+01,4.228383635890921255e+00,1.756466751934557147e+00,3.512545850135865511e+00,4.011600791291674284e+01,3.354595335896119934e+01,3.553424784353755683e+01,2.832543966178883466e+01,2.008904264839990361e+01,1.184371313829053918e+01,3.698438735379123443e+01,1.685094387040033936e+01,1.724791507693606718e+01,1.967025941945957257e+01,2.783194290103271129e+01,2.929445728111846847e+01,4.322277873949700222e+01,6.800100189496297354e+00,2.790661992297017946e+01,2.839848868399013782e+01,2.312441306801950702e+01,1.033294165220871896e+01,4.303487749904678594e+01,3.891003784452706782e+01,9.526428650291927980e+00,3.679346865689421975e+01,0.000000000000000000e+00,8.122037488598174093e+00,2.327989595813241053e+01,3.133491671342006768e+01,3.840849617100623448e+01,1.042700120441477551e+01,3.462196712521565445e+01,1.361756877309927383e+01,4.456101324088739801e+01,1.338651801253409168e+01,6.034353348756334334e+00,1.531329843810888214e+01,3.127265574148136906e+01,3.125305398822338177e+01,4.219504794980571205e+01,6.188942437155475318e+00,2.370460780373750609e+01,1.431300677173704194e+01
2.985525414054767879e+01,3.190828429386415621e+01,2.669218462732716901e+01,1.238023647153152673e+01,2.370478043961379200e+01,2.206863682202386556e+01,2.419378046517494241e+01,2.325539432637373594e+01,0.000000000000000000e+00,3.137651625518557807e+01,6.381690913317171088e+00,2.589620880134639336e+01,3.298376223030278709e+01,3.187794819417934278e+01,1.687704386243058252e+01,1.717113083750760438e+01,1.053996502693658677e+01,2.350887023318091806e+01,2.181626322903418824e+01,2.216335106678745603e+01,2.357507473934376563e+01,1.128108235954741190e+01,1.238023647153152673e+01,1.344095203687194129e+01,4.114210348535308981e+01,1.555561896541871469e+01,2.833250008954564336e+01,3.707061435306111719e+01,1.920842945222497278e+01,3.602559409088017528e+00,9.873709166019008165e+00,1.094549567646391530e+01,2.915973172712605788e+01,2.223897485694761400e+01,4.651225617223590625e+00,2.446085206609452101e+01,2.081360637517656187e+01,3.295769118685788612e+01,2.006126471118002996e+01,1.801111794835183488e+01,1.556728239986333229e+01,4.310631349313798211e+01,2.325539432637373594e+01,2.995055287202808003e+01,2.065889167816064642e+01,3.385638538527963703e+01,2.451508103990508403e+01,3.116426943638994018e+01,1.783903243922626913e+01,1.302851982239357653e+01,2.261024071996540030e+01,1.009957399001756606e+01,2.085330579178261345e+01,3.356999325542688695e+01,2.352757430729299415e+01,1.302851982239357298e+01,2.849492277914867699e+01,1.920436304188195109e+01,2.939009473240393522e+00,2.754055139985064216e+01
2.042166300444018745e+01,4.960250232045716956e+01,4.390898667393349797e+01,3.445854325936206664e+01,3.227552781407119653e+01,9.310830866952031215e+00,4.175093434718466767e+01,3.469005213373900887e+01,3.137651625518557807e+01,0.000000000000000000e+00,3.775567758404567797e+01,1.010874700823729455e+01,2.257823222422231879e+01,4.734194317472543645e+01,2.637715553804391533e+01,3.134263957222380981e+01,4.180754989063041194e+01,3.095738663840670668e+01,3.315227998277589450e+01,3.702941273171523306e+01,2.042882053152278843e+01,3.015271511417946826e+01,3.445854325936206664e+01,4.477704642173733873e+01,3.736598673325303110e+01,3.837910457595934588e+01,7.783641199931662591e+00,5.107621596454991675e+01,1.775003834084519028e+01,3.110823979504902681e+01,4.122681721398677723e+01,2.335878936430113129e+01,6.039432317097323022e+01,2.804740578443477617e+01,3.271807171085126953e+01,5.399593609431646257e+01,1.231767556487091397e+01,4.332123547709993971e+01,4.399969569417856263e+01,2.836476995974953041e+01,2.724234738407889367e+01,1.673490180393358528e+01,3.469005213373900887e+01,4.232511987931837183e+01,4.917558246833782221e+01,8.247608868110612335e+00,1.580437480665267636e+01,3.256462549531718764e+01,2.018873393099117663e+01,3.736182553610183987e+01,4.909620874482855157e+01,2.913803875522792097e+01,3.818531796347629381e+01,4.999973996598377823e+01,5.417832211696212852e+01,4.415684149031283567e+01,5.978733060509961916e+01,3.677813150711868673e+01,3.429244040109276881e+01,2.326708867015671345e+01
3.515688535560786221e+01,3.127369744119624428e+01,2.677032409436808180e+01,1.338042561734100566e+01,2.672139374344160245e+01,2.844913207057184934e+01,2.411134424276497512e+01,2.561093943998820066e+01,6.381690913317171088e+00,3.775567758404567797e+01,0.000000000000000000e+00,3.209430966647332895e+01,3.814255758462942936e+01,3.194522252984300437e+01,2.089427062618553421e+01,2.006121935223860930e+01,4.303712794009283193e+00,2.682501429344544164e+01,2.446287234264237398e+01,2.370443537934409406e+01,2.861372931018071597e+01,1.431459803403389053e+01,1.338042561734100566e+01,7.151340352863115868e+00,4.480944230409957640e+01,1.544427745856924972e+01,3.452254217986203599e+01,3.713014238890988850e+01,2.499263834468684919e+01,7.820381667572873674e+00,3.512804261515270365e+00,1.648002374591298036e+01,2.282400645192162969e+01,2.614707598198022964e+01,6.891238172263690842e+00,1.931074620617027904e+01,2.707976636924788139e+01,3.434095241674487653e+01,1.801248136854318105e+01,2.147787571280449370e+01,1.967044434665060137e+01,4.924711766753128472e+01,2.561093943998820066e+01,3.111063293698856924e+01,1.636873495371931853e+01,4.011876606988145966e+01,3.014066318380711351e+01,3.471103751895627454e+01,2.316698384093741225e+01,1.289351210893066124e+01,1.895197804091797522e+01,1.395323654756329290e+01,2.181559688634453309e+01,3.319167293637775629e+01,1.769788205939970638e+01,6.895315355952469361e+00,2.213649747248564736e+01,2.042640315540832674e+01,3.513321505326036931e+00,3.242360445778537326e+01
1.120362681723255527e+01,3.969548159091095130e+01,3.408572496053881906e+01,3.242816747191291427e+01,2.222993546237665541e+01,7.902027321538236393e+00,4.194598490777342903e+01,2.472602585187468094e+01,2.589620880134639336e+01,1.010874700823729455e+01,3.209430966647332895e+01,0.000000000000000000e+00,1.399992015130247225e+01,3.733065466438632285e+01,2.682552500611244994e+01,2.189367193005304912e+01,3.637010568978772795e+01,2.089918765993389727e+01,2.324690152055569570e+01,2.724154314198554516e+01,2.397890966480176544e+01,2.833875649734749658e+01,3.242816747191291427e+01,3.866081600033905374e+01,2.842283168561563045e+01,2.961905777686612851e+01,1.465270953400955634e+01,4.098281809854978519e+01,8.469869580491444339e+00,2.460959964645273601e+01,3.559698354613681914e+01,2.114221028196860175e+01,5.487598148211230864e+01,1.801147490910631888e+01,2.849982272118745286e+01,4.620448747220419961e+01,5.216127691155278967e+00,3.321258889454338004e+01,4.220901586637020131e+01,2.903879805580029938e+01,1.801147490910631888e+01,1.723353482339511089e+01,2.472602585187468094e+01,3.224931209708562108e+01,4.114620219049545824e+01,8.138181424798451857e+00,2.009416305143011527e+01,2.264729882910313563e+01,2.112702611410023223e+01,2.900027712443881711e+01,4.655168987000810432e+01,2.103386873287136538e+01,2.859964935566133448e+01,4.000574782289099574e+01,4.701241005596987321e+01,3.890544945055716397e+01,5.413876054351762690e+01,2.730953977599804361e+01,2.859364416989994950e+01,1.339025127939009430e+01
3.335846228542140857e+00,3.354990838365402794e+01,2.898456466607590443e+01,4.260353743156478856e+01,1.687213356351976401e+01,2.161973158445992382e+01,5.339090700474461926e+01,1.979977562655404810e+01,3.298376223030278709e+01,2.257823222422231879e+01,3.814255758462942936e+01,1.399992015130247225e+01,0.000000000000000000e+00,3.043083283529530902e+01,3.913212154933953713e+01,2.080962497960101487e+01,4.233388647637501379e+01,1.567804514227040080e+01,1.915192661805297192e+01,2.324054411474553206e+01,3.763617151095834856e+01,3.901336571856734281e+01,4.260353743156478856e+01,4.337379532379448932e+01,1.478912695668949517e+01,2.957036793950804210e+01,2.850792735393577004e+01,3.265344870345282402e+01,1.451932802998696737e+01,3.037782421549309930e+01,4.134388871096157203e+01,3.224651354257404279e+01,5.957514614799228525e+01,1.406054643414835859e+01,3.683603815678601023e+01,4.710587895015973459e+01,1.717244683300586772e+01,2.451013017990849363e+01,5.202956154366759023e+01,4.134451424215726689e+01,1.899757160570437264e+01,1.775222497117491471e+01,1.979977562655404810e+01,2.488559686921049874e+01,4.184492821770836457e+01,1.569263371920012595e+01,3.398580303573951511e+01,1.224922241889173158e+01,3.404668470611527908e+01,3.018363617534166821e+01,5.543300962547999688e+01,2.442119330199392380e+01,2.553133875981258427e+01,3.310471314466116866e+01,4.920948965825716925e+01,4.493209519693465381e+01,5.866539548976049900e+01,2.500872970010880536e+01,3.500076663167831015e+01,6.038766613806951788e+00
3.000117592542948941e+01,3.510226449322813025e+00,5.211761861215514990e+00,4.410661197032348468e+01,1.511371967051491971e+01,4.074289227600363006e+01,5.569253067737030705e+01,1.267646121122744951e+01,3.187794819417934278e+01,4.734194317472543645e+01,3.194522252984300437e+01,3.733065466438632285e+01,3.043083283529530902e+01,0.000000000000000000e+00,4.763516404915143454e+01,1.739569839592828515e+01,3.402936666887428885e+01,1.646015240977962080e+01,1.429872155285480950e+01,1.101662511807381861e+01,5.177483850643013596e+01,4.303925552829784351e+01,4.410661197032348468e+01,3.186691802008510166e+01,2.458602019101637381e+01,1.659534462659064857e+01,4.957453816965831805e+01,5.211415336179209490e+00,2.991037297084179869e+01,2.840387671643017242e+01,3.297758762404642141e+01,4.009125242184803284e+01,4.355690464593700995e+01,1.931993730777740481e+01,3.629216766850017706e+01,2.614513601071826798e+01,3.577659638106555207e+01,7.021996775633763122e+00,4.994199435821366961e+01,4.921814883579870070e+01,2.150076598775680381e+01,4.810093831151198884e+01,1.267646121122744951e+01,5.546349124984192969e+00,2.228039992288528026e+01,4.360160184528387362e+01,5.049975680142028267e+01,1.852347051721713811e+01,4.606338080981107908e+01,1.920031328744791566e+01,5.009628613656975205e+01,2.354885328739619155e+01,1.127092997356148096e+01,2.715873652923852077e+00,3.029771240561094459e+01,3.575841880287737240e+01,4.244995679406303424e+01,1.302254964491400635e+01,3.127578266321947353e+01,2.585797264390463113e+01
3.581620451138827121e+01,4.814316211356715058e+01,4.260020869299327728e+01,1.009873468423602993e+01,3.650307069757990064e+01,1.934003180379916387e+01,1.544781873439394815e+01,3.708788055834281749e+01,1.687704386243058252e+01,2.637715553804391533e+01,2.089427062618553421e+01,2.682552500611244994e+01,3.913212154933953713e+01,4.763516404915143454e+01,0.000000000000000000e+00,3.100879179098333438e+01,2.316128989740376909e+01,3.581189795655255637e+01,3.539229223200150898e+01,3.705025765230168133e+01,8.831019510155984520e+00,6.809319321488495724e+00,1.009873468423602993e+01,2.730286050671661968e+01,5.116618055136421361e+01,3.202674006410122587e+01,1.981991378971646256e+01,5.270404178801659612e+01,2.506213390291121712e+01,1.976070902876390178e+01,2.324122715632153202e+01,7.823532383927204847e+00,3.937140219591178436e+01,3.355006727420852286e+01,1.401716443885501739e+01,4.019662472302862710e+01,2.223897485694761400e+01,4.738791581059096814e+01,1.830194141774383709e+01,2.223897485694760867e+00,2.774013648431807866e+01,4.228740733572877986e+01,3.708788055834281749e+01,4.477176245761700102e+01,3.706976225715686013e+01,3.256339913526783647e+01,1.231255084471360028e+01,4.220745643697716787e+01,6.191595767725450727e+00,2.963358887165021116e+01,2.391797893258952712e+01,2.415302677445978219e+01,3.636557824022980867e+01,4.961038136391125875e+01,3.822413308877543159e+01,2.451916123991072283e+01,3.910355483530889131e+01,3.461769722489405865e+01,1.891143543531453020e+01,3.542554496163209876e+01
1.864743471172277722e+01,1.888297035103840571e+01,1.301618485053878693e+01,2.938483857949878697e+01,6.671692457084281713e+00,2.380158561585984600e+01,4.122859659425333234e+01,6.189235855155847510e+00,1.717113083750760438e+01,3.134263957222380981e+01,2.006121935223860930e+01,2.189367193005304912e+01,2.080962497960101487e+01,1.739569839592828515e+01,3.100879179098333438e+01,0.000000000000000000e+00,2.370452156512308761e+01,6.808901124332708221e+00,4.651029975060661847e+00,6.379981729192074624e+00,3.446661237309639603e+01,2.735693119709038967e+01,2.938483857949878697e+01,2.368759883021201418e+01,2.480086905693530142e+01,8.781687874782267755e+00,3.256157468209548966e+01,2.213822508702858016e+01,1.360773379001207672e+01,1.361783564784632894e+01,2.260996931346592476e+01,2.325101938359399156e+01,3.937099145352297569e+01,6.896501496761269223e+00,2.181643006845010291e+01,2.633539428631758383e+01,1.918485770369480292e+01,1.638871537424604341e+01,3.709552083235440989e+01,3.279171738343058706e+01,4.229351337209238615e+00,3.620451477550938080e+01,6.189235855155847510e+00,1.380923246218618772e+01,2.107063319935668844e+01,2.936362131136496245e+01,3.310449407236579589e+01,1.470905156356965371e+01,2.883947680690403814e+01,9.495333966407894621e+00,3.891820599965831917e+01,7.204929354685450704e+00,6.887940313970569939e+00,1.977843799359170518e+01,2.842915693441254987e+01,2.614665887564139979e+01,3.840120750215371714e+01,5.438409400214906597e+00,1.784308650428256726e+01,1.478616598314129682e+01
3.938342408786001414e+01,3.295356600749286002e+01,2.896981417950510718e+01,1.431141631367497524e+01,3.029845185098915294e+01,3.252036098735890590e+01,2.356189435573376301e+01,2.894261522373295037e+01,1.053996502693658677e+01,4.180754989063041194e+01,4.303712794009283193e+00,3.637010568978772795e+01,4.233388647637501379e+01,3.402936666887428885e+01,2.316128989740376909e+01,2.370452156512308761e+01,0.000000000000000000e+00,3.051132638716040546e+01,2.793139502339185398e+01,2.672136825836874507e+01,3.139019742529536927e+01,1.636308823244244337e+01,1.431141631367497524e+01,4.226451146434690109e+00,4.850503545975583819e+01,1.799768112093990524e+01,3.823945470721649542e+01,3.912866359881644485e+01,2.929314283714068878e+01,1.209879453447153708e+01,1.111948742847380434e+00,1.984327610538223752e+01,1.862679544778476171e+01,3.004007435193467401e+01,9.776441157012051519e+00,1.761367875015821127e+01,3.132986039117843546e+01,3.709483525203455656e+01,1.639143076846255909e+01,2.337384841581156891e+01,2.368863409348625382e+01,5.353834804237997247e+01,2.894261522373295037e+01,3.379854332816032070e+01,1.580123313676373975e+01,4.437334220909869487e+01,3.334887560546695795e+01,3.841279847148889814e+01,2.623920719913305533e+01,1.562651973555871443e+01,1.609282420785789824e+01,1.801185027016990858e+01,2.461346313022950127e+01,3.499168005916283875e+01,1.510828342362254162e+01,2.606445425400425897e+00,1.798514216029268908e+01,2.339045682948869143e+01,7.777809021378850218e+00,3.656098213280790787e+01
1.431778297297849001e+01,1.902510102046932872e+01,1.377341315119647902e+01,3.542392067656126642e+01,1.360019955377094414e+00,2.498223689200720088e+01,4.720641201649634411e+01,4.228383635890921255e+00,2.350887023318091806e+01,3.095738663840670668e+01,2.682501429344544164e+01,2.089918765993389727e+01,1.567804514227040080e+01,1.646015240977962080e+01,3.581189795655255637e+01,6.808901124332708221e+00,3.051132638716040546e+01,0.000000000000000000e+00,3.513321505326036931e+00,7.572747966455367852e+00,3.797554085081579700e+01,3.298287694783208224e+01,3.542392067656126642e+01,3.043670460767565800e+01,1.799798400925402930e+01,1.470220069739710134e+01,3.376558896965404699e+01,2.016100069641828441e+01,1.394697008016524187e+01,2.006124201773757676e+01,2.941785593050040148e+01,2.799371630216702656e+01,4.591438505865362885e+01,2.939009473240393522e+00,2.809668722454503609e+01,3.190465062476590319e+01,1.980561613311301272e+01,1.275882632682966999e+01,4.355760690183651462e+01,3.776132831389857358e+01,8.245387620139549512e+00,3.256529433067014878e+01,4.228383635890921255e+00,1.137558961358774390e+01,2.669709624697440020e+01,2.723562265456141773e+01,3.587540626034946456e+01,7.901593475133687150e+00,3.272712389276556166e+01,1.597420773743201927e+01,4.561017973627296840e+01,1.341253257534395793e+01,9.872052709615983801e+00,1.915463883412952129e+01,3.447066622963259164e+01,3.295536795962663490e+01,4.492072311109612315e+01,9.525236057174140569e+00,2.446287234264237398e+01,1.009208514367783671e+01
1.763964123447219379e+01,1.645618995392671735e+01,1.087281605036556797e+01,3.403363564216042647e+01,2.606706686275681584e+00,2.646785361485685684e+01,4.587634128253903754e+01,1.756466751934557147e+00,2.181626322903418824e+01,3.315227998277589450e+01,2.446287234264237398e+01,2.324690152055569570e+01,1.915192661805297192e+01,1.429872155285480950e+01,3.539229223200150898e+01,4.651029975060661847e+00,2.793139502339185398e+01,3.513321505326036931e+00,0.000000000000000000e+00,4.227416905955344362e+00,3.836118544289769972e+01,3.195233201678840018e+01,3.403363564216042647e+01,2.753869337289360431e+01,2.074129771807622902e+01,1.138946292087215539e+01,3.530168322978420292e+01,1.857395994942680417e+01,1.561446538817744312e+01,1.825302634920799605e+01,2.682494655397258754e+01,2.759016972269153101e+01,4.273880388608861836e+01,5.552885633556303269e+00,2.646363933957224290e+01,2.842759717958086796e+01,2.147787571280449370e+01,1.206836887368479516e+01,4.170042461102341491e+01,3.723101919315585917e+01,7.778744051621242939e+00,3.581643857714654899e+01,1.756466751934557147e+00,9.870398016759459381e+00,2.323682606259908567e+01,3.003793313672074561e+01,3.665628103783988934e+01,1.080729937259554774e+01,3.287458506571601191e+01,1.289351210893065414e+01,4.338731657918379625e+01,1.184440331365753352e+01,6.379412601650013670e+00,1.690098659488129229e+01,3.108134606056361804e+01,3.029838442209126015e+01,4.172878727149726075e+01,6.034691690347991688e+00,2.240468055252863877e+01,1.344780284299746853e+01
2.184181678356266687e+01,1.267356974420360416e+01,6.884649003472030238e+00,3.454308127991131983e+01,6.379981729192074624e+00,2.993386439840076818e+01,4.634825239559871335e+01,3.512545850135865511e+00,2.216335106678745603e+01,3.702941273171523306e+01,2.370443537934409406e+01,2.724154314198554516e+01,2.324054411474553206e+01,1.101662511807381861e+01,3.705025765230168133e+01,6.379981729192074624e+00,2.672136825836874507e+01,7.572747966455367852e+00,4.227416905955344362e+00,0.000000000000000000e+00,4.081427377619780117e+01,3.294714518548799731e+01,3.454308127991131983e+01,2.571886670076675330e+01,2.317244140694509724e+01,8.998827963720922085e+00,3.874277426774314392e+01,1.580007375125267188e+01,1.933606579641030621e+01,1.856770785533543844e+01,2.561092171874184231e+01,2.937398717408515481e+01,4.017272591178367946e+01,9.775301957449196166e+00,2.677303656147850575e+01,2.497725230804308438e+01,2.511699799080330564e+01,1.080616543467805357e+01,4.148224502336872632e+01,3.874674583498342884e+01,1.050684007872721537e+01,4.003922189187932901e+01,3.512545850135865511e+00,7.818814558437651385e+00,1.990798719636980607e+01,3.419714266265980740e+01,3.948316120078362701e+01,1.379152000908897158e+01,3.514878725415555749e+01,1.111948742847380345e+01,4.260259647612851808e+01,1.291177191687585157e+01,2.606358439941325766e+00,1.343139047785861173e+01,2.798154646669021162e+01,2.891066731403189749e+01,3.912808577905472873e+01,3.335846228542140857e+00,2.219391525010511401e+01,1.763406219058668611e+01
3.449948861610177886e+01,5.280663062942917207e+01,4.702714433682111661e+01,1.892369698725876503e+01,3.891484151646164946e+01,1.609537952338029143e+01,2.240879005849054550e+01,4.011600791291674284e+01,2.357507473934376563e+01,2.042882053152278843e+01,2.861372931018071597e+01,2.397890966480176544e+01,3.763617151095834856e+01,5.177483850643013596e+01,8.831019510155984520e+00,3.446661237309639603e+01,3.139019742529536927e+01,3.797554085081579700e+01,3.836118544289769972e+01,4.081427377619780117e+01,0.000000000000000000e+00,1.535284234235000689e+01,1.892369698725876503e+01,3.540634066073186403e+01,5.113159600632693724e+01,3.742153753673099459e+01,1.289734146811013638e+01,5.660371649185982790e+01,2.513919295822941180e+01,2.571820256262045845e+01,3.133105814330023975e+01,1.270845974859282101e+01,4.814118677700073334e+01,3.532966108992233245e+01,2.179117938427813428e+01,4.781985057959867191e+01,2.059580800722126170e+01,5.038456827027308549e+01,2.678051120264292351e+01,9.887860521683826676e+00,3.060399632458748798e+01,3.709749595304045044e+01,4.011600791291674284e+01,4.816385167937040990e+01,4.422976675598992813e+01,2.783213176822761170e+01,4.652062410542631810e+00,4.320816126154700498e+01,5.887970429285471319e+00,3.529049080975882191e+01,3.252879059804860162e+01,2.845694192738148587e+01,4.065222248517073922e+01,5.401045231371270461e+01,4.625503154609678091e+01,3.297204423043145738e+01,4.784491586515240868e+01,3.890660680465315835e+01,2.608641061496463465e+01,3.516531186218334426e+01
3.568641580966056637e+01,4.317460154830155972e+01,3.788194820413514918e+01,4.305828586543909431e+00,3.345639978447020724e+01,2.181905927909916088e+01,1.451931227959770609e+01,3.354595335896119934e+01,1.128108235954741190e+01,3.015271511417946826e+01,1.431459803403389053e+01,2.833875649734749658e+01,3.901336571856734281e+01,4.303925552829784351e+01,6.809319321488495724e+00,2.735693119709038967e+01,1.636308823244244337e+01,3.298287694783208224e+01,3.195233201678840018e+01,3.294714518548799731e+01,1.535284234235000689e+01,0.000000000000000000e+00,4.305828586543909431e+00,2.052366300199798488e+01,4.960248221493846899e+01,2.683271531927568176e+01,2.462236538414818554e+01,4.820786431023879715e+01,2.450073225822518452e+01,1.464198262796175598e+01,1.647604159143985569e+01,7.206068741051494975e+00,3.283138153088830080e+01,3.111326443452058399e+01,7.578757396000185942e+00,3.354211298658782425e+01,2.325809175985735777e+01,4.362205181119404074e+01,1.399706127799878708e+01,7.163277856461804483e+00,2.473748940044403710e+01,4.494697980397219794e+01,3.354595335896119934e+01,4.076493042933009292e+01,3.064215322101207306e+01,3.516625090761043992e+01,1.810770962761186809e+01,4.006708640314875680e+01,1.103685580739852412e+01,2.430930630819557692e+01,1.894534856912319043e+01,2.018094983705756462e+01,3.188632642713896459e+01,4.480482228102359699e+01,3.144640921858842120e+01,1.771953869829647488e+01,3.250969552475869762e+01,3.018572087802647630e+01,1.276794919826086705e+01,3.449728304239086185e+01
3.929736925305675754e+01,4.390258018603094570e+01,3.889955292589079505e+01,0.000000000000000000e+00,3.576184028543660531e+01,2.607800385436523527e+01,1.184578866053270652e+01,3.553424784353755683e+01,1.238023647153152673e+01,3.445854325936206664e+01,1.338042561734100566e+01,3.242816747191291427e+01,4.260353743156478856e+01,4.410661197032348468e+01,1.009873468423602993e+01,2.938483857949878697e+01,1.431141631367497524e+01,3.542392067656126642e+01,3.403363564216042647e+01,3.454308127991131983e+01,1.892369698725876503e+01,4.305828586543909431e+00,0.000000000000000000e+00,1.853382283462075719e+01,5.254427789268062554e+01,2.758541561774888962e+01,2.885369632523230266e+01,4.931429802534539419e+01,2.809712552055703227e+01,1.597634375056112255e+01,1.469505042399654471e+01,1.139330077385648465e+01,2.931569083190249003e+01,3.379961923553186409e+01,7.821691786585817319e+00,3.190437106101062170e+01,2.729336999560377564e+01,4.533388050592260754e+01,9.787691382164668497e+00,9.596509895208404473e+00,2.723620638579642161e+01,4.916442996620372696e+01,3.553424784353755683e+01,4.232967198424690736e+01,2.960052527472118911e+01,3.939479646775491517e+01,2.207676953156930466e+01,4.279826886924199414e+01,1.514463902236420978e+01,2.498933094781490638e+01,1.464045712453229342e+01,2.219545270829835104e+01,3.319954572970281959e+01,4.566946012217596262e+01,2.931569083190249003e+01,1.512643576884724439e+01,2.908279558222993799e+01,3.156948040817429657e+01,1.291494290292525804e+01,3.783075378328224758e+01
4.059064977947952713e+01,3.043415268185774991e+01,2.699625743332293482e+01,1.853382283462075719e+01,3.003925798344135956e+01,3.546647737054124860e+01,2.742049494018721845e+01,2.832543966178883466e+01,1.344095203687194129e+01,4.477704642173733873e+01,7.151340352863115868e+00,3.866081600033905374e+01,4.337379532379448932e+01,3.186691802008510166e+01,2.730286050671661968e+01,2.368759883021201418e+01,4.226451146434690109e+00,3.043670460767565800e+01,2.753869337289360431e+01,2.571886670076675330e+01,3.540634066073186403e+01,2.052366300199798488e+01,1.853382283462075719e+01,0.000000000000000000e+00,4.827847318778159291e+01,1.673450574841671923e+01,4.167347567453678181e+01,3.683090131670883238e+01,3.111685707041779736e+01,1.405121832208739541e+01,4.077555552837904607e+00,2.354987735806697913e+01,1.636097099638978136e+01,3.037296817384520864e+01,1.364308532842894373e+01,1.342866492484342444e+01,3.378022785594532706e+01,3.560829685808376155e+01,1.984575567741705981e+01,2.757323615265108430e+01,2.441515254745234031e+01,5.565516253423022874e+01,2.832543966178883466e+01,3.227513150869692993e+01,1.206499208438265747e+01,4.676061352310363617e+01,3.717040546836189208e+01,3.827241164628683379e+01,3.012232462178399217e+01,1.470868117652482887e+01,1.856682760099538143e+01,1.899066868812121101e+01,2.339043744984869377e+01,3.255414090693187745e+01,1.092290122349933412e+01,4.303080394028966360e+00,1.554722939316167363e+01,2.240447797885382286e+01,1.050472193538650956e+01,3.744882907597607158e+01
1.722246691285635123e+01,2.809624628548949232e+01,2.582101488963370528e+01,5.254427789268062554e+01,1.825313848211097678e+01,3.556317203806750626e+01,6.409312055394082108e+01,2.008904264839990361e+01,4.114210348535308981e+01,3.736598673325303110e+01,4.480944230409957640e+01,2.842283168561563045e+01,1.478912695668949517e+01,2.458602019101637381e+01,5.116618055136421361e+01,2.480086905693530142e+01,4.850503545975583819e+01,1.799798400925402930e+01,2.074129771807622902e+01,2.317244140694509724e+01,5.113159600632693724e+01,4.960248221493846899e+01,5.254427789268062554e+01,4.827847318778159291e+01,0.000000000000000000e+00,3.193261272780686255e+01,4.306892727991623815e+01,2.442367651043925392e+01,2.625260241883745493e+01,3.783072365159963368e+01,4.740930198158356035e+01,4.363453191338556536e+01,6.330004550988720524e+01,1.890312862840547226e+01,4.561019470393544850e+01,4.786445406560972060e+01,3.060119643209685947e+01,1.756402385962542567e+01,6.117231228229326234e+01,5.329667375572680044e+01,2.557482108548975575e+01,2.995743893838974259e+01,2.008904264839990361e+01,1.984461147528875458e+01,4.295317244485751473e+01,3.029051468881637277e+01,4.789219015238931831e+01,1.009957399001756251e+01,4.683903712248801554e+01,3.362214216827716484e+01,6.351229860869225519e+01,3.116426943638994018e+01,2.576043310367219163e+01,2.674347125807885561e+01,5.110971252094632433e+01,5.093507212069270906e+01,6.226612731532453893e+01,2.624962726563651216e+01,4.234154315067614505e+01,1.597670049393265224e+01
2.742262003187547137e+01,1.636185484031318182e+01,1.138818964773409625e+01,2.758541561774888962e+01,1.399340282330232377e+01,2.994073020590562351e+01,3.910453210306311433e+01,1.184371313829053918e+01,1.555561896541871469e+01,3.837910457595934588e+01,1.544427745856924972e+01,2.961905777686612851e+01,2.957036793950804210e+01,1.659534462659064857e+01,3.202674006410122587e+01,8.781687874782267755e+00,1.799768112093990524e+01,1.470220069739710134e+01,1.138946292087215539e+01,8.998827963720922085e+00,3.742153753673099459e+01,2.683271531927568176e+01,2.758541561774888962e+01,1.673450574841671923e+01,3.193261272780686255e+01,0.000000000000000000e+00,3.826618164914530240e+01,2.180436962960448000e+01,2.114918852153926210e+01,1.229526815699490072e+01,1.689932529785496129e+01,2.496820715857971607e+01,3.138919509981721134e+01,1.555561896541871469e+01,1.980215946099090019e+01,1.755370700574339438e+01,2.606744477795901815e+01,1.909751530127573105e+01,3.345364499228440280e+01,3.338764800966574597e+01,1.175232576270864371e+01,4.478133876045033901e+01,1.184371313829053918e+01,1.580275609055309260e+01,1.228894565758610113e+01,3.744715300222623711e+01,3.709884415761526810e+01,2.216284888953532572e+01,3.153964860659867142e+01,2.606358439941322658e+00,3.404400531385788042e+01,9.582535088892655040e+00,6.671692457084285266e+00,1.808477077925052967e+01,1.979381635230687664e+01,2.006117410491748032e+01,3.036813525180094686e+01,5.723472237948802999e+00,1.470220069739710134e+01,2.355862873335834351e+01
