0.000000000000000000e+00,2.439002421308275359e+01,2.179478936701309166e+01,4.242048434121092981e+01,2.039279397130850668e+01,9.493042918817117481e+00,3.558235977111618809e+01,1.893563184041451564e+01,3.429853028010284532e+01,3.064869250923321786e+01,4.650542939240249751e+00,1.957016000106571596e+01,1.042421766653507120e+01,2.117064840085804533e+01,2.311467522561131105e+01,2.935612238149847286e+00,1.825168607856722858e+01,2.117064840085803823e+01,2.754334898788443553e+01,2.277701599848249714e+01,1.566208575628282240e+01,2.940218181817849441e+01,9.493042918817117481e+00,1.042283075784315649e+01,2.443080684895479493e+01,2.051369703352168017e+01,5.431747469882014734e+00,2.864690335586764292e+01,2.624708706726921648e+01,2.614582695353202979e+01,2.100839188121994283e+01,5.446109165986829481e+01,2.536886997013658984e+01,2.461320577130706155e+01,2.410107687398923204e+01,2.699595612051781401e+01,1.303048915233712890e+01,2.682471012101902730e+01,1.161847393190297772e+01,3.338610003534529369e+01,2.890470951179165837e+01,1.580246994635271918e+01,7.148172277167636146e+00,1.399137869154762370e+01,5.544394519087682660e+00,3.733421690437397444e+01,2.214341351305580829e+01,3.121660507456547506e+01,4.882598305461993249e+01
2.439002421308275359e+01,0.000000000000000000e+00,9.528817804027463367e+00,2.265720157237305799e+01,8.245829727310571400e+00,2.355699726226175272e+01,3.615324280041014759e+01,1.276566487159353080e+01,1.637963647361659625e+01,1.967192781405248780e+01,2.735925753736472643e+01,1.800039359532149774e+01,2.430614305497859107e+01,2.552221587461459507e+01,7.783641199931669696e+00,2.146117165122799975e+01,2.897202342048948509e+01,3.618237508408479641e+01,1.441087004266965366e+01,1.730617793076145006e+01,9.523653928156010195e+00,1.801342943507443906e+01,2.355699726226175272e+01,3.306198723945291817e+01,1.895206214270688250e+01,6.190265562196974436e+00,2.958856737050731311e+01,1.139330077385648998e+01,2.152279043961946314e+01,2.508222319527118316e+01,1.717160836015076342e+01,3.455187549466045027e+01,1.757633081696415633e+00,4.131672858607226573e+01,1.379448876593464135e+01,3.311428064257359694e+01,1.665866207642364216e+01,2.781004639233094622e+01,1.984919212289161550e+01,3.539763291150350000e+01,6.386261977066722828e+00,2.697812995248231971e+01,1.724221280126171152e+01,1.691644265865356900e+01,2.990033058579533787e+01,3.360753954644554398e+01,7.780617236893816013e+00,1.801501333819294359e+01,2.443596128680233193e+01
2.179478936701309166e+01,9.528817804027463367e+00,0.000000000000000000e+00,3.204475672939975794e+01,1.502051425629207415e+01,2.475635713494295587e+01,2.669096110751132045e+01,4.080059948652051460e+00,2.589471726593003709e+01,2.835692020340522035e+01,2.587540302635416722e+01,8.814243787733197166e+00,2.575986896062081755e+01,1.637375891125530458e+01,1.597634375056112965e+01,1.904868679520411590e+01,2.065642380381379084e+01,3.859653906146435531e+01,6.808967945103360897e+00,7.778276406427852230e+00,7.204929354685450704e+00,1.000753868562642701e+01,2.475635713494295587e+01,3.190646695120014797e+01,2.614749385391673897e+01,1.289446424637020883e+01,2.610964709604905210e+01,2.069396533725353393e+01,1.209879453447154063e+01,1.555468471480151749e+01,2.350890896396740715e+01,3.275749232652347587e+01,1.128035458329162388e+01,4.332054961607079235e+01,4.651127736852590289e+00,2.377326239949810827e+01,1.008545580445514389e+01,1.828700572721588458e+01,2.219417110569624896e+01,2.587540302635416722e+01,1.581753079376769300e+01,1.905989745023120818e+01,1.549827666343079180e+01,9.774163327365601006e+00,2.674130291630643441e+01,4.148435278205058552e+01,1.756984417190331493e+00,2.702826854449258320e+01,2.998721156254049092e+01
4.242048434121092981e+01,2.265720157237305799e+01,3.204475672939975794e+01,0.000000000000000000e+00,2.224310335583865594e+01,3.690333538550288495e+01,5.815606503490720058e+01,3.542117980871429950e+01,8.177748910475521882e+00,1.517185430188473738e+01,4.354485002210689970e+01,4.065573389963309836e+01,3.702041561924917801e+01,4.817699132125453332e+01,1.958375940379062641e+01,3.985944411610034877e+01,5.132861343953778288e+01,4.410382943379626397e+01,3.542683547747279249e+01,3.973754771853277390e+01,3.110174926090870784e+01,3.879903151429171260e+01,3.690333538550288495e+01,4.782568329049768607e+01,2.149463899132314637e+01,2.279219706462977868e+01,4.782568329049768607e+01,1.380649856924566521e+01,4.362869134468310506e+01,4.745614572859047797e+01,2.357788142665983599e+01,4.355841067077778206e+01,2.091208537667540313e+01,4.916168273145046186e+01,3.587540626034946456e+01,5.576213482468124027e+01,3.866550812385803937e+01,5.027151937573509599e+01,3.275029379919931927e+01,5.766686267880326966e+01,1.627283635835421549e+01,4.916168273145046186e+01,3.601656170987109107e+01,3.912643593110684037e+01,4.773511257089429449e+01,2.590344848124090404e+01,3.029051468881637277e+01,1.304596273412318119e+01,2.042892202840832994e+01
2.039279397130850668e+01,8.245829727310571400e+00,1.502051425629207415e+01,2.224310335583865594e+01,0.000000000000000000e+00,1.686233590983626840e+01,4.101183210778791732e+01,1.660026511877519440e+01,1.432416251972766297e+01,1.379686990959000603e+01,2.220108138830236655e+01,2.159509525162195942e+01,1.740358648201432601e+01,2.843696885634508220e+01,2.721881254302803477e+00,1.771086319881455751e+01,3.025149605562071287e+01,2.843696885634507510e+01,2.130155445730252950e+01,2.216435631642539406e+01,1.033678779099435374e+01,2.480103426553482748e+01,1.686233590983626840e+01,2.731370463847477481e+01,1.120245205070376215e+01,2.223897485694760867e+00,2.582454144119052231e+01,8.465006713348945055e+00,2.677358002590023744e+01,2.962810786333970015e+01,8.999055269586312633e+00,4.275589731992517528e+01,7.821954269148239547e+00,3.365201336301443291e+01,1.967081453806844493e+01,3.620511864023641380e+01,1.756661008143238334e+01,3.200971616729909641e+01,1.276338295252407740e+01,3.982326130228903338e+01,9.300188102274125512e+00,2.786334799425904407e+01,1.378000395892447472e+01,1.829073043632208595e+01,2.584846940641721247e+01,2.646493114046355188e+01,1.361803623284992781e+01,1.303622967498241181e+01,3.020554079899496713e+01
9.493042918817117481e+00,2.355699726226175272e+01,2.475635713494295587e+01,3.690333538550288495e+01,1.686233590983626840e+01,0.000000000000000000e+00,4.370518085708093281e+01,2.325441789216743871e+01,2.876856449760585832e+01,2.336539564255133072e+01,7.567510085287304733e+00,2.571886670076675330e+01,1.111948742847380434e+00,2.919659082972241038e+01,1.931778737398221324e+01,9.301426138518683828e+00,2.728520548712815952e+01,1.395206624494235292e+01,3.139387083543740786e+01,2.832543966178883466e+01,1.757471527422871205e+01,3.403149793289011171e+01,0.000000000000000000e+00,1.092290122349933412e+01,1.665669671867466661e+01,1.799733681829590992e+01,1.336631630109346780e+01,2.378496570610255745e+01,3.250329360138584889e+01,3.335846228542142455e+01,1.364308532842894373e+01,5.699043281793301219e+01,2.390677382345676705e+01,1.856419308987371863e+01,2.833284289835592418e+01,3.575779916854213525e+01,1.895191818982616994e+01,3.457736606854319916e+01,4.226451146434690109e+00,4.169906495390452505e+01,2.616145780123084563e+01,2.473253214957189172e+01,1.009939412421016947e+01,2.006116281049180472e+01,1.275087531793479201e+01,2.811072523029508829e+01,2.441515254745234031e+01,2.451313904652068487e+01,4.704731301473950111e+01
3.558235977111618809e+01,3.615324280041014759e+01,2.669096110751132045e+01,5.815606503490720058e+01,4.101183210778791732e+01,4.370518085708093281e+01,0.000000000000000000e+00,2.441214276719549048e+01,5.252637040550742853e+01,5.474268794740894606e+01,4.005318911436580720e+01,1.957016000106571596e+01,4.480871348611810845e+01,1.451901485716362750e+01,4.243103271977523150e+01,3.457731374273962643e+01,1.825168607856722858e+01,5.672565177029932215e+01,2.283071422838495579e+01,1.898761219677145462e+01,3.094324827983969683e+01,1.974079970742815959e+01,4.370518085708093281e+01,4.480839085850285386e+01,5.151974237583880267e+01,3.909799294086743515e+01,3.599455802559209872e+01,4.738156223281068691e+01,1.463285539245094746e+01,1.138787179737898470e+01,4.837880754789878779e+01,3.824279823199675121e+01,3.788000485562819364e+01,6.010663586230249678e+01,2.239933896470757446e+01,9.784144490978738062e+00,2.538863466454243323e+01,9.301231619314023646e+00,4.331145790628487902e+01,2.605837590694957129e+00,4.224997606060765065e+01,2.019854195890199122e+01,3.404317336743259403e+01,2.431905178744951357e+01,3.709415261054643054e+01,6.693260079091234616e+01,2.840522564125251748e+01,5.360627689648953975e+01,5.042062734744756369e+01
1.893563184041451564e+01,1.276566487159353080e+01,4.080059948652051460e+00,3.542117980871429950e+01,1.660026511877519440e+01,2.325441789216743871e+01,2.441214276719549048e+01,0.000000000000000000e+00,2.883744988513695517e+01,3.034331781782914561e+01,2.328086832316611421e+01,5.269012597300942069e+00,2.431998317801786058e+01,1.275655161503305379e+01,1.809440218707376857e+01,1.638803750104701962e+01,1.664296661756304729e+01,3.720648405515138535e+01,8.608692647234621020e+00,5.723591146468132607e+00,6.808867744589417015e+00,1.080729937259554774e+01,2.325441789216743871e+01,2.927873344844624270e+01,2.729009239853196078e+01,1.470442660191381279e+01,2.282400645192163324e+01,2.334185541363298100e+01,1.037038592807181381e+01,1.303222734177070308e+01,2.432115059991215134e+01,3.560161444705828870e+01,1.450922883772282290e+01,4.168993597950274932e+01,5.213500559166061699e+00,2.038304438953964137e+01,6.379412601650013670e+00,1.549612477302523317e+01,2.130129822754269497e+01,2.328086832316611421e+01,1.915192661805296837e+01,1.498867685120728233e+01,1.338570378779975023e+01,5.874925966213672801e+00,2.354397758873374613e+01,4.273689200164214697e+01,5.552885633556303269e+00,2.929577247699941012e+01,3.406480150661741391e+01
3.429853028010284532e+01,1.637963647361659625e+01,2.589471726593003709e+01,8.177748910475521882e+00,1.432416251972766297e+01,2.876856449760585832e+01,5.252637040550742853e+01,2.883744988513695517e+01,0.000000000000000000e+00,8.613782094654526489e+00,3.536710111163137782e+01,3.410455120171442900e+01,2.891859805211772994e+01,4.147445853034606245e+01,1.176721463653334787e+01,3.178211374554915380e+01,4.410084998733809414e+01,3.666409672066877334e+01,3.034765056247522352e+01,3.367154432997233471e+01,2.380122715188598903e+01,3.389741575523191841e+01,2.876856449760585832e+01,3.969066308248815744e+01,1.395360100709333828e+01,1.516279103681008245e+01,3.969066308248815744e+01,5.884851889313368112e+00,3.789363139218610854e+01,4.144707357692718119e+01,1.562330717290428872e+01,4.355826821684470218e+01,1.464656948929198421e+01,4.182508619409674111e+01,3.014080597145639473e+01,4.919018288425169771e+01,3.135319891745900733e+01,4.414241870622186781e+01,2.459768963888924631e+01,5.177011617534316201e+01,1.043155224127010783e+01,4.182508619409674111e+01,2.802131833591298715e+01,3.191989274030583346e+01,3.958148210818474411e+01,2.219751135641482875e+01,2.415438889368924436e+01,6.040131023794518939e+00,2.347614271668814112e+01
3.064869250923321786e+01,1.967192781405248780e+01,2.835692020340522035e+01,1.517185430188473738e+01,1.379686990959000603e+01,2.336539564255133072e+01,5.474268794740894606e+01,3.034331781782914561e+01,8.613782094654526489e+00,0.000000000000000000e+00,3.065348784597938447e+01,3.538794391625597768e+01,2.323272613145855914e+01,4.218757866942635104e+01,1.238141642346449345e+01,2.859193309798481764e+01,4.359860051383458313e+01,2.898456466607590443e+01,3.403535046460049784e+01,3.580866822014175455e+01,2.411248831203489118e+01,3.763173895461950735e+01,2.336539564255133072e+01,3.406486849485626323e+01,6.806800045921932885e+00,1.564469685221878770e+01,3.576468294584698526e+01,8.895589942779043469e+00,4.036024260714476952e+01,4.337379532379448932e+01,9.784431523288757759e+00,5.093836588213972760e+01,1.825403801433530759e+01,3.400404658732410468e+01,3.296321440716272377e+01,4.994321145051122812e+01,3.111872973931608399e+01,4.579523659983323824e+01,1.956087259132257472e+01,5.360422415848850619e+01,1.556728239986333229e+01,4.111463178986152656e+01,2.553133875981258072e+01,3.192285969120106870e+01,3.543473403440867742e+01,1.451932802998696381e+01,2.677684762717948530e+01,2.607756312573266122e+00,3.203262001914816182e+01
4.650542939240249751e+00,2.735925753736472643e+01,2.587540302635416722e+01,4.354485002210689970e+01,2.220108138830236655e+01,7.567510085287304733e+00,4.005318911436580720e+01,2.328086832316611421e+01,3.536710111163137782e+01,3.065348784597938447e+01,0.000000000000000000e+00,2.418733721417316929e+01,8.119249899957763361e+00,2.571869077432430117e+01,2.487375770345651560e+01,6.893246145263056235e+00,2.240419541930917191e+01,1.689900390858802481e+01,3.187794819417933923e+01,2.734953239146316051e+01,1.931545580785331850e+01,3.388266362576661805e+01,7.567510085287304733e+00,6.031316790042093423e+00,2.405552920376134196e+01,2.275118930835095910e+01,6.031316790042093423e+00,3.000117592542948941e+01,3.088667746417399229e+01,3.078143618691681382e+01,2.086975896572027622e+01,5.862869751628249304e+01,2.812545679483601901e+01,2.006109518976957418e+01,2.848256537409784173e+01,3.125279339462353079e+01,1.757239521114716041e+01,3.140011492844517349e+01,1.109530893036154175e+01,3.780625725681094451e+01,3.121307990749650685e+01,2.006109518976958128e+01,1.053376819478994619e+01,1.856463152480069567e+01,5.265146928130739923e+00,3.552252979801220789e+01,2.605106886936228960e+01,3.159513579718935716e+01,5.167003104685736758e+01
1.957016000106571596e+01,1.800039359532149774e+01,8.814243787733197166e+00,4.065573389963309836e+01,2.159509525162195942e+01,2.571886670076675330e+01,1.957016000106571596e+01,5.269012597300942069e+00,3.410455120171442900e+01,3.538794391625597768e+01,2.418733721417316929e+01,0.000000000000000000e+00,2.682484510090678498e+01,7.569004687194174075e+00,2.324627756787027621e+01,1.754263458726224201e+01,1.222667166487732970e+01,3.950681865357079658e+01,1.008655929407592389e+01,3.512545850135865511e+00,1.138978170768234222e+01,1.053918895034289704e+01,2.571886670076675330e+01,2.994525844413054472e+01,3.195019473271682386e+01,1.980308911567670194e+01,2.238438967529409851e+01,2.858466743299078772e+01,6.808767727762981892e+00,8.244616494796547457e+00,2.881921316310514314e+01,3.664722975342310463e+01,1.975073846142342404e+01,4.362953280064257200e+01,6.888764164180317451e+00,1.512028506446838882e+01,6.808734429575676650e+00,1.042491233441846710e+01,2.450061144096466492e+01,1.824268511325217901e+01,2.438289997201127335e+01,1.109400390867664754e+01,1.562650522694273292e+01,5.723472237948799446e+00,2.327795290306191944e+01,4.736418067108890995e+01,1.050684007872721537e+01,3.443985540494842468e+01,3.819001150721120297e+01
1.042421766653507120e+01,2.430614305497859107e+01,2.575986896062081755e+01,3.702041561924917801e+01,1.740358648201432601e+01,1.111948742847380434e+00,4.480871348611810845e+01,2.431998317801786058e+01,2.891859805211772994e+01,2.323272613145855914e+01,8.119249899957763361e+00,2.682484510090678498e+01,0.000000000000000000e+00,3.029804789808056142e+01,1.979200240317246795e+01,1.036994881012227410e+01,2.833010146100155424e+01,1.289272129337723527e+01,3.242076366139885835e+01,2.941748565694140538e+01,1.856682760099538854e+01,3.508692380293229007e+01,1.111948742847380434e+00,1.086615576602891053e+01,1.647007576012654795e+01,1.863857029599821402e+01,1.404296484228579978e+01,2.406917787782526474e+01,3.360674731857223918e+01,3.447041102826880632e+01,1.359769639578973788e+01,5.790514643230362424e+01,2.459506952271845392e+01,1.757193201908199143e+01,2.938256382673560196e+01,3.683090131670883238e+01,2.006116281049180472e+01,3.568598232725833697e+01,4.644586021741734072e+00,4.279654505370660900e+01,2.669943378501011111e+01,2.578496920336655762e+01,1.120222887660345990e+01,2.117069114501684624e+01,1.336631630109346780e+01,2.742049494018721845e+01,2.538346793047481498e+01,2.448790631939237983e+01,4.760899234594060658e+01
2.117064840085804533e+01,2.552221587461459507e+01,1.637375891125530458e+01,4.817699132125453332e+01,2.843696885634508220e+01,2.919659082972241038e+01,1.451901485716362750e+01,1.275655161503305379e+01,4.147445853034606245e+01,4.218757866942635104e+01,2.571869077432430117e+01,7.569004687194174075e+00,3.029804789808056142e+01,0.000000000000000000e+00,3.032637160308896895e+01,2.006112896890968500e+01,6.374870367051644671e+00,4.225405222820045736e+01,1.631323045118432447e+01,9.577895248047161303e+00,1.810204709207052076e+01,1.532045595608942889e+01,2.919659082972241038e+01,3.078088581186665706e+01,3.815502367098994796e+01,2.682607383224219788e+01,2.219136518761885668e+01,3.584996222175261238e+01,8.809611197755282674e+00,6.033001876604754621e+00,3.483847003528141073e+01,4.081980600402648207e+01,2.726492561124491232e+01,4.577161639777165192e+01,1.377341315119647902e+01,7.773149445638564359e+00,1.138818964773409448e+01,5.723314031047586070e+00,2.896981417950510718e+01,1.252946975748004377e+01,3.190847708446138142e+01,6.892951221113792215e+00,1.966896806775818618e+01,1.042456489924256680e+01,2.325247210840896983e+01,5.337404745812047935e+01,1.807502581139847564e+01,4.143980467398589695e+01,4.526222533733609765e+01
2.311467522561131105e+01,7.783641199931669696e+00,1.597634375056112965e+01,1.958375940379062641e+01,2.721881254302803477e+00,1.931778737398221324e+01,4.243103271977523150e+01,1.809440218707376857e+01,1.176721463653334787e+01,1.238141642346449345e+01,2.487375770345651560e+01,2.324627756787027621e+01,1.979200240317246795e+01,3.032637160308896895e+01,0.000000000000000000e+00,2.042808944586538900e+01,3.249235898258802280e+01,3.032637160308896540e+01,2.181693119677755277e+01,2.346271693421945770e+01,1.229979896065603029e+01,2.539131764507019540e+01,1.931778737398221324e+01,2.990033058579533431e+01,1.120247241420249118e+01,3.514876610836358051e+00,2.854642269549332667e+01,5.882362791100938182e+00,2.799046051868782214e+01,3.109120956559787530e+01,9.787691382164661391e+00,4.170249073091414971e+01,6.809135355173164150e+00,3.557620762048938445e+01,2.059060930578677073e+01,3.809738828848674785e+01,1.974907979597995222e+01,3.358949377814739279e+01,1.515075037870136576e+01,4.137279236685176897e+01,7.031312259227812334e+00,3.015915626672677163e+01,1.647206338449666774e+01,2.039586190699233015e+01,2.856807096596646645e+01,2.589886449002792190e+01,1.441087004266965899e+01,1.120158357078901901e+01,2.790826786093904488e+01
2.935612238149847286e+00,2.146117165122799975e+01,1.904868679520411590e+01,3.985944411610034877e+01,1.771086319881455751e+01,9.301426138518683828e+00,3.457731374273962643e+01,1.638803750104701962e+01,3.178211374554915380e+01,2.859193309798481764e+01,6.893246145263056235e+00,1.754263458726224201e+01,1.036994881012227410e+01,2.006112896890968500e+01,2.042808944586538900e+01,0.000000000000000000e+00,1.800870609290976176e+01,2.228043033735967171e+01,2.498492991278763498e+01,2.058703378422740471e+01,1.275768867111208493e+01,2.701984790145172965e+01,9.301426138518683828e+00,1.290545687054091140e+01,2.262757183802623473e+01,1.771086319881455751e+01,8.224136216029135582e+00,2.605798299038155363e+01,2.431951720018287233e+01,2.461335269792931513e+01,1.913994968405789976e+01,5.177903795330066572e+01,2.245806455622238929e+01,2.614555032316195948e+01,2.159168817398589368e+01,2.646106984200838852e+01,1.080597684086172983e+01,2.557482108548975930e+01,1.033239344081520983e+01,3.250298029262237520e+01,2.605798299038155363e+01,1.544263576213081812e+01,4.225486356344119621e+00,1.184319659605959352e+01,8.446638770538353214e+00,3.621527746340080967e+01,1.931971613100919072e+01,2.898770396379405412e+01,4.589676091757419840e+01
1.825168607856722858e+01,2.897202342048948509e+01,2.065642380381379084e+01,5.132861343953778288e+01,3.025149605562071287e+01,2.728520548712815952e+01,1.825168607856722858e+01,1.664296661756304729e+01,4.410084998733809414e+01,4.359860051383458313e+01,2.240419541930917191e+01,1.222667166487732970e+01,2.833010146100155424e+01,6.374870367051644671e+00,3.249235898258802280e+01,1.800870609290976176e+01,0.000000000000000000e+00,3.929551959661655047e+01,2.200001917442514099e+01,1.511009460661939663e+01,2.030285496132476553e+01,2.144927631749382968e+01,2.728520548712815952e+01,2.672128364744989071e+01,3.876721962049207804e+01,2.899943470483594155e+01,1.784290888888676463e+01,3.828334630618832080e+01,1.513576948666036337e+01,1.228804440296627298e+01,3.529983739202641146e+01,4.716727787227022617e+01,3.063888607652075535e+01,4.227586423162580331e+01,1.905756802023235608e+01,8.895589942779047021e+00,1.275200938065412792e+01,1.119143708640253010e+01,2.798235445711852165e+01,1.580241282259581226e+01,3.525701636823465179e+01,2.605664378665279557e+00,1.898532444598907176e+01,1.220708864432352314e+01,1.895182281045467221e+01,5.346586751547715721e+01,2.219585217382097042e+01,4.321963853471850570e+01,5.040096434730568831e+01
2.117064840085803823e+01,3.618237508408479641e+01,3.859653906146435531e+01,4.410382943379626397e+01,2.843696885634507510e+01,1.395206624494235292e+01,5.672565177029932215e+01,3.720648405515138535e+01,3.666409672066877334e+01,2.898456466607590443e+01,1.689900390858802481e+01,3.950681865357079658e+01,1.289272129337723527e+01,4.225405222820045736e+01,3.032637160308896540e+01,2.228043033735967171e+01,3.929551959661655047e+01,0.000000000000000000e+00,4.529377901497003478e+01,4.222762515907503200e+01,3.139211481405019200e+01,4.797944707828654742e+01,1.395206624494235292e+01,1.398976366053026155e+01,2.271825315086311647e+01,3.012599539059795717e+01,2.219136518761884957e+01,3.312525366362752521e+01,4.631328341514169011e+01,4.687938527102771502e+01,2.149347692472112925e+01,7.039290006869450167e+01,3.615505845177102628e+01,5.265918384207659564e+00,4.227498644015896190e+01,4.812141087459172439e+01,3.270134047038224168e+01,4.783309163910513462e+01,1.659632641673434605e+01,5.455316698162363309e+01,3.733665266052164355e+01,3.691983618174105430e+01,2.397510512744231903e+01,3.379832893733551913e+01,2.113548624095567519e+01,2.622039836301813764e+01,3.813568832748718762e+01,3.107262408185737002e+01,5.800198763523308543e+01
2.754334898788443553e+01,1.441087004266965366e+01,6.808967945103360897e+00,3.542683547747279249e+01,2.130155445730252950e+01,3.139387083543740786e+01,2.283071422838495579e+01,8.608692647234621020e+00,3.034765056247522352e+01,3.403535046460049784e+01,3.187794819417933923e+01,1.008655929407592389e+01,3.242076366139885835e+01,1.631323045118432447e+01,2.181693119677755277e+01,2.498492991278763498e+01,2.200001917442514099e+01,4.529377901497003478e+01,0.000000000000000000e+00,6.890413093124928778e+00,1.395338323470314990e+01,3.602559409088020637e+00,3.139387083543740786e+01,3.788299549371011210e+01,3.250385998864535253e+01,1.909799104130051361e+01,3.130679007984607765e+01,2.576495834578882693e+01,8.815171727630147558e+00,1.302041940941278497e+01,3.005342733422569523e+01,2.708735867556947241e+01,1.597670049393264868e+01,4.994097292409907851e+01,3.513839311060821036e+00,2.244512694957620269e+01,1.478124187169727577e+01,1.595475323336807882e+01,2.897150559993473706e+01,2.262167408325640494e+01,1.991894066231287042e+01,2.113226645387316438e+01,2.180968942161602442e+01,1.405225252959037263e+01,3.206767648841467633e+01,4.766371305682115889e+01,7.783641199931662591e+00,3.242588323024492070e+01,2.914150609500605782e+01
2.277701599848249714e+01,1.730617793076145006e+01,7.778276406427852230e+00,3.973754771853277390e+01,2.216435631642539406e+01,2.832543966178883466e+01,1.898761219677145462e+01,5.723591146468132607e+00,3.367154432997233471e+01,3.580866822014175455e+01,2.734953239146316051e+01,3.512545850135865511e+00,2.941748565694140538e+01,9.577895248047161303e+00,2.346271693421945770e+01,2.058703378422740471e+01,1.511009460661939663e+01,4.222762515907503200e+01,6.890413093124928778e+00,0.000000000000000000e+00,1.253012055472149910e+01,7.026643138392144827e+00,2.832543966178883466e+01,3.319069143294839819e+01,3.298155102552327378e+01,2.017873758351882074e+01,2.581469805037045973e+01,2.841604471279844191e+01,4.650932331688371946e+00,7.776408425598401841e+00,3.004034680553976244e+01,3.314451290778610115e+01,1.905584434518538117e+01,4.650713165344879485e+01,4.228383635890921255e+00,1.636706202212310401e+01,9.785809146933152292e+00,1.053608885368727677e+01,2.672137674815935782e+01,1.810001988250114024e+01,2.356352850803347465e+01,1.429713831460495399e+01,1.825257850141770177e+01,8.787241350924789529e+00,2.668607400275348951e+01,4.842539277723313518e+01,9.526428650291927980e+00,3.462312640498091554e+01,3.568460992317368152e+01
1.566208575628282240e+01,9.523653928156010195e+00,7.204929354685450704e+00,3.110174926090870784e+01,1.033678779099435374e+01,1.757471527422871205e+01,3.094324827983969683e+01,6.808867744589417015e+00,2.380122715188598903e+01,2.411248831203489118e+01,1.931545580785331850e+01,1.138978170768234222e+01,1.856682760099538854e+01,1.810204709207052076e+01,1.229979896065603029e+01,1.275768867111208493e+01,2.030285496132476553e+01,3.139211481405019200e+01,1.395338323470314990e+01,1.253012055472149910e+01,0.000000000000000000e+00,1.689959402696004176e+01,1.757471527422871205e+01,2.529945618165645271e+01,2.059021107581747856e+01,8.784922405734329587e+00,2.055360800212112693e+01,1.800651690917169390e+01,1.717077345898819374e+01,1.957182713426112741e+01,1.754429080976690258e+01,3.962203453981389600e+01,1.094149459367481292e+01,3.613534693489992833e+01,1.120235042082735788e+01,2.587244404725465330e+01,7.571998535563775334e+00,2.180769157726577845e+01,1.501983291530171449e+01,2.962347507985586859e+01,1.533661275237968979e+01,1.806960798643525123e+01,8.781687874782269532e+00,8.123433502504902037e+00,2.099993457146130993e+01,3.602717620002599830e+01,6.896501496761269223e+00,2.334326226030254858e+01,3.360076902605437965e+01
2.940218181817849441e+01,1.801342943507443906e+01,1.000753868562642701e+01,3.879903151429171260e+01,2.480103426553482748e+01,3.403149793289011171e+01,1.974079970742815959e+01,1.080729937259554774e+01,3.389741575523191841e+01,3.763173895461950735e+01,3.388266362576661805e+01,1.053918895034289704e+01,3.508692380293229007e+01,1.532045595608942889e+01,2.539131764507019540e+01,2.701984790145172965e+01,2.144927631749382968e+01,4.797944707828654742e+01,3.602559409088020637e+00,7.026643138392144827e+00,1.689959402696004176e+01,0.000000000000000000e+00,3.403149793289011171e+01,3.981889006982048329e+01,3.599617046530018882e+01,2.261042193493442198e+01,3.272902570497603136e+01,2.936370435994282602e+01,6.799264566337224203e+00,1.093351022826670871e+01,3.346924220475461453e+01,2.614532178814186381e+01,1.957517333041527507e+01,5.249544507684718297e+01,5.723710272628967921e+00,2.050623549872491225e+01,1.639007229059104631e+01,1.377505962531566830e+01,3.186834046371770413e+01,1.978230851706361193e+01,2.346586397396690060e+01,2.100416104577094956e+01,2.419009200914885938e+01,1.549827666343079002e+01,3.356826587566560249e+01,5.120848563123512065e+01,1.120239103528870928e+01,3.602844256414129376e+01,3.125904585427894844e+01
9.493042918817117481e+00,2.355699726226175272e+01,2.475635713494295587e+01,3.690333538550288495e+01,1.686233590983626840e+01,0.000000000000000000e+00,4.370518085708093281e+01,2.325441789216743871e+01,2.876856449760585832e+01,2.336539564255133072e+01,7.567510085287304733e+00,2.571886670076675330e+01,1.111948742847380434e+00,2.919659082972241038e+01,1.931778737398221324e+01,9.301426138518683828e+00,2.728520548712815952e+01,1.395206624494235292e+01,3.139387083543740786e+01,2.832543966178883466e+01,1.757471527422871205e+01,3.403149793289011171e+01,0.000000000000000000e+00,1.092290122349933412e+01,1.665669671867466661e+01,1.799733681829590992e+01,1.336631630109346780e+01,2.378496570610255745e+01,3.250329360138584889e+01,3.335846228542142455e+01,1.364308532842894373e+01,5.699043281793301219e+01,2.390677382345676705e+01,1.856419308987371863e+01,2.833284289835592418e+01,3.575779916854213525e+01,1.895191818982616994e+01,3.457736606854319916e+01,4.226451146434690109e+00,4.169906495390452505e+01,2.616145780123084563e+01,2.473253214957189172e+01,1.009939412421016947e+01,2.006116281049180472e+01,1.275087531793479201e+01,2.811072523029508829e+01,2.441515254745234031e+01,2.451313904652068487e+01,4.704731301473950111e+01
1.042283075784315649e+01,3.306198723945291817e+01,3.190646695120014797e+01,4.782568329049768607e+01,2.731370463847477481e+01,1.092290122349933412e+01,4.480839085850285386e+01,2.927873344844624270e+01,3.969066308248815744e+01,3.406486849485626323e+01,6.031316790042093423e+00,2.994525844413054472e+01,1.086615576602891053e+01,3.078088581186665706e+01,2.990033058579533431e+01,1.290545687054091140e+01,2.672128364744989071e+01,1.398976366053026155e+01,3.788299549371011210e+01,3.319069143294839819e+01,2.529945618165645271e+01,3.981889006982048329e+01,1.092290122349933412e+01,0.000000000000000000e+00,2.727620938624721347e+01,2.811671996019012454e+01,8.895589942779043469e+00,3.464074228111872600e+01,3.655272238875664925e+01,3.614253142198812441e+01,2.446385216181865019e+01,6.465998460837379014e+01,3.371654944520144426e+01,1.580235573381090397e+01,3.447066622963259164e+01,3.560825245330040900e+01,2.345331973621206956e+01,3.650348357861520299e+01,1.510828342362254162e+01,4.244995679406303424e+01,3.651733104311750111e+01,2.461313244333660677e+01,1.652567351558609232e+01,2.440914002781805792e+01,7.783641199931662591e+00,3.664623375815249773e+01,3.206767648841467633e+01,3.535406208542129036e+01,5.720411850399528220e+01
2.443080684895479493e+01,1.895206214270688250e+01,2.614749385391673897e+01,2.149463899132314637e+01,1.120245205070376215e+01,1.665669671867466661e+01,5.151974237583880267e+01,2.729009239853196078e+01,1.395360100709333828e+01,6.806800045921932885e+00,2.405552920376134196e+01,3.195019473271682386e+01,1.647007576012654795e+01,3.815502367098994796e+01,1.120247241420249118e+01,2.262757183802623473e+01,3.876721962049207804e+01,2.271825315086311647e+01,3.250385998864535253e+01,3.298155102552327378e+01,2.059021107581747856e+01,3.599617046530018882e+01,1.665669671867466661e+01,2.727620938624721347e+01,0.000000000000000000e+00,1.341260050266133774e+01,2.937156582696108131e+01,1.120107348852039664e+01,3.762928681228422789e+01,4.015955618324694143e+01,3.514617074656305462e+00,5.263911881726416908e+01,1.799823726970037896e+01,2.787148745030126307e+01,3.078364779214297187e+01,4.578628310235506405e+01,2.680261752611215442e+01,4.232861991891660836e+01,1.302466042657228407e+01,5.012429566370875733e+01,1.699037398594443715e+01,3.620714812844675379e+01,2.004630201635122688e+01,2.773218232535205630e+01,2.896889209134223009e+01,1.544687126781854403e+01,2.480111694586489435e+01,8.465978310240373617e+00,3.624387408768141938e+01
2.051369703352168017e+01,6.190265562196974436e+00,1.289446424637020883e+01,2.279219706462977868e+01,2.223897485694760867e+00,1.799733681829590992e+01,3.909799294086743515e+01,1.470442660191381279e+01,1.516279103681008245e+01,1.564469685221878770e+01,2.275118930835095910e+01,1.980308911567670194e+01,1.863857029599821402e+01,2.682607383224219788e+01,3.514876610836358051e+00,1.771086319881455751e+01,2.899943470483594155e+01,3.012599539059795717e+01,1.909799104130051361e+01,2.017873758351882074e+01,8.784922405734329587e+00,2.261042193493442198e+01,1.799733681829590992e+01,2.811671996019012454e+01,1.341260050266133774e+01,0.000000000000000000e+00,2.592012076890549821e+01,9.300188102274121960e+00,2.475811921044923025e+01,2.773119065186966026e+01,1.120243169972414954e+01,4.074202099452213588e+01,6.037745312138375731e+00,3.530169350049272481e+01,1.754449840152214435e+01,3.459854122842993007e+01,1.625036336551175253e+01,3.018062902745437270e+01,1.405432262974415281e+01,3.797981384855494724e+01,8.465006713348946832e+00,2.668467352432377737e+01,1.359936723090801358e+01,1.688471556246667404e+01,2.603910157260126113e+01,2.861974599668182151e+01,1.144761942691751067e+01,1.464427411587229599e+01,2.912181887537789393e+01
5.431747469882014734e+00,2.958856737050731311e+01,2.610964709604905210e+01,4.782568329049768607e+01,2.582454144119052231e+01,1.336631630109346780e+01,3.599455802559209872e+01,2.282400645192163324e+01,3.969066308248815744e+01,3.576468294584698526e+01,6.031316790042093423e+00,2.238438967529409851e+01,1.404296484228579978e+01,2.219136518761885668e+01,2.854642269549332667e+01,8.224136216029135582e+00,1.784290888888676463e+01,2.219136518761884957e+01,3.130679007984607765e+01,2.581469805037045973e+01,2.055360800212112693e+01,3.272902570497603136e+01,1.336631630109346780e+01,8.895589942779043469e+00,2.937156582696108131e+01,2.592012076890549821e+01,0.000000000000000000e+00,3.406486849485626323e+01,2.866612340784929813e+01,2.778749385400588778e+01,2.603097353203277109e+01,5.838990739298990462e+01,3.064273005813180717e+01,2.461313244333659966e+01,2.779903502024586714e+01,2.672128364744989071e+01,1.652567351558609587e+01,2.790311219852953073e+01,1.636538995024388399e+01,3.360626293062365022e+01,3.428195481084020457e+01,1.580235573381090930e+01,1.242580397795796721e+01,1.729343561253405426e+01,1.111948742847380434e+00,4.145866822149496045e+01,2.667976374792957017e+01,3.645601769762976829e+01,5.400203081258901250e+01
2.864690335586764292e+01,1.139330077385648998e+01,2.069396533725353393e+01,1.380649856924566521e+01,8.465006713348945055e+00,2.378496570610255745e+01,4.738156223281068691e+01,2.334185541363298100e+01,5.884851889313368112e+00,8.895589942779043469e+00,3.000117592542948941e+01,2.858466743299078772e+01,2.406917787782526474e+01,3.584996222175261238e+01,5.882362791100938182e+00,2.605798299038155363e+01,3.828334630618832080e+01,3.312525366362752521e+01,2.576495834578882693e+01,2.841604471279844191e+01,1.800651690917169390e+01,2.936370435994282602e+01,2.378496570610255745e+01,3.464074228111872600e+01,1.120107348852039664e+01,9.300188102274121960e+00,3.406486849485626323e+01,0.000000000000000000e+00,3.278762785407145230e+01,3.616051157924064796e+01,1.163188980557168861e+01,4.223291411132437645e+01,9.788531173704424049e+00,3.837709298570169381e+01,2.513100200110747906e+01,4.359860051383458313e+01,2.553133875981258782e+01,3.877779380017857846e+01,1.956087259132257472e+01,4.648902197038390938e+01,6.671692457084289707e+00,3.598270897341573971e+01,2.221680035487029770e+01,2.612967678782700531e+01,3.401038040880595048e+01,2.339059315772410130e+01,1.899757160570437264e+01,6.809269652525266281e+00,2.510838790406053178e+01
2.624708706726921648e+01,2.152279043961946314e+01,1.209879453447154063e+01,4.362869134468310506e+01,2.677358002590023744e+01,3.250329360138584889e+01,1.463285539245094746e+01,1.037038592807181381e+01,3.789363139218610854e+01,4.036024260714476952e+01,3.088667746417399229e+01,6.808767727762981892e+00,3.360674731857223918e+01,8.809611197755282674e+00,2.799046051868782214e+01,2.431951720018287233e+01,1.513576948666036337e+01,4.631328341514169011e+01,8.815171727630147558e+00,4.650932331688371946e+00,1.717077345898819374e+01,6.799264566337224203e+00,3.250329360138584889e+01,3.655272238875664925e+01,3.762928681228422789e+01,2.475811921044923025e+01,2.866612340784929813e+01,3.278762785407145230e+01,0.000000000000000000e+00,4.226451146434690109e+00,3.469034574225980805e+01,3.203221373569336095e+01,2.324746201605461238e+01,5.043071118978712519e+01,7.777809021378851995e+00,1.376683542933099247e+01,1.361750215635787065e+01,7.149755514240120569e+00,3.113456479972666102e+01,1.404605569771645079e+01,2.763056602032746767e+01,1.512149657038359329e+01,2.240451844380276469e+01,1.252990322483993602e+01,2.962070190823370197e+01,5.307158701152059876e+01,1.379211307955086774e+01,3.910715311118509874e+01,3.782670317785098746e+01
2.614582695353202979e+01,2.508222319527118316e+01,1.555468471480151749e+01,4.745614572859047797e+01,2.962810786333970015e+01,3.335846228542142455e+01,1.138787179737898470e+01,1.303222734177070308e+01,4.144707357692718119e+01,4.337379532379448932e+01,3.078143618691681382e+01,8.244616494796547457e+00,3.447041102826880632e+01,6.033001876604754621e+00,3.109120956559787530e+01,2.461335269792931513e+01,1.228804440296627298e+01,4.687938527102771502e+01,1.302041940941278497e+01,7.776408425598401841e+00,1.957182713426112741e+01,1.093351022826670871e+01,3.335846228542142455e+01,3.614253142198812441e+01,4.015955618324694143e+01,2.773119065186966026e+01,2.778749385400588778e+01,3.616051157924064796e+01,4.226451146434690109e+00,0.000000000000000000e+00,3.705545282046718114e+01,3.528303872810767672e+01,2.683105356582744960e+01,5.069717227986075869e+01,1.162229680718006364e+01,9.573264590865381507e+00,1.451907718374275724e+01,2.936228497063332110e+00,3.250329360138584889e+01,1.033075065809449811e+01,3.132355464978952142e+01,1.290671701520003012e+01,2.339043744984869733e+01,1.341241410408591328e+01,2.881418097052645422e+01,5.558752274991310571e+01,1.730192105815419623e+01,4.228317386816099344e+01,4.205157380512319776e+01
2.100839188121994283e+01,1.717160836015076342e+01,2.350890896396740715e+01,2.357788142665983599e+01,8.999055269586312633e+00,1.364308532842894373e+01,4.837880754789878779e+01,2.432115059991215134e+01,1.562330717290428872e+01,9.784431523288757759e+00,2.086975896572027622e+01,2.881921316310514314e+01,1.359769639578973788e+01,3.483847003528141073e+01,9.787691382164661391e+00,1.913994968405789976e+01,3.529983739202641146e+01,2.149347692472112925e+01,3.005342733422569523e+01,3.004034680553976244e+01,1.754429080976690258e+01,3.346924220475461453e+01,1.364308532842894373e+01,2.446385216181865019e+01,3.514617074656305462e+00,1.120243169972414954e+01,2.603097353203277109e+01,1.163188980557168861e+01,3.469034574225980805e+01,3.705545282046718114e+01,0.000000000000000000e+00,5.147456153592059991e+01,1.649165950924925639e+01,2.674564076071597540e+01,2.809668722454503609e+01,4.242639700603868391e+01,2.346036146734859784e+01,3.914449093097400123e+01,9.776441157012051519e+00,4.691661634094297284e+01,1.639619776578425814e+01,3.273257004325500219e+01,1.653566565558834256e+01,2.441590609474262763e+01,2.567226388389992664e+01,1.857123932845605907e+01,2.228055255873936247e+01,1.089020992360264017e+01,3.661640286382807830e+01
5.446109165986829481e+01,3.455187549466045027e+01,3.275749232652347587e+01,4.355841067077778206e+01,4.275589731992517528e+01,5.699043281793301219e+01,3.824279823199675121e+01,3.560161444705828870e+01,4.355826821684470218e+01,5.093836588213972760e+01,5.862869751628249304e+01,3.664722975342310463e+01,5.790514643230362424e+01,4.081980600402648207e+01,4.170249073091414971e+01,5.177903795330066572e+01,4.716727787227022617e+01,7.039290006869450167e+01,2.708735867556947241e+01,3.314451290778610115e+01,3.962203453981389600e+01,2.614532178814186381e+01,5.699043281793301219e+01,6.465998460837379014e+01,5.263911881726416908e+01,4.074202099452213588e+01,5.838990739298990462e+01,4.223291411132437645e+01,3.203221373569336095e+01,3.528303872810767672e+01,5.147456153592059991e+01,0.000000000000000000e+00,3.500533853069332935e+01,7.538488827910977363e+01,3.059967563048849470e+01,4.390909814909871756e+01,4.186507343528003844e+01,3.743479283252792555e+01,5.381026748650843672e+01,3.984501075922583624e+01,3.576528472685201621e+01,4.702112208342614252e+01,4.823264347782951234e+01,4.113513465897634092e+01,5.913685666180649747e+01,6.540736161529154913e+01,3.273026721329163280e+01,4.850757739923113832e+01,2.474249172317114187e+01
