0.000000000000000000e+00,2.346901836465426072e+01,1.957001358591854512e+01,2.265232244972941444e+01,2.380122715188598548e+01,3.488826979941664774e+01,4.336530270695470790e+01,1.857612254359758097e+01,4.296746991493380108e+01,2.844393233503233631e+01,8.133950952631224141e+00,4.112633812823204948e+01,7.587061091710729066e+00,2.777757280988846489e+01,4.255205956028950709e+01,2.006139002632656698e+01,2.419609472250883897e+01,3.841472850041325415e+01,2.741916612702029354e+01,4.479717767808375584e+01,2.995400443976495808e+01,8.615486296193317628e+00,1.470746415776865312e+01,4.220586944999826073e+01,3.944066246680030474e+01,3.019338062544222723e+01,1.341277105456354057e+01,4.410084998733809414e+01,2.152564475665776911e+01,3.156195150042291431e+01,2.738080799314264979e+01,3.734640912585130934e+01,3.313625013459882496e+01,1.649410213364382827e+01,4.815146215024755350e+01,1.891347642773078164e+01,2.369279389663849855e+01,3.282052874179608182e+01,2.059380372545792426e+01,4.251636436549805609e+01,5.559743714236901724e+00,3.946149542839008717e+01,2.273854027124168553e+01,1.648799991309348911e+01,2.734373658468214074e+01,9.789010019381489514e+00,4.412671114210532153e+01,3.066785666153822376e+01,1.139458609500955433e+01,2.756010418641928439e+01,2.736098726427205818e+01,3.131179384790574005e+01,3.692133485056572795e+01,1.860676875367032324e+01,1.687868233129228557e+01,4.081333438545092207e+01,3.076922425889843282e+01,1.292386969088953386e+01,2.318162186876671171e+01,1.289605883555869781e+01
2.346901836465426072e+01,0.000000000000000000e+00,1.698869558880310393e+01,4.232260279258713176e+00,3.326358603422193738e+01,3.529858462911605699e+01,2.150697112603825545e+01,4.199976550462314862e+01,1.957433528692509483e+01,1.344506040477308062e+01,2.506154991378859975e+01,2.017202163180103369e+01,2.533471265374505066e+01,2.080300398256857619e+01,2.245288562271999311e+01,1.089289582556812164e+01,3.515136287972965068e+00,1.860578519034300271e+01,2.240546931164524125e+01,2.159047440146233754e+01,2.754752712533371906e+01,2.217122706330196991e+01,2.561100163662368701e+01,1.905345585146051235e+01,3.375869074227789213e+01,7.028715486724452788e+00,1.516429962723114500e+01,2.592327819909575481e+01,1.210067465211064075e+01,3.484067297274707897e+01,1.450668705974157824e+01,1.595992022947178945e+01,1.500149104488703600e+01,3.974445515296415721e+01,2.907935748166448420e+01,2.723607249873681013e+01,4.649872803803418719e+00,3.100377120038553258e+01,4.232260279258713176e+00,4.670864364111501743e+01,2.835953057400725541e+01,4.555913312748499777e+01,3.111247330418235180e+01,2.261051262572341258e+01,1.756790424575112652e+01,2.240496520381348589e+01,2.487080159207092223e+01,2.214861032351206305e+01,3.078457408774642090e+01,5.554852949675813889e+00,4.447794971389522090e+01,2.843853387391493115e+01,2.335171980309561945e+01,3.841413300639925410e+01,1.253055641093763839e+01,3.423487335043729729e+01,1.400414684928619202e+01,2.275211760847116338e+01,2.182490634628290849e+01,1.128326810156767479e+01
1.957001358591854512e+01,1.698869558880310393e+01,0.000000000000000000e+00,1.991747468931304255e+01,1.673458711145855204e+01,1.931687514472774225e+01,2.835042133791253960e+01,3.446926709124422672e+01,3.338617468843812475e+01,1.139010068214301974e+01,1.513730539446109269e+01,2.538201960385153200e+01,2.589612671267231292e+01,8.233049528586564136e+00,2.588213412703382588e+01,2.356843633547310901e+01,2.018039628468804025e+01,3.553580588959525244e+01,8.233049528586564136e+00,3.218552158660502016e+01,1.221420972328064103e+01,2.460972081464455741e+01,1.139137845887633382e+01,2.969924790707009521e+01,2.086242929819851355e+01,2.006124201773757321e+01,2.227385654007152382e+01,2.604765921458874445e+01,5.559743714236901724e+00,1.808957821874088623e+01,9.495716578243007078e+00,2.264724943473959229e+01,1.659829345653032817e+01,3.164326090536669511e+01,3.031488629288893577e+01,1.120237072181548221e+01,2.085749573193631790e+01,1.566353281146837517e+01,1.809601386004975865e+01,3.012009465128763708e+01,2.152564475665776911e+01,2.866994520044140771e+01,1.451917096168655519e+01,7.205055649958042707e+00,8.124132065057347418e+00,1.162900652371815902e+01,2.669709624697439310e+01,1.110053552866554227e+01,1.985378302212082247e+01,1.673460070121101495e+01,2.970020506721385800e+01,1.343821664694956119e+01,3.969350654912317111e+01,2.607274500012882967e+01,5.270953315527671990e+00,2.199474865929117939e+01,1.399380836356133884e+01,2.779730007661995828e+01,3.310754224533287982e+01,1.687376947899224078e+01
2.265232244972941444e+01,4.232260279258713176e+00,1.991747468931304255e+01,0.000000000000000000e+00,3.553528622816767069e+01,3.877356056258305728e+01,2.477261361894602842e+01,4.119001293270984121e+01,2.069217999104712646e+01,1.763592092117368892e+01,2.561103729823589603e+01,2.377943681527203879e+01,2.326172778726599333e+01,2.459688233862868501e+01,2.621726900852150521e+01,6.899511550009640004e+00,1.757763026051041066e+00,1.673470972107940824e+01,2.606132040368514780e+01,2.390863882781509275e+01,3.111498544332416927e+01,1.986299567204742544e+01,2.723647440580637635e+01,2.150241038783351399e+01,3.773724970249312349e+01,1.009319199589632987e+01,1.230798546775967850e+01,2.993194820911169529e+01,1.556123539952538515e+01,3.798593742056006306e+01,1.859155041748934423e+01,1.955630894547248744e+01,1.917321202850812867e+01,3.914146398961151618e+01,3.292827285758043132e+01,2.938559866338383131e+01,1.111948742847383986e+00,3.460704319138755380e+01,2.223897485694760867e+00,4.997097539867694138e+01,2.790985782499235768e+01,4.858224977661250676e+01,3.345639978447020724e+01,2.473748940044403710e+01,2.150241038783351399e+01,2.339057361016388370e+01,2.874763335317313206e+01,2.612521746485538543e+01,3.125343295907223151e+01,9.525998877049424607e+00,4.577242006231233518e+01,3.207994494651551776e+01,1.981522294587214361e+01,3.901336571856733570e+01,1.497850508477431219e+01,3.827651493348092515e+01,1.823536404301335168e+01,1.977238170531362726e+01,1.771298531234683438e+01,9.788741434320252566e+00
2.380122715188598548e+01,3.326358603422193738e+01,1.673458711145855204e+01,3.553528622816767069e+01,0.000000000000000000e+00,1.430030559167885151e+01,4.363086143649468340e+01,2.893948265575680878e+01,5.003769342813212972e+01,2.699671079110505190e+01,1.567659048483151629e+01,4.040883440807155580e+01,3.136776079621404989e+01,1.904556046648110268e+01,4.017497912477433886e+01,3.745598324347592012e+01,3.614815500678410842e+01,5.185500151873080199e+01,1.698668811390836808e+01,4.829457913873089581e+01,1.463513140775901000e+01,3.203960220369276612e+01,9.527622565398543131e+00,4.591312598920321619e+01,2.261578569028032248e+01,3.679499699798916623e+01,3.359253822069306494e+01,3.873324573921059510e+01,2.228052191863942966e+01,9.771887774492027390e+00,2.480062162366781919e+01,3.841250290634901177e+01,3.186798420092616269e+01,2.608324572382261408e+01,4.294961383379376230e+01,6.189529621230479783e+00,3.658112625012680041e+01,1.512513498736289286e+01,3.345639978447020724e+01,1.888297035103840571e+01,2.148026683643584889e+01,1.566208575628281885e+01,2.223897485694760867e+00,1.080748875877940129e+01,2.181576331990743967e+01,1.478616598314129504e+01,4.015467519196376145e+01,2.116299465086238385e+01,1.513372197058132684e+01,3.346918781225465267e+01,1.470498388362865150e+01,1.555281777232322327e+01,5.471995055567481359e+01,1.596854942767104468e+01,2.074147320425766239e+01,2.435984732447022694e+01,2.941773243040629282e+01,3.622544380629834393e+01,4.483681690121484564e+01,2.941331781172793214e+01
3.488826979941664774e+01,3.529858462911605699e+01,1.931687514472774225e+01,3.877356056258305728e+01,1.430030559167885151e+01,0.000000000000000000e+00,3.790375280858381757e+01,4.311433789431858088e+01,4.757262554457117432e+01,2.418779566129046898e+01,2.740255733263797566e+01,3.457731374273962643e+01,4.231056042454788013e+01,1.497319497785458964e+01,3.335846228542142455e+01,4.287849997388958911e+01,3.873532700544256357e+01,5.308682623404919809e+01,1.303048915233712890e+01,4.389488224267279293e+01,7.818033057074313064e+00,4.202444567745516224e+01,2.051369703352168017e+01,4.194207624744545626e+01,9.491519947081357600e+00,3.613715273881189205e+01,4.120061687759338298e+01,3.029777942175075367e+01,2.323918493114986106e+01,4.642831104667807907e+00,2.216034247121717726e+01,3.404317336743259403e+01,2.753787084630606685e+01,4.022042309189443898e+01,3.404234396011855779e+01,1.634908567545991076e+01,3.960959213443695148e+01,4.650591510162758624e+00,3.714493233306946962e+01,1.184233776170334096e+01,3.408154954362394307e+01,1.223143617132118344e+01,1.377176749494279839e+01,1.852553889123115383e+01,1.856507021960855042e+01,2.509937914546452831e+01,3.236070782198216023e+01,1.501888250753862053e+01,2.864690335586764292e+01,3.319462090398744891e+01,2.741200602164898470e+01,7.203670553819808475e+00,5.856339946847798217e+01,3.026301674317765134e+01,2.458782809281720816e+01,1.119042879791516221e+01,2.578560071046324964e+01,4.578472117809270259e+01,5.227281992067000971e+01,3.599928102238366989e+01
4.336530270695470790e+01,2.150697112603825545e+01,2.835042133791253960e+01,2.477261361894602842e+01,4.363086143649468340e+01,3.790375280858381757e+01,0.000000000000000000e+00,6.114676661059341711e+01,1.337281609521270020e+01,1.698568706893018643e+01,4.227968630841834141e+01,3.335846228542140857e+00,4.652184846843017141e+01,2.480021024494243065e+01,5.211935275267066459e+00,3.155845845326667032e+01,2.310928349760609279e+01,2.568944740958309225e+01,2.699633287710713248e+01,6.894131932950457120e+00,3.116419661919909601e+01,4.353537081873805903e+01,3.973087681037949181e+01,6.377707018256436378e+00,3.110880038496932798e+01,1.468731758430105927e+01,3.666767488028780519e+01,1.032965701067116093e+01,2.345801011721994556e+01,4.005320604347015490e+01,1.904466764233007936e+01,6.033339460733860626e+00,1.184319659605959174e+01,5.855340912925283448e+01,1.049521727720577147e+01,3.913155791649575121e+01,2.439540808047268428e+01,3.338611357103238930e+01,2.565528923546770912e+01,4.939478956973602664e+01,4.738455793661238147e+01,5.011139743425434290e+01,4.148084411744845568e+01,3.554547842160917526e+01,2.181509819313476584e+01,3.890104817475830856e+01,7.773614237546152772e+00,2.339041809406546335e+01,4.764770609562948778e+01,1.624617087452283570e+01,5.771540022044673179e+01,3.113456479972666102e+01,3.600371041772077518e+01,5.435117008760322932e+01,2.758185719004263703e+01,3.043342554052818372e+01,1.440809486774361581e+01,4.425458007092337454e+01,4.179106710017997273e+01,3.250634141623044826e+01
1.857612254359758097e+01,4.199976550462314862e+01,3.446926709124422672e+01,4.119001293270984121e+01,2.893948265575680878e+01,4.311433789431858088e+01,6.114676661059341711e+01,0.000000000000000000e+00,6.153356175624599445e+01,4.513310480318601492e+01,1.934542430673291946e+01,5.863850761485538499e+01,2.006145873911724919e+01,4.180015837107540477e+01,5.970862200167490386e+01,3.791419411371317238e+01,4.275861401356708313e+01,5.650934309411884726e+01,4.066060205329325328e+01,6.311857984780100139e+01,4.116790971730117832e+01,2.350957104644787776e+01,2.446662558390490361e+01,6.051518371316049638e+01,5.045502803098460731e+01,4.860258060127950586e+01,3.078643518977476390e+01,6.045396027696938290e+01,3.813086447029891701e+01,3.869067057336537374e+01,4.362869134468310506e+01,5.511883676986053615e+01,5.018750406266667596e+01,2.944609962497125810e+00,6.468420945877626593e+01,2.774326931795670248e+01,4.221292261690103942e+01,4.295342757197712302e+01,3.915875897560826502e+01,4.631414767610897343e+01,1.380284673227847492e+01,4.231834686865595074e+01,2.936362131136496245e+01,2.845954795018311145e+01,4.257215251528444355e+01,2.286108014213309403e+01,6.090107064748582388e+01,4.469588506941359185e+01,1.517185430188473738e+01,4.581322134136103585e+01,2.186534004891457528e+01,4.242882058687968083e+01,5.352999005628326756e+01,1.367150733176202948e+01,3.368331539077664161e+01,5.210727497503236094e+01,4.765609826955738981e+01,2.668676982833713396e+01,3.783083864809429286e+01,3.140447337713602138e+01
4.296746991493380108e+01,1.957433528692509483e+01,3.338617468843812475e+01,2.069217999104712646e+01,5.003769342813212972e+01,4.757262554457117432e+01,1.337281609521270020e+01,6.153356175624599445e+01,0.000000000000000000e+00,2.370452156512308761e+01,4.439116295619353281e+01,1.555281777232322682e+01,4.392955010592759635e+01,3.295519575747520946e+01,1.828452599114857691e+01,2.606988927487850205e+01,1.899526665392696856e+01,1.360773379001207672e+01,3.513426430452039995e+01,7.152133373265672667e+00,4.006458322361819313e+01,4.047924113292157244e+01,4.389617468217133478e+01,7.025608650634034724e+00,4.232232058079700465e+01,1.361783564784632539e+01,3.275391997618499573e+01,2.354560193227972675e+01,2.783196738426773109e+01,4.875144257430161332e+01,2.589807296349930965e+01,1.399340282330232377e+01,2.008819463526137028e+01,5.931224639913255459e+01,2.376897708183804525e+01,4.456105404404035397e+01,1.980681303458521469e+01,4.292214891120178066e+01,2.252327314605856401e+01,5.939704989740368291e+01,4.793224826088896862e+01,5.939715984858545283e+01,4.781379594243736619e+01,4.023759773440489340e+01,2.941773243040629637e+01,4.148364934098309931e+01,2.107063319935668488e+01,3.255618521753993377e+01,5.010232432812889414e+01,1.689959402696004531e+01,6.280185523755000787e+01,4.040883440807155580e+01,2.453122348788472351e+01,5.757741603663411922e+01,3.051168404733645190e+01,4.197414106353788554e+01,2.181576331990744322e+01,3.988081657232271482e+01,3.428920960443901578e+01,3.034440005991394784e+01
2.844393233503233631e+01,1.344506040477308062e+01,1.139010068214301974e+01,1.763592092117368892e+01,2.699671079110505190e+01,2.418779566129046898e+01,1.698568706893018643e+01,4.513310480318601492e+01,2.370452156512308761e+01,0.000000000000000000e+00,2.588727208988437667e+01,1.399218763094720153e+01,3.322712408626614433e+01,9.301718359573223793e+00,1.463285539245094746e+01,2.379326942378568432e+01,1.686723091668839558e+01,2.929314283714068878e+01,1.144698408676874557e+01,2.130121302735182809e+01,1.648923304386050859e+01,3.094308183936014700e+01,2.278147901976745970e+01,1.895194210815223812e+01,2.079113222307256237e+01,1.209879453447154063e+01,2.588338355660321710e+01,1.565774913711026350e+01,7.026125754109685317e+00,2.505966177565179720e+01,2.223897485694760867e+00,1.144698408676874912e+01,5.212803863399027904e+00,4.240573921401266944e+01,1.973254163922748816e+01,2.219417110569624896e+01,1.808588667511908810e+01,1.957057641244690771e+01,1.692031638603410926e+01,3.601898171463605536e+01,3.163390487627915348e+01,3.575872890249581104e+01,2.480062162366781919e+01,1.856814837400600737e+01,5.723511849966601339e+00,2.240792627575309837e+01,1.580123313676374330e+01,9.494187452695483032e+00,3.100446709232161879e+01,9.525832188578814197e+00,4.079810850213328877e+01,1.698568706893018643e+01,3.621709607852944401e+01,3.745240302140635436e+01,1.162516932829603888e+01,2.106599439474721436e+01,2.606445425400425897e+00,3.297603529859997451e+01,3.468593171011998777e+01,2.053115044123612520e+01
8.133950952631224141e+00,2.506154991378859975e+01,1.513730539446109269e+01,2.561103729823589603e+01,1.567659048483151629e+01,2.740255733263797566e+01,4.227968630841834141e+01,1.934542430673291946e+01,4.439116295619353281e+01,2.588727208988437667e+01,0.000000000000000000e+00,3.960711758193014020e+01,1.569117141881037902e+01,2.272725798454183987e+01,4.051085969473886195e+01,2.506213390291121712e+01,2.682532015492391864e+01,4.225405222820046447e+01,2.183947103940214518e+01,4.493095496047867954e+01,2.336258084628452281e+01,1.655242937778800894e+01,6.896197265260496145e+00,4.233283191791922206e+01,3.293224221416912911e+01,3.089279724433041352e+01,1.957853550202214876e+01,4.111170919375985022e+01,1.894632326629014685e+01,2.378220056905370328e+01,2.431088924382723704e+01,3.630061844997129583e+01,3.101037016733392804e+01,1.655242937778800183e+01,4.534912644990513542e+01,1.111233355616883500e+01,2.672147903480389886e+01,2.586431596262631061e+01,2.339058338093092004e+01,3.445207715214412048e+01,6.900341150915102695e+00,3.133867514151048184e+01,1.469969962508871042e+01,9.783288329391723437e+00,2.325513903184177877e+01,3.515656065430972532e+00,4.160206223254323277e+01,2.565785093125861849e+01,5.724068961386114651e+00,2.779585779556888880e+01,2.074252836580289738e+01,2.470810611805244150e+01,4.256107482274587994e+01,1.341268564734029667e+01,1.470721623883754603e+01,3.443975239514210074e+01,2.844480273878697218e+01,2.082292203150381127e+01,3.035525714753990556e+01,1.690013396440756210e+01
4.112633812823204948e+01,2.017202163180103369e+01,2.538201960385153200e+01,2.377943681527203879e+01,4.040883440807155580e+01,3.457731374273962643e+01,3.335846228542140857e+00,5.863850761485538499e+01,1.555281777232322682e+01,1.399218763094720153e+01,3.960711758193014020e+01,0.000000000000000000e+00,4.469188219366461112e+01,2.151672692039390000e+01,2.935612238149847286e+00,3.066426176584338492e+01,2.220893499362302848e+01,2.688876416930403934e+01,2.370409116385593862e+01,9.785183972261437546e+00,2.783190219607063298e+01,4.184096320041886230e+01,3.677330391590908931e+01,8.605739770185588000e+00,2.790311219852953073e+01,1.377505962531566830e+01,3.527559426263687925e+01,8.117858322017708517e+00,2.068505905223203101e+01,3.671945401241229234e+01,1.597278795396049844e+01,4.225486356344119621e+00,8.786545127079476103e+00,5.599524809361112432e+01,9.570952700487056930e+00,3.602212589092994932e+01,2.354429326165973890e+01,3.005333672371131115e+01,2.439540808047268428e+01,4.609290167612510203e+01,4.493361369418710893e+01,4.678080718692128670e+01,3.827165292099421379e+01,3.254950207164934284e+01,1.860304702113407771e+01,3.618398261642971647e+01,5.870608841769565878e+00,2.006114024249270145e+01,4.488165421176535119e+01,1.468731758430105927e+01,5.457732927407843704e+01,2.779871857118451928e+01,3.676828135969221023e+01,5.144102077348706814e+01,2.497028464607484466e+01,2.728439442507478674e+01,1.138850768514242517e+01,4.284928571853328805e+01,4.121010214874102218e+01,3.080735012434386988e+01
7.587061091710729066e+00,2.533471265374505066e+01,2.589612671267231292e+01,2.326172778726599333e+01,3.136776079621404989e+01,4.231056042454788013e+01,4.652184846843017141e+01,2.006145873911724919e+01,4.392955010592759635e+01,3.322712408626614433e+01,1.569117141881037902e+01,4.469188219366461112e+01,0.000000000000000000e+00,3.410244727761854477e+01,4.648776748194387665e+01,1.857567729694525838e+01,2.499132459551267260e+01,3.706530758840418827e+01,3.402985733581427752e+01,4.688143370191748005e+01,3.701592040503020797e+01,3.603639052806977272e+00,2.228309777290277083e+01,4.437037632841077794e+01,4.637516375594685769e+01,3.236034772910478807e+01,1.139619701012447806e+01,4.871447173248510865e+01,2.671861577540977706e+01,3.909528621575336871e+01,3.255042695268699759e+01,4.065222248517073211e+01,3.742153753673099459e+01,1.895221929760415591e+01,5.255023531855565722e+01,2.647624790764381686e+01,2.412281430245274905e+01,4.002489614181791922e+01,2.160838215243498439e+01,5.010332810224283406e+01,1.120567474001203045e+01,4.702984324586669374e+01,3.032560068686306920e+01,2.380991430110833917e+01,3.314036165756202479e+01,1.726698535541832769e+01,4.839461157387123080e+01,3.689882590794038464e+01,1.812244464990268611e+01,3.028806620507474179e+01,3.371082419543873243e+01,3.836510890322678335e+01,3.346967976593128213e+01,2.442802307897628822e+01,2.224046715033895794e+01,4.766446212194684051e+01,3.529049080975882191e+01,6.809573026701535525e+00,1.799895055051413095e+01,1.406992024187242585e+01
2.777757280988846489e+01,2.080300398256857619e+01,8.233049528586564136e+00,2.459688233862868501e+01,1.904556046648110268e+01,1.497319497785458964e+01,2.480021024494243065e+01,4.180015837107540477e+01,3.295519575747520946e+01,9.301718359573223793e+00,2.272725798454183987e+01,2.151672692039390000e+01,3.410244727761854477e+01,0.000000000000000000e+00,2.113655527881556750e+01,2.961993380018128974e+01,2.430772424541412136e+01,3.816038601223816329e+01,2.223897485694760867e+00,3.002261605687927570e+01,7.204047402837766789e+00,3.268556576953791648e+01,1.756661008143238334e+01,2.783192660400089480e+01,1.343002735067033981e+01,2.116404547021153704e+01,2.961905777686612495e+01,1.990726034677665623e+01,9.291369901201731452e+00,1.580275609055309260e+01,7.204299011886252657e+00,2.001507737125285047e+01,1.334338491416856343e+01,3.890322624274165264e+01,2.418869469708391762e+01,1.549827666343079180e+01,2.531527386727664464e+01,1.042456489924257212e+01,2.325322043139208716e+01,2.676815993404837712e+01,2.939941839072067964e+01,2.646171045930326216e+01,1.698668811390836808e+01,1.337607382809249756e+01,3.602118036801779333e+00,1.931977683122650191e+01,2.116037303517764201e+01,2.936536862894459254e+00,2.676085983704076909e+01,1.824633744180550465e+01,3.354349085086242610e+01,7.818553906116260777e+00,4.415061431973341399e+01,3.192285969120106870e+01,1.243908991961616017e+01,1.429239339925317687e+01,1.120224910286148123e+01,3.567161500782597727e+01,3.991743464192565227e+01,2.407191173510440407e+01
4.255205956028950709e+01,2.245288562271999311e+01,2.588213412703382588e+01,2.621726900852150521e+01,4.017497912477433886e+01,3.335846228542142455e+01,5.211935275267066459e+00,5.970862200167490386e+01,1.828452599114857691e+01,1.463285539245094746e+01,4.051085969473886195e+01,2.935612238149847286e+00,4.648776748194387665e+01,2.113655527881556750e+01,0.000000000000000000e+00,3.311657826495555668e+01,2.470214471215529173e+01,2.982247992909269740e+01,2.325344382161783230e+01,1.209551476463478004e+01,2.699618203580345011e+01,4.375414992093623567e+01,3.721864010445055726e+01,1.127165254416135909e+01,2.614527403052760590e+01,1.634908567545991076e+01,3.742656315348049390e+01,5.265532551485818225e+00,2.158411257988131027e+01,3.581500366495497900e+01,1.638668292340017985e+01,6.793426740400493102e+00,9.521666194480030043e+00,5.700675435912155820e+01,6.789269198605790478e+00,3.613715273881189205e+01,2.605168294406606933e+01,2.894256045738718797e+01,2.668471087344923021e+01,4.466414640113556089e+01,4.610821428483207285e+01,4.558989845674260977e+01,3.808963358696209411e+01,3.294015171857045488e+01,1.856507021960855397e+01,3.703831580295872072e+01,2.934996609028044379e+00,1.933748775259169506e+01,4.562678685525300182e+01,1.690677534375868518e+01,5.456181894169848334e+01,2.682471012101902730e+01,3.968660664789472747e+01,5.192599919187366453e+01,2.605277510602514113e+01,2.538752251606199550e+01,1.206634166502413130e+01,4.496726468168258606e+01,4.377675065629793494e+01,3.276264386338466039e+01
2.006139002632656698e+01,1.089289582556812164e+01,2.356843633547310901e+01,6.899511550009640004e+00,3.745598324347592012e+01,4.287849997388958911e+01,3.155845845326667032e+01,3.791419411371317238e+01,2.606988927487850205e+01,2.379326942378568432e+01,2.506213390291121712e+01,3.066426176584338492e+01,1.857567729694525838e+01,2.961993380018128974e+01,3.311657826495555668e+01,0.000000000000000000e+00,8.467922968337713741e+00,1.860657180233160446e+01,3.076654934670826336e+01,3.017820552167671266e+01,3.553382486489964265e+01,1.498232502522678011e+01,2.835887739984867295e+01,2.789262911361497643e+01,4.301813341493533471e+01,1.693001774231208856e+01,7.206704394162028571e+00,3.678788731432818793e+01,2.032933202361711267e+01,4.144464925659610799e+01,2.440889161830441623e+01,2.644417813734170508e+01,2.587702141279370238e+01,3.622883477390656992e+01,3.982579966507539382e+01,3.128939603952318649e+01,7.163277856461806259e+00,3.904121833533644548e+01,6.899511550009640004e+00,5.350728633799951695e+01,2.561108199912624528e+01,5.165472189955030302e+01,3.555939425781777175e+01,2.681084746689444742e+01,2.689973677518067419e+01,2.369244609698986181e+01,3.564136856572235956e+01,3.153327445843752486e+01,3.029940021880346990e+01,1.637311975935569919e+01,4.579239227446488769e+01,3.663518393331911227e+01,1.754720855451812156e+01,3.802642852659992201e+01,1.830194141774382999e+01,4.373227458910369592e+01,2.472004668204530731e+01,1.382623117551176506e+01,1.096021724451302148e+01,8.246605987310648089e+00
2.419609472250883897e+01,3.515136287972965068e+00,2.018039628468804025e+01,1.757763026051041066e+00,3.614815500678410842e+01,3.873532700544256357e+01,2.310928349760609279e+01,4.275861401356708313e+01,1.899526665392696856e+01,1.686723091668839558e+01,2.682532015492391864e+01,2.220893499362302848e+01,2.499132459551267260e+01,2.430772424541412136e+01,2.470214471215529173e+01,8.467922968337713741e+00,0.000000000000000000e+00,1.580361980245717923e+01,2.588429984413651042e+01,2.215207952872108876e+01,3.100706882503847694e+01,2.160709838530044280e+01,2.809697924237853073e+01,1.975073846142342404e+01,3.726979243115754059e+01,8.462094848345426357e+00,1.406574844883862418e+01,2.854992713367287038e+01,1.550259150270909814e+01,3.815770328267440448e+01,1.800192320314484462e+01,1.799434846110304420e+01,1.799434846110304775e+01,4.066742562645352166e+01,3.144259268041005129e+01,3.004143827678939971e+01,1.361359926335513615e+00,3.447449740033742671e+01,3.602939204248537752e+00,5.007764989032066438e+01,2.938788443104727577e+01,4.883106606478375511e+01,3.403406395933501472e+01,2.539154211129342542e+01,2.108304034211444034e+01,2.446287234264237753e+01,2.728286228587202089e+01,2.566150746691052831e+01,3.250417600493700832e+01,8.240009660324107088e+00,4.678111793181086142e+01,3.191738627154357744e+01,1.986184183636276401e+01,4.023800580070368937e+01,1.544639838886640959e+01,3.773406944435718202e+01,1.724411259727679990e+01,2.152394817273258809e+01,1.910672856067107617e+01,1.139362182038407134e+01
3.841472850041325415e+01,1.860578519034300271e+01,3.553580588959525244e+01,1.673470972107940824e+01,5.185500151873080199e+01,5.308682623404919809e+01,2.568944740958309225e+01,5.650934309411884726e+01,1.360773379001207672e+01,2.929314283714068878e+01,4.225405222820046447e+01,2.688876416930403934e+01,3.706530758840418827e+01,3.816038601223816329e+01,2.982247992909269740e+01,1.860657180233160446e+01,1.580361980245717923e+01,0.000000000000000000e+00,4.005729223761144908e+01,2.052615757950061948e+01,4.526929502400653149e+01,3.346193423732481165e+01,4.389682388209412522e+01,1.955859019791936859e+01,4.994059255669034769e+01,1.722161891357307439e+01,2.579195793141870041e+01,3.493321099296094445e+01,3.037721594180460727e+01,5.311159380176556510e+01,3.109492012963653451e+01,2.379044883487311424e+01,2.781556573024632684e+01,5.476380787634523983e+01,3.612192998282073830e+01,4.579111538048040586e+01,1.562670916264564447e+01,4.858393859504753465e+01,1.895209829752002406e+01,6.476066241508046062e+01,4.389747507788136005e+01,6.389897508159705808e+01,4.971246826828131304e+01,4.114827212919255572e+01,3.462054671672968453e+01,4.012265452649505448e+01,3.275592798907441505e+01,3.878199890422204987e+01,4.783318197372769021e+01,1.991820746323944036e+01,6.250674893083476746e+01,4.597814041598793011e+01,1.095485467154131953e+01,5.561411000911893865e+01,3.111352846563063679e+01,5.001657797359430191e+01,2.844480273878697218e+01,3.158173783999777839e+01,2.335737387743819227e+01,2.571943331525332610e+01
2.741916612702029354e+01,2.240546931164524125e+01,8.233049528586564136e+00,2.606132040368514780e+01,1.698668811390836808e+01,1.303048915233712890e+01,2.699633287710713248e+01,4.066060205329325328e+01,3.513426430452039995e+01,1.144698408676874557e+01,2.183947103940214518e+01,2.370409116385593862e+01,3.402985733581427752e+01,2.223897485694760867e+00,2.325344382161783230e+01,3.076654934670826336e+01,2.588429984413651042e+01,4.005729223761144908e+01,0.000000000000000000e+00,3.224651354257403568e+01,5.212456124317607298e+00,3.283652919735196463e+01,1.625036336551175253e+01,3.005336685280634512e+01,1.267212509929709441e+01,2.317196109847011343e+01,3.027960276827239738e+01,2.180436962960447644e+01,1.053841329495834778e+01,1.361736904501304934e+01,9.301718359573223793e+00,2.223897485694761045e+01,1.556728239986332518e+01,3.774172825415009669e+01,2.605881101776222053e+01,1.381084281524660184e+01,2.683271531927568176e+01,8.605318887197846323e+00,2.459688233862868501e+01,2.475225778975169888e+01,2.863239985524667475e+01,2.431905178744951357e+01,1.497508640141226621e+01,1.221658834917933056e+01,5.723472237948796781e+00,1.853589643494803951e+01,2.316860693852143527e+01,4.302869833134275623e+00,2.553133875981258782e+01,2.017708181188314853e+01,3.156860873974374115e+01,6.033339460733865955e+00,4.574606677725806492e+01,3.033404968556820336e+01,1.302183236372419373e+01,1.376355146749476610e+01,1.341243099733359934e+01,3.601656170987109107e+01,4.083610398649213380e+01,2.478057656251793972e+01
4.479717767808375584e+01,2.159047440146233754e+01,3.218552158660502016e+01,2.390863882781509275e+01,4.829457913873089581e+01,4.389488224267279293e+01,6.894131932950457120e+00,6.311857984780100139e+01,7.152133373265672667e+00,2.130121302735182809e+01,4.493095496047867954e+01,9.785183972261437546e+00,4.688143370191748005e+01,3.002261605687927570e+01,1.209551476463478004e+01,3.017820552167671266e+01,2.215207952872108876e+01,2.052615757950061948e+01,3.224651354257403568e+01,0.000000000000000000e+00,3.679482431074181648e+01,4.362265998550181934e+01,4.333146049097119601e+01,2.606358439941325766e+00,3.762391807551286860e+01,1.463665089407840192e+01,3.621153843663657312e+01,1.720895650439145186e+01,2.684433176833148238e+01,4.567084036928289237e+01,2.350863834793952378e+01,1.000753868562642523e+01,1.667923114271071228e+01,6.069098511218379599e+01,1.687129098545239714e+01,4.331274037078041772e+01,2.325322043139209072e+01,3.929588771284203830e+01,2.531527386727665530e+01,5.555871407022289787e+01,4.932905310504308716e+01,5.601094235662228016e+01,4.609388390077585029e+01,3.934014957385746669e+01,2.672135977380678540e+01,4.173705540939960201e+01,1.463134018871195607e+01,2.903813877098617269e+01,5.051972069594950909e+01,1.730737472463103543e+01,6.188083873993829087e+01,3.692005663943203331e+01,3.132334671691693728e+01,5.764146140915606509e+01,3.037357391222402470e+01,3.704995095043032904e+01,1.895193014530753572e+01,4.366637963827374591e+01,3.949706290613227821e+01,3.286656488445673574e+01
2.995400443976495808e+01,2.754752712533371906e+01,1.221420972328064103e+01,3.111498544332416927e+01,1.463513140775901000e+01,7.818033057074313064e+00,3.116419661919909601e+01,4.116790971730117832e+01,4.006458322361819313e+01,1.648923304386050859e+01,2.336258084628452281e+01,2.783190219607063298e+01,3.701592040503020797e+01,7.204047402837766789e+00,2.699618203580345011e+01,3.553382486489964265e+01,3.100706882503847694e+01,4.526929502400653149e+01,5.212456124317607298e+00,3.679482431074181648e+01,0.000000000000000000e+00,3.623049932718803490e+01,1.691257281975543236e+01,3.471068448352922786e+01,9.572108359393372012e+00,2.835106948970064167e+01,3.447302904506097576e+01,2.473220325775783124e+01,1.555375098387117916e+01,8.895589942779043469e+00,1.440834640148924883e+01,2.682481132479897923e+01,2.019876582659584585e+01,3.822330025395186937e+01,2.881367940657549909e+01,1.343958398995370196e+01,3.191920972414244417e+01,3.511255895344524980e+00,2.956642755943918388e+01,1.956891225234225473e+01,3.026200310749863220e+01,1.933748775259169150e+01,1.302595835554754622e+01,1.364142087453590690e+01,1.080616543467805357e+01,2.043059260432574931e+01,2.646128325127228464e+01,7.783641199931669696e+00,2.605074992892551577e+01,2.538274355429237872e+01,2.928789257113912825e+01,1.358685265881009352e+00,5.086033615980412037e+01,2.962611690622501825e+01,1.740200720550041424e+01,1.109009274538076717e+01,1.825235498716831373e+01,3.970011977118902280e+01,4.530806196119102225e+01,2.908781234419445383e+01
8.615486296193317628e+00,2.217122706330196991e+01,2.460972081464455741e+01,1.986299567204742544e+01,3.203960220369276612e+01,4.202444567745516224e+01,4.353537081873805903e+01,2.350957104644787776e+01,4.047924113292157244e+01,3.094308183936014700e+01,1.655242937778800894e+01,4.184096320041886230e+01,3.603639052806977272e+00,3.268556576953791648e+01,4.375414992093623567e+01,1.498232502522678011e+01,2.160709838530044280e+01,3.346193423732481165e+01,3.283652919735196463e+01,4.362265998550181934e+01,3.623049932718803490e+01,0.000000000000000000e+00,2.265323732786087518e+01,4.113807003633083070e+01,4.538487664234379082e+01,2.919580601069873893e+01,7.824851706103942206e+00,4.623376471336175086e+01,2.473500573293543781e+01,3.911854755330354294e+01,3.045980947996988064e+01,3.774172825415009669e+01,3.488148234351822907e+01,2.223897485694761400e+01,4.996328580387875462e+01,2.671918651197538708e+01,2.068628065286776874e+01,3.939405975655603243e+01,1.830819370514800681e+01,5.049051585999306013e+01,1.339115957231052789e+01,4.763697143220134933e+01,3.077993809189360164e+01,2.353443910309708542e+01,3.138634802697335502e+01,1.742578376271868379e+01,4.577515259603047326e+01,3.538451654563192506e+01,1.992482159206338110e+01,2.729149460967141394e+01,3.581729350178779470e+01,3.755859355315160286e+01,3.005354154411143242e+01,2.678122266096156778e+01,2.045820911856668545e+01,4.658231860423036608e+01,3.286803847186084226e+01,4.308383442196885404e+00,1.502284636459020462e+01,1.103990877223313483e+01
1.470746415776865312e+01,2.561100163662368701e+01,1.139137845887633382e+01,2.723647440580637635e+01,9.527622565398543131e+00,2.051369703352168017e+01,3.973087681037949181e+01,2.446662558390490361e+01,4.389617468217133478e+01,2.278147901976745970e+01,6.896197265260496145e+00,3.677330391590908931e+01,2.228309777290277083e+01,1.756661008143238334e+01,3.721864010445055726e+01,2.835887739984867295e+01,2.809697924237853073e+01,4.389682388209412522e+01,1.625036336551175253e+01,4.333146049097119601e+01,1.691257281975543236e+01,2.265323732786087518e+01,0.000000000000000000e+00,4.079765698466248125e+01,2.641623914973067144e+01,3.029878961751774114e+01,2.411821843947047839e+01,3.703235998532726114e+01,1.649099614838766570e+01,1.691257281975543236e+01,2.085470080991702346e+01,3.397504840834628226e+01,2.798883549441655560e+01,2.153397225696165762e+01,4.133068694616132177e+01,4.230320010889851545e+00,2.832685313245048064e+01,1.916391623175561776e+01,2.506140413943156986e+01,2.786885094241615590e+01,1.361612102560978421e+01,2.499645409036839183e+01,8.126930023957024574e+00,4.304980828300037032e+00,1.894145528574814819e+01,5.272509687730292605e+00,3.788645345015643073e+01,2.039265235542244525e+01,9.300188102274121960e+00,2.699708986647376463e+01,1.895205010594822781e+01,1.822693406330098753e+01,4.581315233755079674e+01,1.470777513573237449e+01,1.341258350515138176e+01,2.798885561103073627e+01,2.538491796114942645e+01,2.678270053799835537e+01,3.533340801046000479e+01,2.018261245302766227e+01
4.220586944999826073e+01,1.905345585146051235e+01,2.969924790707009521e+01,2.150241038783351399e+01,4.591312598920321619e+01,4.194207624744545626e+01,6.377707018256436378e+00,6.051518371316049638e+01,7.025608650634034724e+00,1.895194210815223812e+01,4.233283191791922206e+01,8.605739770185588000e+00,4.437037632841077794e+01,2.783192660400089480e+01,1.127165254416135909e+01,2.789262911361497643e+01,1.975073846142342404e+01,1.955859019791936859e+01,3.005336685280634512e+01,2.606358439941325766e+00,3.471068448352922786e+01,4.113807003633083070e+01,4.079765698466248125e+01,0.000000000000000000e+00,3.601835400824155187e+01,1.207039949294082604e+01,3.378562660255360584e+01,1.652678131617590651e+01,2.432044972171439667e+01,4.355723155892996346e+01,2.117071255660953000e+01,7.901421050662187362e+00,1.451909278936642167e+01,5.808515830617218256e+01,1.684769660848862571e+01,4.085310651833060547e+01,2.088991676253625585e+01,3.731801494201195624e+01,2.284080324352373736e+01,5.367276203853224104e+01,4.672446006337852253e+01,5.399259038265905275e+01,4.370567854438675681e+01,3.683361420243169704e+01,2.446287234264237398e+01,3.914783513785546631e+01,1.404502485326832506e+01,2.699640836718778303e+01,4.792796605634720208e+01,1.470275669057400947e+01,5.939945283490768446e+01,3.489636819510067767e+01,3.012965459866384421e+01,5.507055278728089576e+01,2.779271194080669005e+01,3.554008224995851606e+01,1.667923114271071228e+01,4.127447551687714622e+01,3.745127723668638708e+01,3.033597186293827974e+01
3.944066246680030474e+01,3.375869074227789213e+01,2.086242929819851355e+01,3.773724970249312349e+01,2.261578569028032248e+01,9.491519947081357600e+00,3.110880038496932798e+01,5.045502803098460731e+01,4.232232058079700465e+01,2.079113222307256237e+01,3.293224221416912911e+01,2.790311219852953073e+01,4.637516375594685769e+01,1.343002735067033981e+01,2.614527403052760590e+01,4.301813341493533471e+01,3.726979243115754059e+01,4.994059255669034769e+01,1.267212509929709441e+01,3.762391807551286860e+01,9.572108359393372012e+00,4.538487664234379082e+01,2.641623914973067144e+01,3.601835400824155187e+01,0.000000000000000000e+00,3.272902570497603136e+01,4.292955843326198817e+01,2.228037967775181016e+01,2.270702328926279989e+01,1.380361036039332845e+01,1.931120241711355945e+01,2.834654049485700611e+01,2.251184480254337572e+01,4.751437497132781118e+01,2.561082464113111712e+01,2.274353711687079738e+01,3.837083248211317965e+01,7.565271080725903374e+00,3.653870625274636552e+01,1.895182281045466510e+01,3.983059886554640627e+01,2.073902608016604532e+01,2.149457052652816813e+01,2.321011832594902913e+01,1.623780588149760007e+01,2.999018414749230743e+01,2.461313244333661387e+01,1.161465921493885212e+01,3.543473403440867742e+01,3.031679786472241389e+01,3.657154634012537997e+01,8.224136216029135582e+00,5.693177324173237253e+01,3.836659520032052484e+01,2.567226388389993019e+01,1.754792081893765898e+00,2.151119640854727422e+01,4.865864704900642579e+01,5.334401227106572918e+01,3.741012879893528975e+01
3.019338062544222723e+01,7.028715486724452788e+00,2.006124201773757321e+01,1.009319199589632987e+01,3.679499699798916623e+01,3.613715273881189205e+01,1.468731758430105927e+01,4.860258060127950586e+01,1.361783564784632539e+01,1.209879453447154063e+01,3.089279724433041352e+01,1.377505962531566830e+01,3.236034772910478807e+01,2.116404547021153704e+01,1.634908567545991076e+01,1.693001774231208856e+01,8.462094848345426357e+00,1.722161891357307439e+01,2.317196109847011343e+01,1.463665089407840192e+01,2.835106948970064167e+01,2.919580601069873893e+01,3.029878961751774114e+01,1.207039949294082604e+01,3.272902570497603136e+01,0.000000000000000000e+00,2.206660631165515341e+01,2.050623549872491225e+01,1.451918662503721791e+01,3.657760112572746181e+01,1.399421414214293158e+01,9.582535088892655040e+00,1.102267203953451080e+01,4.624156458861462937e+01,2.312724410771427230e+01,3.113456479972666102e+01,9.782145706971776988e+00,3.156512719508534559e+01,1.102975089353987492e+01,4.791836823727628314e+01,3.485061814716058137e+01,4.737450984620950578e+01,3.457757601715147189e+01,2.672141927567050601e+01,1.757564521735145391e+01,2.790779484420365719e+01,1.902743442523479445e+01,2.159253920629321755e+01,3.658213616405247137e+01,3.335846228542144853e+00,4.922751724691659803e+01,2.896339105161779770e+01,2.498457946580113642e+01,4.399373113945863878e+01,1.689970174957578664e+01,3.284659225817112826e+01,1.127599635590523341e+01,2.963941350701842836e+01,2.744248767387275834e+01,1.829944530205352038e+01
