0.000000000000000000e+00,4.812307336656935774e+01,2.532232898512920372e+01,3.449731620820261213e+01,1.687540624514607046e+01,3.417798027483321732e+01,2.391610889870678847e+01,3.945919700905640326e+01,4.259738279961268859e+01,1.544853083238620250e+01,1.051746362634527721e+01,3.787128626640068063e+01,3.790425695676937323e+01,2.587384269672933357e+01,3.128834518856419677e+01,1.866673929254618969e+01,1.379322493596068000e+01,2.513281851549884394e+01,2.682542248590456779e+01,1.731900692717504242e+01,3.686732194673688667e+01,3.788973259235196167e+01,4.256210995400380881e+01,4.440094820209250059e+01,2.256362431182538231e+01,2.181793620499083630e+01,2.044312696265236440e+01,1.568095674493114799e+01,3.125349153206737896e+01,2.188566578737978219e+01,4.063028694193556589e+01,3.598233420789563297e+01,2.723150170343267717e+01,2.963554857201487636e+01,2.910346019076607504e+01,1.226586609030142405e+01,2.569805871474691017e+01,2.737541200037745881e+01,3.603193160800417516e+00,3.354924351618418399e+01,3.878203179864364358e+01,1.395485500733076201e+01,5.607114924575663650e+01,1.534021302557171573e+01,4.299591862094818850e+01,3.365452015150113141e+01,2.703758838749246962e+01,5.529149281878910926e+01,4.079175234892747426e+01
4.812307336656935774e+01,0.000000000000000000e+00,6.591263444419507778e+01,1.498041223029786373e+01,4.114800047772064318e+01,2.085749573193631790e+01,3.602654358686566383e+01,6.967921701451557226e+01,3.201391238352017865e+01,3.509316289436851832e+01,4.355784243147947166e+01,4.224523261406394425e+01,1.037144044977136303e+01,5.096408102621445835e+01,2.376678941113687671e+01,4.200345202608556150e+01,4.631540337911048510e+01,2.790808901992867064e+01,2.130181163386619403e+01,6.404706393740535475e+01,5.995026836388382208e+01,2.683271531927567821e+01,1.765829997113394967e+01,6.038085555222705736e+00,3.403449253535104191e+01,2.668676982833712685e+01,4.904116682662297677e+01,4.085451061489501257e+01,1.690007982143323417e+01,5.263349684472535728e+01,4.083446886866711623e+01,6.215588097453557737e+01,5.354716434564948457e+01,2.419331844318787716e+01,4.816591943259269470e+01,5.098930212407750417e+01,4.432921867315282327e+01,4.035803100182658909e+01,5.131251146316219547e+01,2.018094983705756107e+01,2.781372493814418689e+01,3.449728966737261970e+01,2.728619120377764418e+01,4.548662072914780907e+01,3.794668268175345105e+01,3.789338121601586096e+01,3.102181037666597518e+01,2.593275986439822844e+01,3.584489005905437864e+01
2.532232898512920372e+01,6.591263444419507778e+01,0.000000000000000000e+00,5.507334708470157381e+01,2.480078652859646482e+01,4.678098160392488580e+01,3.113456479972666102e+01,1.780236836515247845e+01,4.720212202174987226e+01,3.962016619982253474e+01,2.317388405061771195e+01,3.655422013654620628e+01,5.687981987289854402e+01,1.904526267962443953e+01,4.345121112459156620e+01,4.395387384381999141e+01,1.967044434665060137e+01,3.819569604838752497e+01,4.633848835320266346e+01,2.867847267649472798e+01,2.213649747248564736e+01,4.591304690801639765e+01,6.512018462250975404e+01,6.079562129924113378e+01,3.236101580025444235e+01,4.018006874728587974e+01,1.784306103683497469e+01,2.506053136118731928e+01,5.052528619477594418e+01,1.470886619996587008e+01,4.015386338935243771e+01,1.913142175367917375e+01,1.757425071399480387e+01,4.245058090165655074e+01,2.418871337744135275e+01,3.548350711574306615e+01,2.505995128355259638e+01,2.941760900590400851e+01,2.215902915355982827e+01,4.687973358540389768e+01,4.609376085883761931e+01,3.354677516766490442e+01,6.373472412282075794e+01,2.042670338948095221e+01,4.425531772535750719e+01,3.575934966726683939e+01,5.167761804299148309e+01,6.345901025964378306e+01,4.332831911277033754e+01
3.449731620820261213e+01,1.498041223029786373e+01,5.507334708470157381e+01,0.000000000000000000e+00,3.128939603952318649e+01,1.824592530100002108e+01,2.859005049086132288e+01,6.199745941034686325e+01,3.311657826495555668e+01,2.042821285397130993e+01,3.193763695650422818e+01,3.958598684952076496e+01,5.274850593232116580e+00,4.304982552659453177e+01,1.933173505693238425e+01,2.703843862785642926e+01,3.555400364032922056e+01,2.005730440943631265e+01,8.790975432209783946e+00,4.960430957626510207e+01,5.365882563098178792e+01,2.644417813734170508e+01,1.164153418653655336e+01,1.406366594799346892e+01,2.589322656457084548e+01,1.498041223029786373e+01,3.983642071596043621e+01,3.060119643209685947e+01,5.274850593232116580e+00,4.337834940408403384e+01,3.946339575049881176e+01,5.514594828475009081e+01,4.563338475266363758e+01,1.860038013260900414e+01,4.161264415949653284e+01,3.615382647103894698e+01,3.715598862985763162e+01,3.410213790775311793e+01,3.790428112692344342e+01,1.693001774231208856e+01,2.777429066583597361e+01,2.181810406384816758e+01,3.577659638106555207e+01,3.515968921813534109e+01,3.805987077709458788e+01,3.426342395199609570e+01,1.655692308331125773e+01,3.448825896566710725e+01,3.544675836357952647e+01
1.687540624514607046e+01,4.114800047772064318e+01,2.480078652859646482e+01,3.128939603952318649e+01,0.000000000000000000e+00,2.228053212571346364e+01,7.820381667572876339e+00,3.110191317318779625e+01,2.669096110751132045e+01,2.148505271167839936e+01,6.383402803073063403e+00,2.100416104577094956e+01,3.242531302495421386e+01,1.275996458250602750e+01,1.895200203300549191e+01,3.015168813433703932e+01,5.723750029790480198e+00,1.341254954149997580e+01,2.252491335853530785e+01,3.309702215321874519e+01,2.442130219739626185e+01,2.317196109847011343e+01,4.221759310941649801e+01,3.599617046530018172e+01,7.901593475133683597e+00,1.639483380742873919e+01,8.608270089205543485e+00,1.360354452166706363e+00,2.636871409134208477e+01,1.209879453447154063e+01,2.377326239949810827e+01,2.499033103898274177e+01,1.512756385162841788e+01,1.779117988555809404e+01,1.377505962531566830e+01,2.832926631594000710e+01,9.517801674921530619e+00,1.050578073398912160e+01,1.757568400437751066e+01,2.223897485694761400e+01,2.376250088544482253e+01,1.222493301432253965e+01,4.173153840445360174e+01,4.447794971389521734e+00,2.633926205902999484e+01,1.688068062011812742e+01,3.256462549531718764e+01,4.117486199351466780e+01,2.429825017045850188e+01
3.417798027483321732e+01,2.085749573193631790e+01,4.678098160392488580e+01,1.824592530100002108e+01,2.228053212571346364e+01,0.000000000000000000e+00,1.580310062266267579e+01,4.892592448658079007e+01,1.499233352585967260e+01,2.677395022465597663e+01,2.646406941584636385e+01,2.213995363162800345e+01,1.567804514227039903e+01,3.043670460767566155e+01,3.335846228542140857e+00,3.658818315187497916e+01,2.793152521573062685e+01,9.302304397682789272e+00,1.401227673200446233e+01,5.145542691945965430e+01,3.909277531926707638e+01,8.233049528586564136e+00,2.941805809453856568e+01,1.497736350161752483e+01,1.445533365701595230e+01,1.405846957949287734e+01,2.919708003736302970e+01,2.240476175648884549e+01,1.365475957900814485e+01,3.270200603413277918e+01,2.149663460598827669e+01,4.133311924059206888e+01,3.297934648025434257e+01,4.651127736852590289e+00,2.735154547250982304e+01,4.146408176860204264e+01,2.368794371027987467e+01,1.957224453796054675e+01,3.656399912685672859e+01,1.360187162489630230e+00,9.581374266721473631e+00,2.069307240810508830e+01,2.254620098028466302e+01,2.672141075968195878e+01,1.982082790922367010e+01,1.729979616340781590e+01,3.069668055983323995e+01,2.158411257988131027e+01,1.723083420773037133e+01
2.391610889870678847e+01,3.602654358686566383e+01,3.113456479972666102e+01,2.859005049086132288e+01,7.820381667572876339e+00,1.580310062266267579e+01,0.000000000000000000e+00,3.387927513870883445e+01,1.893563184041451208e+01,2.450298847963614435e+01,1.381406891939917081e+01,1.511190668876951193e+01,2.849405368848804088e+01,1.497470766937606257e+01,1.253019308654145192e+01,3.420967906512721868e+01,1.338678974458553483e+01,8.608692647234624573e+00,2.040229137749190613e+01,4.066123165340921730e+01,2.506999563426346000e+01,1.544427745856924972e+01,4.011876606988145966e+01,3.043853403349499231e+01,2.938390372232184244e+00,1.515375587141235414e+01,1.341248173946913802e+01,8.608692647234624573e+00,2.334185541363297745e+01,1.689943269062045061e+01,1.722704902009731498e+01,2.668729473361270621e+01,1.757425071399480743e+01,1.184440331365753707e+01,1.302510547358959769e+01,3.449404581745487519e+01,8.607003852882114003e+00,5.874925966213674577e+00,2.508989306037273792e+01,1.609307834137673865e+01,1.597349742389771521e+01,1.500883337430972020e+01,3.397104183281599887e+01,1.184440331365753707e+01,1.913142175367917375e+01,1.008214869105493783e+01,3.387173509459528731e+01,3.345089845323201416e+01,1.687665217046515309e+01
3.945919700905640326e+01,6.967921701451557226e+01,1.780236836515247845e+01,6.199745941034686325e+01,3.110191317318779625e+01,4.892592448658079007e+01,3.387927513870883445e+01,0.000000000000000000e+00,4.370485008322866349e+01,5.112524014396163352e+01,3.311154104534495701e+01,3.125276452874513566e+01,6.234375213595316723e+01,1.898456274051888570e+01,4.591438505865363595e+01,5.768839158896294350e+01,2.849492277914868055e+01,4.242485355966267235e+01,5.336798876428147764e+01,4.625503154609678091e+01,1.111948742847380700e+01,4.505624179503523408e+01,7.320237782268515048e+01,6.389329085769530536e+01,3.628795324916519860e+01,4.736932667416322573e+01,2.254186315661721807e+01,3.206767648841467633e+01,5.686746334100961775e+01,1.931120241711355590e+01,3.449713832123792656e+01,7.901163599502365464e+00,1.638397843641494589e+01,4.555403702256822385e+01,2.161025933834021018e+01,5.107043257977550610e+01,2.537768482662878000e+01,2.935368066090523342e+01,3.706147199736958697e+01,4.950802976383080534e+01,4.470663688259860891e+01,4.286628571902520690e+01,6.018325183728001093e+01,2.809418235266602792e+01,3.894188072151457902e+01,3.326015066328613301e+01,6.296030775814426050e+01,6.029041200864124050e+01,3.913081471610534834e+01
4.259738279961268859e+01,3.201391238352017865e+01,4.720212202174987226e+01,3.311657826495555668e+01,2.669096110751132045e+01,1.499233352585967260e+01,1.893563184041451208e+01,4.370485008322866349e+01,0.000000000000000000e+00,3.947600483447518371e+01,3.273611836903341299e+01,1.252939766714228931e+01,2.991372381171580130e+01,2.832492802690148537e+01,1.511553355230226536e+01,4.957985903220404822e+01,3.200731986457420675e+01,1.930983975520757312e+01,2.864690335586764292e+01,5.955795969463908079e+01,3.270078770042062644e+01,6.793426740400493102e+00,4.392405539620069987e+01,2.611853735863873993e+01,2.003944998026536339e+01,2.698420620449928364e+01,2.984891773277229987e+01,2.754334898788443553e+01,2.864690335586764292e+01,3.255516213341245191e+01,9.784144490978743391e+00,3.581483337768619890e+01,3.029798071717613794e+01,1.664884507938275959e+01,2.350844576252368867e+01,5.227281992067000971e+01,2.219238336238498022e+01,1.800964736992813542e+01,4.399070978743951343e+01,1.634908567545991076e+01,5.434408296146895800e+00,3.133867514151048539e+01,1.673443817503803288e+01,3.033360588475461839e+01,6.031653429847891879e+00,1.144658856944034575e+01,4.525673298870211170e+01,1.667923114271071228e+01,4.650542939240249751e+00
1.544853083238620250e+01,3.509316289436851832e+01,3.962016619982253474e+01,2.042821285397130993e+01,2.148505271167839936e+01,2.677395022465597663e+01,2.450298847963614435e+01,5.112524014396163352e+01,3.947600483447518371e+01,0.000000000000000000e+00,1.801572633269648804e+01,3.951299605704794971e+01,2.474015166829659051e+01,3.402528745699006407e+01,2.498223689200720088e+01,1.010986231216301334e+01,2.264927728037927679e+01,2.019636627594963940e+01,1.471113532056449813e+01,2.919841853983169955e+01,4.576559381189542108e+01,3.324761640175859867e+01,2.723808943430788432e+01,3.256136129360896803e+01,2.181147769689117055e+01,1.277711063287455850e+01,2.910195596994394762e+01,2.019636627594963940e+01,1.857434314097881511e+01,3.192560960326081343e+01,4.118520731452177586e+01,4.595282128224571494e+01,3.617906114856071298e+01,2.325379561391368100e+01,3.516116108529053719e+01,1.598171723796384391e+01,3.067505184192432210e+01,3.002320844429703683e+01,1.905065032117050450e+01,2.567949164408786444e+01,3.447652732945709175e+01,9.600016594582800877e+00,4.919743616436486633e+01,2.325379561391368100e+01,4.201739380204882224e+01,3.418045638220994675e+01,1.208470983331997317e+01,4.815349843805981322e+01,3.938498991268992455e+01
1.051746362634527721e+01,4.355784243147947166e+01,2.317388405061771195e+01,3.193763695650422818e+01,6.383402803073063403e+00,2.646406941584636385e+01,1.381406891939917081e+01,3.311154104534495701e+01,3.273611836903341299e+01,1.801572633269648804e+01,0.000000000000000000e+00,2.735657000681451834e+01,3.404584457629221106e+01,1.665669671867466661e+01,2.325612820698819050e+01,2.541547176927815599e+01,4.648548003078936119e+00,1.717148887027623161e+01,2.325735431112298457e+01,2.685105557846658542e+01,2.827774652946721190e+01,2.867473499119953928e+01,4.199976550462314862e+01,3.891820599965831917e+01,1.303527894461451453e+01,1.717184755862461287e+01,1.138197930244541567e+01,5.271731079117039087e+00,2.754117300943821789e+01,1.394167778145498282e+01,3.015644066991209371e+01,2.811963074495859871e+01,1.853175028061625440e+01,2.181676405225292115e+01,1.906922668800844178e+01,2.224574087606025330e+01,1.532762778852568886e+01,1.686396673064731999e+01,1.128326810156767657e+01,2.614749385391673897e+01,2.940662848355529846e+01,1.042979775733794945e+01,4.718929628878356652e+01,5.554852949675813889e+00,3.267528048445907274e+01,2.324747077511002757e+01,2.989526411923931448e+01,4.653916632062130532e+01,3.057385038244835584e+01
3.787128626640068063e+01,4.224523261406394425e+01,3.655422013654620628e+01,3.958598684952076496e+01,2.100416104577094956e+01,2.213995363162800345e+01,1.511190668876951193e+01,3.125276452874513566e+01,1.252939766714228931e+01,3.951299605704794971e+01,2.735657000681451834e+01,0.000000000000000000e+00,3.774361529810200722e+01,1.757193201908199498e+01,2.030473975177436330e+01,4.930846817878705224e+01,2.499237096485954268e+01,2.086731452336438863e+01,3.283869811502210467e+01,5.352614615520509034e+01,2.019845260404989062e+01,1.549326130480393715e+01,5.113413585915942861e+01,3.620714812844675379e+01,1.770220483018136193e+01,2.889777557971394373e+01,2.066314509450392478e+01,2.224395323991596385e+01,3.445556463738338948e+01,2.251347174560364195e+01,3.601615871778175659e+00,2.339036980876592153e+01,1.904347971011438645e+01,2.100416104577095311e+01,1.237583648963456895e+01,4.918107606525348530e+01,1.302169864018908463e+01,1.049838059670864254e+01,3.828676469480408429e+01,2.323981888428289011e+01,1.469831773977038836e+01,3.010037819560157146e+01,2.894254485318094439e+01,2.323981888428288656e+01,7.901192135155262086e+00,5.545697264808401528e+00,4.809512824111299523e+01,2.903798305032426086e+01,7.901220688288100646e+00
3.790425695676937323e+01,1.037144044977136303e+01,5.687981987289854402e+01,5.274850593232116580e+00,3.242531302495421386e+01,1.567804514227039903e+01,2.849405368848804088e+01,6.234375213595316723e+01,2.991372381171580130e+01,2.474015166829659051e+01,3.404584457629221106e+01,3.774361529810200722e+01,0.000000000000000000e+00,4.337379532379448932e+01,1.757438561730627669e+01,3.203262001914816182e+01,3.721117805818457214e+01,1.991894066231287042e+01,1.111948742847380345e+01,5.368101120475766663e+01,5.336798876428147764e+01,2.351456693904267325e+01,1.402859767675236746e+01,8.788815451080969510e+00,2.607274500012882967e+01,1.690007982143323417e+01,4.073538844481234378e+01,3.193626340847588807e+01,6.671692457084281713e+00,4.433123216351412310e+01,3.716903770536159612e+01,5.516610637859171362e+01,4.597974347102409354e+01,1.731044426583512319e+01,4.132466869943358745e+01,4.066947314269818747e+01,3.708316077142605849e+01,3.358384747844502982e+01,4.116463715567512338e+01,1.451304655118123144e+01,2.477792089547768128e+01,2.450074159202378610e+01,3.091455817589771371e+01,3.658213616405246427e+01,3.525701636823465179e+01,3.268782540402119707e+01,2.182642802176926367e+01,2.960210165145061012e+01,3.275928506315960220e+01
2.587384269672933357e+01,5.096408102621445835e+01,1.904526267962443953e+01,4.304982552659453177e+01,1.275996458250602750e+01,3.043670460767566155e+01,1.497470766937606257e+01,1.898456274051888570e+01,2.832492802690148537e+01,3.402528745699006407e+01,1.665669671867466661e+01,1.757193201908199498e+01,4.337379532379448932e+01,0.000000000000000000e+00,2.728805189798429254e+01,4.205157380512319776e+01,1.228759014193650145e+01,2.345957722693939118e+01,3.448021631352229832e+01,3.866151588200040123e+01,1.174121889920809103e+01,2.783191846301185990e+01,5.434281535974542265e+01,4.529594468846987354e+01,1.730673204183651137e+01,2.858108369481360000e+01,5.437074381845537374e+00,1.393771580035303082e+01,3.789685103503012442e+01,5.268237783828483956e+00,2.115984964176351468e+01,1.228804440296627121e+01,2.606184621079235875e+00,2.677195060426696216e+01,5.212282406754728648e+00,3.813202024671691959e+01,6.808701151742292623e+00,1.120222887660346345e+01,2.488856034436012266e+01,3.088902556649408382e+01,2.779871857118451928e+01,2.496587314847943517e+01,4.499363676768348341e+01,1.110184380775429425e+01,2.521262774649758498e+01,1.689916445544623969e+01,4.531230138181568634e+01,4.480871348611810845e+01,2.431881929275986209e+01
3.128834518856419677e+01,2.376678941113687671e+01,4.345121112459156620e+01,1.933173505693238425e+01,1.895200203300549191e+01,3.335846228542140857e+00,1.253019308654145192e+01,4.591438505865363595e+01,1.511553355230226536e+01,2.498223689200720088e+01,2.325612820698819050e+01,2.030473975177436330e+01,1.757438561730627669e+01,2.728805189798429254e+01,0.000000000000000000e+00,3.498152592055127030e+01,2.461368460693145011e+01,6.189676634936081001e+00,1.360940958138136203e+01,4.860088093760814587e+01,3.628795324916520570e+01,8.455317531608084636e+00,3.083400415965005692e+01,1.801311322353507549e+01,1.111948742847381055e+01,1.222373906198311211e+01,2.589815189777760551e+01,1.909789565944686984e+01,1.431778297297848823e+01,2.941785593050040859e+01,2.016100069641828796e+01,3.840236288155907829e+01,2.985037559556337428e+01,1.756854895465605138e+00,2.441364677610103939e+01,3.911644521023320209e+01,2.058822349003143515e+01,1.659829345653033172e+01,3.354842024596213435e+01,3.602496242535225601e+00,9.773025266474656192e+00,1.811221728951953835e+01,2.496636075338848926e+01,2.339050538317768613e+01,1.915463883412952129e+01,1.512634909396273564e+01,3.014801133094863772e+01,2.410107687398923204e+01,1.646015240977962080e+01
1.866673929254618969e+01,4.200345202608556150e+01,4.395387384381999141e+01,2.703843862785642926e+01,3.015168813433703932e+01,3.658818315187497916e+01,3.420967906512721868e+01,5.768839158896294350e+01,4.957985903220404822e+01,1.010986231216301334e+01,2.541547176927815599e+01,4.930846817878705224e+01,3.203262001914816182e+01,4.205157380512319776e+01,3.498152592055127030e+01,0.000000000000000000e+00,2.995743893838974259e+01,3.030622803751050753e+01,2.358485409616903183e+01,2.615001725090683848e+01,5.369204523672362939e+01,4.330754149651796325e+01,3.030008263956278824e+01,4.051261977044276819e+01,3.164095059445312685e+01,2.275892210395831583e+01,3.679346865689421975e+01,2.880007807936911135e+01,2.673028962801796027e+01,3.911232381031368988e+01,5.113162433897021941e+01,5.340259889585699682e+01,4.393903524011854955e+01,3.327090468300344384e+01,4.391431135469739644e+01,1.144914084264532228e+01,3.962505443293191831e+01,3.950004428806452239e+01,2.182794372217961865e+01,3.543056165560864201e+01,4.455008541701913316e+01,1.920823575631431979e+01,5.879964304877847070e+01,3.096096732369833404e+01,5.208989737059539493e+01,4.406889460641398415e+01,1.230724248921882769e+01,5.770481415264010394e+01,4.946953312063524066e+01
1.379322493596068000e+01,4.631540337911048510e+01,1.967044434665060137e+01,3.555400364032922056e+01,5.723750029790480198e+00,2.793152521573062685e+01,1.338678974458553483e+01,2.849492277914868055e+01,3.200731986457420675e+01,2.264927728037927679e+01,4.648548003078936119e+00,2.499237096485954268e+01,3.721117805818457214e+01,1.228759014193650145e+01,2.461368460693145011e+01,2.995743893838974259e+01,0.000000000000000000e+00,1.890312862840547226e+01,2.677684762717948530e+01,2.853415532953616918e+01,2.376288330244611302e+01,2.881870858654066581e+01,4.599582542606398761e+01,4.134411636145524938e+01,1.361790246861601439e+01,2.059140647978328076e+01,6.890413093124928778e+00,5.559743714236901724e+00,3.089326998133092772e+01,9.293129862142732733e+00,2.809624628548948877e+01,2.349477588836860775e+01,1.399927867891710243e+01,2.339051511187799193e+01,1.532224757110232893e+01,2.597401003125049002e+01,1.221658834917932879e+01,1.478124187169727577e+01,1.345329619575404578e+01,2.783198373158925065e+01,2.935868057934723652e+01,1.464274602597203412e+01,4.735759862722024849e+01,1.756984417190331493e+00,3.110377752464390610e+01,2.158665518061486921e+01,3.447458083023930442e+01,4.682835552593581951e+01,2.926950819887342092e+01
2.513281851549884394e+01,2.790808901992867064e+01,3.819569604838752497e+01,2.005730440943631265e+01,1.341254954149997580e+01,9.302304397682789272e+00,8.608692647234624573e+00,4.242485355966267235e+01,1.930983975520757312e+01,2.019636627594963940e+01,1.717148887027623161e+01,2.086731452336438863e+01,1.991894066231287042e+01,2.345957722693939118e+01,6.189676634936081001e+00,3.030622803751050753e+01,1.890312862840547226e+01,0.000000000000000000e+00,1.222612758663867183e+01,4.245121430229380621e+01,3.364812024363460807e+01,1.337607382809249401e+01,3.164794654587168310e+01,2.261051262572340548e+01,6.189676634936088107e+00,8.165644424882717800e+00,2.113870111346545499e+01,1.334338491416857053e+01,1.478912695668949340e+01,2.473550111662575901e+01,2.177405344949155719e+01,3.529364996446972924e+01,2.606576176054428018e+01,4.651176662205779522e+00,2.158665518061487631e+01,3.340740501000481544e+01,1.721569637548736509e+01,1.405225252959037618e+01,2.735895742924263985e+01,8.999004648604278955e+00,1.450287943198759422e+01,1.230252335248369100e+01,3.099297066704622239e+01,1.784311200311808321e+01,2.200001917442514099e+01,1.532224757110233071e+01,2.733296930488360843e+01,3.017808748570622157e+01,1.931993730777740126e+01
2.682542248590456779e+01,2.130181163386619403e+01,4.633848835320266346e+01,8.790975432209783946e+00,2.252491335853530785e+01,1.401227673200446233e+01,2.040229137749190613e+01,5.336798876428147764e+01,2.864690335586764292e+01,1.471113532056449813e+01,2.325735431112298457e+01,3.283869811502210467e+01,1.111948742847380345e+01,3.448021631352229832e+01,1.360940958138136203e+01,2.358485409616903183e+01,2.677684762717948530e+01,1.222612758663867183e+01,0.000000000000000000e+00,4.293075538958786552e+01,4.535225485512001597e+01,2.188033495921684235e+01,1.986530527959137515e+01,1.801469617776368182e+01,1.757438561730628024e+01,6.190855888069185298e+00,3.109615841203899578e+01,2.181503420897645640e+01,4.447794971389521734e+00,3.462183618713874012e+01,3.330949958291508750e+01,4.666688642142508314e+01,3.704428168596687243e+01,1.229958860589246150e+01,3.338026123163820813e+01,3.060844069545399648e+01,2.882935326785340280e+01,2.612967678782700531e+01,3.005348811465437819e+01,1.269532669638551070e+01,2.323272613145855914e+01,1.341268564734030377e+01,3.539001425294616610e+01,2.636871409134208477e+01,3.271019722119059026e+01,2.733170554313446843e+01,1.669024143367301605e+01,3.424949085454532138e+01,3.000117592542948941e+01
1.731900692717504242e+01,6.404706393740535475e+01,2.867847267649472798e+01,4.960430957626510207e+01,3.309702215321874519e+01,5.145542691945965430e+01,4.066123165340921730e+01,4.625503154609678091e+01,5.955795969463908079e+01,2.919841853983169955e+01,2.685105557846658542e+01,5.352614615520509034e+01,5.368101120475766663e+01,3.866151588200040123e+01,4.860088093760814587e+01,2.615001725090683848e+01,2.853415532953616918e+01,4.245121430229380621e+01,4.293075538958786552e+01,0.000000000000000000e+00,4.757279626007279205e+01,5.512387169382059682e+01,5.561415126893281524e+01,6.088478998819317667e+01,3.963244155500447619e+01,3.860940591112124309e+01,3.375575044811843384e+01,3.210254306976434435e+01,4.721033700808783351e+01,3.361557384881663069e+01,5.660371649185982079e+01,4.556705558363763942e+01,3.909528621575336871e+01,4.693883425727204894e+01,4.304302525643581845e+01,1.471029606551902091e+01,4.065222248517073922e+01,4.324598101750633106e+01,1.557158103259160953e+01,5.078512462793113258e+01,5.597305216975394160e+01,3.095798030177577331e+01,7.338055823624728191e+01,3.028806620507474534e+01,5.941715444604268015e+01,4.991929823926157894e+01,3.802691775440259647e+01,7.260833576361926589e+01,5.739253597550796115e+01
3.686732194673688667e+01,5.995026836388382208e+01,2.213649747248564736e+01,5.365882563098178792e+01,2.442130219739626185e+01,3.909277531926707638e+01,2.506999563426346000e+01,1.111948742847380700e+01,3.270078770042062644e+01,4.576559381189542108e+01,2.827774652946721190e+01,2.019845260404989062e+01,5.336798876428147764e+01,1.174121889920809103e+01,3.628795324916520570e+01,5.369204523672362939e+01,2.376288330244611302e+01,3.364812024363460807e+01,4.535225485512001597e+01,4.757279626007279205e+01,0.000000000000000000e+00,3.448612068823003085e+01,6.515981209953926623e+01,5.403802744650634082e+01,2.779903502024586714e+01,3.970114489450980244e+01,1.689905894900897465e+01,2.563994682813641290e+01,4.841155628569243419e+01,1.498502379004945162e+01,2.339036016952903552e+01,3.601553270091440329e+00,9.763941236208260932e+00,3.617435120202153342e+01,1.206364401510397144e+01,4.909542018162402854e+01,1.652567351558609232e+01,1.979381635230687664e+01,3.535406208542129036e+01,3.981889006982048329e+01,3.402809099527938486e+01,3.664623375815249773e+01,4.909503432246476962e+01,2.274353711687080093e+01,2.783185351529334639e+01,2.264401066328478862e+01,5.698132105438339323e+01,4.922633821021261014e+01,2.809559852208606756e+01
3.788973259235196167e+01,2.683271531927567821e+01,4.591304690801639765e+01,2.644417813734170508e+01,2.317196109847011343e+01,8.233049528586564136e+00,1.544427745856924972e+01,4.505624179503523408e+01,6.793426740400493102e+00,3.324761640175859867e+01,2.867473499119953928e+01,1.549326130480393715e+01,2.351456693904267325e+01,2.783191846301185990e+01,8.455317531608084636e+00,4.330754149651796325e+01,2.881870858654066581e+01,1.337607382809249401e+01,2.188033495921684235e+01,5.512387169382059682e+01,3.448612068823003085e+01,0.000000000000000000e+00,3.744715300222623711e+01,2.080300398256857619e+01,1.563945636846437637e+01,2.057307487451797812e+01,2.809625054041994474e+01,2.376311244662998234e+01,2.188033495921684235e+01,3.125302496205972247e+01,1.404399456822905989e+01,3.720492695710505870e+01,3.014538594278075934e+01,1.008545580445514389e+01,2.370409116385594217e+01,4.676417423218274649e+01,2.112702611410023223e+01,1.667923114271071228e+01,3.968353676264444374e+01,9.582535088892655040e+00,1.359018444253597302e+00,2.566549641578564689e+01,1.856463152480069567e+01,2.728845950723401614e+01,1.174245047295893407e+01,1.184319659605959352e+01,3.852380482393843408e+01,1.800964736992813542e+01,9.286101025035794265e+00
4.256210995400380881e+01,1.765829997113394967e+01,6.512018462250975404e+01,1.164153418653655336e+01,4.221759310941649801e+01,2.941805809453856568e+01,4.011876606988145966e+01,7.320237782268515048e+01,4.392405539620069987e+01,2.723808943430788432e+01,4.199976550462314862e+01,5.113413585915942861e+01,1.402859767675236746e+01,5.434281535974542265e+01,3.083400415965005692e+01,3.030008263956278824e+01,4.599582542606398761e+01,3.164794654587168310e+01,1.986530527959137515e+01,5.561415126893281524e+01,6.515981209953926623e+01,3.744715300222623711e+01,0.000000000000000000e+00,2.055367960128486615e+01,3.736108423127559774e+01,2.584390450001453843e+01,5.082375295213061150e+01,4.139778018736024734e+01,1.690634535492554136e+01,5.429775376687249633e+01,5.085671821267494863e+01,6.652979510987984213e+01,5.690220943758036043e+01,3.019732510043667517e+01,5.314102804761756715e+01,4.116469293277283725e+01,4.863607964471356127e+01,4.570019607946633045e+01,4.613786161391103491e+01,2.816347213282402251e+01,3.873417513420848479e+01,3.158173783999777839e+01,4.377141582763002958e+01,4.581322134136103585e+01,4.917571866734152053e+01,4.585989716560639096e+01,1.799900173432820694e+01,4.242048434121092981e+01,4.662993367955559876e+01
4.440094820209250059e+01,6.038085555222705736e+00,6.079562129924113378e+01,1.406366594799346892e+01,3.599617046530018172e+01,1.497736350161752483e+01,3.043853403349499231e+01,6.389329085769530536e+01,2.611853735863873993e+01,3.256136129360896803e+01,3.891820599965831917e+01,3.620714812844675379e+01,8.788815451080969510e+00,4.529594468846987354e+01,1.801311322353507549e+01,4.051261977044276819e+01,4.134411636145524938e+01,2.261051262572340548e+01,1.801469617776368182e+01,6.088478998819317667e+01,5.403802744650634082e+01,2.080300398256857619e+01,2.055367960128486615e+01,0.000000000000000000e+00,2.861894915422022478e+01,2.261078503176346999e+01,4.363286046644558525e+01,3.581574521619222651e+01,1.399787689895389242e+01,4.720484869604077716e+01,3.481861952352931411e+01,5.631022461479417274e+01,4.786233413705307527e+01,1.860500048390455774e+01,4.232861991891660836e+01,4.853555549530903335e+01,3.859938639984129338e+01,3.454228464985320102e+01,4.741085952159517802e+01,1.441061699766749982e+01,2.180078775303971739e+01,3.051240134318643626e+01,2.321858576782787154e+01,4.039843128135984784e+01,3.200623227596269516e+01,3.188213371195135082e+01,3.061048622603490443e+01,2.186703095177369960e+01,2.985775070183856883e+01
2.256362431182538231e+01,3.403449253535104191e+01,3.236101580025444235e+01,2.589322656457084548e+01,7.901593475133683597e+00,1.445533365701595230e+01,2.938390372232184244e+00,3.628795324916519860e+01,2.003944998026536339e+01,2.181147769689117055e+01,1.303527894461451453e+01,1.770220483018136193e+01,2.607274500012882967e+01,1.730673204183651137e+01,1.111948742847381055e+01,3.164095059445312685e+01,1.361790246861601439e+01,6.189676634936088107e+00,1.757438561730628024e+01,3.963244155500447619e+01,2.779903502024586714e+01,1.563945636846437637e+01,3.736108423127559774e+01,2.861894915422022478e+01,0.000000000000000000e+00,1.222373906198311388e+01,1.501996901798430173e+01,8.245387620139549512e+00,2.067743481360513158e+01,1.860402227275951859e+01,1.953809993184038163e+01,2.926647350684757853e+01,1.991162777143690121e+01,1.009955145842186397e+01,1.580587697746205045e+01,3.256152458549238560e+01,1.127527138754155089e+01,8.813316322129734814e+00,2.411363303284967685e+01,1.451918662503722146e+01,1.638939363734772314e+01,1.244798032622114192e+01,3.416648024343567869e+01,1.230683305851289333e+01,2.100204726375823938e+01,1.243465465983012130e+01,3.095738663840671023e+01,3.353939637862735168e+01,1.857747070395661382e+01
2.181793620499083630e+01,2.668676982833712685e+01,4.018006874728587974e+01,1.498041223029786373e+01,1.639483380742873919e+01,1.405846957949287734e+01,1.515375587141235414e+01,4.736932667416322573e+01,2.698420620449928364e+01,1.277711063287455850e+01,1.717184755862461287e+01,2.889777557971394373e+01,1.690007982143323417e+01,2.858108369481360000e+01,1.222373906198311211e+01,2.275892210395831583e+01,2.059140647978328076e+01,8.165644424882717800e+00,6.190855888069185298e+00,3.860940591112124309e+01,3.970114489450980244e+01,2.057307487451797812e+01,2.584390450001453843e+01,2.261078503176346999e+01,1.222373906198311388e+01,0.000000000000000000e+00,2.499153524776044222e+01,1.564364630900608333e+01,1.037144044977136303e+01,2.849175072647237883e+01,2.993194820911169529e+01,4.083446886866712333e+01,3.111498544332416927e+01,1.051320763197725583e+01,2.787276711057969081e+01,2.756993074168464730e+01,2.325322043139209072e+01,2.101898807967027594e+01,2.480161409445610943e+01,1.303365547479365105e+01,2.183712648958134039e+01,7.901824363151367159e+00,3.657899169789471472e+01,2.018094983705756462e+01,3.009672679290397213e+01,2.335976744627388513e+01,1.920589273687332721e+01,3.558081558101333997e+01,2.739924050850154558e+01
2.044312696265236440e+01,4.904116682662297677e+01,1.784306103683497469e+01,3.983642071596043621e+01,8.608270089205543485e+00,2.919708003736302970e+01,1.341248173946913802e+01,2.254186315661721807e+01,2.984891773277229987e+01,2.910195596994394762e+01,1.138197930244541567e+01,2.066314509450392478e+01,4.073538844481234378e+01,5.437074381845537374e+00,2.589815189777760551e+01,3.679346865689421975e+01,6.890413093124928778e+00,2.113870111346545499e+01,3.109615841203899578e+01,3.375575044811843384e+01,1.689905894900897465e+01,2.809625054041994474e+01,5.082375295213061150e+01,4.363286046644558525e+01,1.501996901798430173e+01,2.499153524776044222e+01,0.000000000000000000e+00,9.526428650291931532e+00,3.484619160440058749e+01,3.602243954385254465e+00,2.409766608898362961e+01,1.685094387040033581e+01,7.150547733254821736e+00,2.506038620889975377e+01,9.288733401190707895e+00,3.269764241700932672e+01,7.819336319154217563e+00,1.184371313829053918e+01,1.956315612625357403e+01,2.941797950623781333e+01,2.832543966178883821e+01,2.040068271275022838e+01,4.612865497205687859e+01,5.876780897198308651e+00,2.772426503908754825e+01,1.856594838953423121e+01,4.066276231993546730e+01,4.578730333148789100e+01,2.635963641142908642e+01
1.568095674493114799e+01,4.085451061489501257e+01,2.506053136118731928e+01,3.060119643209685947e+01,1.360354452166706363e+00,2.240476175648884549e+01,8.608692647234624573e+00,3.206767648841467633e+01,2.754334898788443553e+01,2.019636627594963940e+01,5.271731079117039087e+00,2.224395323991596385e+01,3.193626340847588807e+01,1.393771580035303082e+01,1.909789565944686984e+01,2.880007807936911135e+01,5.559743714236901724e+00,1.334338491416857053e+01,2.181503420897645640e+01,3.210254306976434435e+01,2.563994682813641290e+01,2.376311244662998234e+01,4.139778018736024734e+01,3.581574521619222651e+01,8.245387620139549512e+00,1.564364630900608333e+01,9.526428650291931532e+00,0.000000000000000000e+00,2.576495834578882693e+01,1.291240539448171631e+01,2.494956922328919191e+01,2.611186789087010496e+01,1.624756763025087025e+01,1.784311200311808321e+01,1.511916401778060859e+01,2.702385145396369026e+01,1.087815612708823743e+01,1.175232576270864193e+01,1.654458911652630348e+01,2.228054233907868564e+01,2.441515254745234031e+01,1.103076428345423388e+01,4.232546745499854524e+01,4.651176662205779522e+00,2.740565133556518873e+01,1.799428328981128899e+01,3.137651625518557807e+01,4.173245653937342325e+01,2.530472009384694232e+01
3.125349153206737896e+01,1.690007982143323417e+01,5.052528619477594418e+01,5.274850593232116580e+00,2.636871409134208477e+01,1.365475957900814485e+01,2.334185541363297745e+01,5.686746334100961775e+01,2.864690335586764292e+01,1.857434314097881511e+01,2.754117300943821789e+01,3.445556463738338948e+01,6.671692457084281713e+00,3.789685103503012442e+01,1.431778297297848823e+01,2.673028962801796027e+01,3.089326998133092772e+01,1.478912695668949340e+01,4.447794971389521734e+00,4.721033700808783351e+01,4.841155628569243419e+01,2.188033495921684235e+01,1.690634535492554136e+01,1.399787689895389242e+01,2.067743481360513158e+01,1.037144044977136303e+01,3.484619160440058749e+01,2.576495834578882693e+01,0.000000000000000000e+00,3.841395400729167875e+01,3.447686590881329494e+01,4.994321145051122812e+01,4.048885880190688624e+01,1.345192179710678104e+01,3.635879647377436186e+01,3.455508766021086586e+01,3.192285969120106870e+01,2.882935326785340280e+01,3.449730292960134648e+01,1.229958860589246150e+01,2.323272613145855914e+01,1.784321431320584850e+01,3.322772198055937309e+01,3.037782421549309575e+01,3.330949958291508750e+01,2.908498802534044358e+01,1.811135995399269305e+01,3.201024871801529059e+01,3.065348784597938447e+01
2.188566578737978219e+01,5.263349684472535728e+01,1.470886619996587008e+01,4.337834940408403384e+01,1.209879453447154063e+01,3.270200603413277918e+01,1.689943269062045061e+01,1.931120241711355590e+01,3.255516213341245191e+01,3.192560960326081343e+01,1.394167778145498282e+01,2.251347174560364195e+01,4.433123216351412310e+01,5.268237783828483956e+00,2.941785593050040859e+01,3.911232381031368988e+01,9.293129862142732733e+00,2.473550111662575901e+01,3.462183618713874012e+01,3.361557384881663069e+01,1.498502379004945162e+01,3.125302496205972247e+01,5.429775376687249633e+01,4.720484869604077716e+01,1.860402227275951859e+01,2.849175072647237883e+01,3.602243954385254465e+00,1.291240539448171631e+01,3.841395400729167875e+01,0.000000000000000000e+00,2.606054566580200316e+01,1.429555587652755477e+01,5.548959818233198504e+00,2.861815425290331305e+01,1.033239344081521160e+01,3.411082084008052107e+01,1.037021092143546674e+01,1.470874281325253108e+01,2.044061761348004680e+01,3.295554026706981432e+01,3.140043924143191845e+01,2.356189435573376301e+01,4.903385812536396315e+01,8.782980633648561408e+00,2.994601345057550645e+01,2.113709076632272499e+01,4.367345531011273607e+01,4.875075936525947640e+01,2.881568746540548176e+01
4.063028694193556589e+01,4.083446886866711623e+01,4.015386338935243771e+01,3.946339575049881176e+01,2.377326239949810827e+01,2.149663460598827669e+01,1.722704902009731498e+01,3.449713832123792656e+01,9.784144490978743391e+00,4.118520731452177586e+01,3.015644066991209371e+01,3.601615871778175659e+00,3.716903770536159612e+01,2.115984964176351468e+01,2.016100069641828796e+01,5.113162433897021941e+01,2.809624628548948877e+01,2.177405344949155719e+01,3.330949958291508750e+01,5.660371649185982079e+01,2.339036016952903552e+01,1.404399456822905989e+01,5.085671821267494863e+01,3.481861952352931411e+01,1.953809993184038163e+01,2.993194820911169529e+01,2.409766608898362961e+01,2.494956922328919191e+01,3.447686590881329494e+01,2.606054566580200316e+01,0.000000000000000000e+00,2.668676982833713041e+01,2.264436966323985345e+01,2.112985386769826235e+01,1.597101796268766982e+01,5.165921642043667816e+01,1.636185484031317827e+01,1.336739815116050245e+01,4.124341285786788802e+01,2.270926693767537330e+01,1.302084810410093318e+01,3.197656062186095127e+01,2.571862055502700528e+01,2.633926205902999129e+01,4.447794971389528840e+00,7.145800420926526009e+00,4.910143619266307979e+01,2.589728627762163171e+01,5.211415336179214819e+00
3.598233420789563297e+01,6.215588097453557737e+01,1.913142175367917375e+01,5.514594828475009081e+01,2.499033103898274177e+01,4.133311924059206888e+01,2.668729473361270621e+01,7.901163599502365464e+00,3.581483337768619890e+01,4.595282128224571494e+01,2.811963074495859871e+01,2.339036980876592153e+01,5.516610637859171362e+01,1.228804440296627121e+01,3.840236288155907829e+01,5.340259889585699682e+01,2.349477588836860775e+01,3.529364996446972924e+01,4.666688642142508314e+01,4.556705558363763942e+01,3.601553270091440329e+00,3.720492695710505870e+01,6.652979510987984213e+01,5.631022461479417274e+01,2.926647350684757853e+01,4.083446886866712333e+01,1.685094387040033581e+01,2.611186789087010496e+01,4.994321145051122812e+01,1.429555587652755477e+01,2.668676982833713041e+01,0.000000000000000000e+00,9.865444500253444104e+00,3.814967378567865808e+01,1.399016706268865740e+01,4.808932105195697204e+01,1.808477077925052612e+01,2.180436962960447644e+01,3.415964492294318688e+01,4.197656788757538493e+01,3.683090131670883238e+01,3.712939901397368914e+01,5.233211112254922170e+01,2.270926693767537330e+01,3.113456479972666102e+01,2.538796697022531390e+01,5.745590170748754844e+01,5.242014734655436570e+01,3.125279339462353079e+01
