0.000000000000000000e+00,4.632931419172407317e+01,3.484763590199899852e+01,2.055360800212112693e+01,1.341227933143688134e+01,1.990653391837901509e+01,4.326767774609999861e+01,3.551109088721863571e+01,3.836293208470717531e+01,3.809452598910581145e+01,3.186638639276137397e+01,3.542393860042531628e+01,4.005316659083161568e+01,6.539336617177364985e+01,2.354397758873374613e+01,2.511744516946338734e+01,4.292955843326198817e+01,5.164458331571799476e+01,2.223897485694760867e+00,1.036942601907749406e+01,3.612585744806724364e+01,4.534490320584095002e+01,3.601490705865560749e+00,3.614253142198812441e+01,2.240415515275592639e+01,1.230655706158029972e+01,3.721315898151072332e+01,1.856331699899166665e+01,4.003015474250570804e+01,2.740353538973639758e+01,1.049627117336278204e+01,4.578449550247263744e+01,3.542393860042531628e+01,3.499103392394310674e+01,1.228714363741720916e+01,4.110878819125041161e+01,1.138660226410315524e+01,3.413063913391448523e+01,6.790099886186420797e+00,2.832971076993010584e+01,4.909542018162402854e+01,4.701666100894895806e+01,3.074253880472036826e+01,3.679460337488993815e+01,3.678338317081161790e+01,7.202918883302675823e+00,5.814100776512277235e+01,1.036942601907749406e+01,3.190646695120014797e+01,1.888094488164237461e+01,3.487197464833680982e+01,2.772327796176150017e+01,3.460769301930159259e+01,1.851727165512508577e+01,2.345331973621206956e+01,6.229895298116983327e+01,5.869061795012059690e+01,2.620476713797099677e+01,4.993893188095752578e+01,5.723077442421510064e+00
4.632931419172407317e+01,0.000000000000000000e+00,3.515595183751365482e+01,3.568613480308420094e+01,3.353694550630534366e+01,2.723500434559110417e+01,3.448785652759077891e+01,5.043804842940006239e+01,3.816441596115176083e+01,4.952213061009098283e+01,1.549540829371555439e+01,4.533880100655681389e+01,1.797303610710351052e+01,3.556313224846802967e+01,2.783195105708276529e+01,2.240455893362722506e+01,3.875056076066359623e+01,1.666456403251164176e+01,4.425458159845221218e+01,3.601960979698851162e+01,5.834359100390965125e+01,3.716263720700591477e+01,4.992959732163497932e+01,1.042560781267896708e+01,2.511924593424930663e+01,3.453592859997378639e+01,1.289382910460095033e+01,2.790486287301055768e+01,1.664100908343725393e+01,2.723553776883138156e+01,3.950710532411248721e+01,1.102570264936547950e+01,4.941025236536195564e+01,1.144706333495251549e+01,3.622552884002969620e+01,2.240915579344267528e+01,5.446947650841222099e+01,3.713982808766197508e+01,4.439718107714460871e+01,1.801059033931556286e+01,5.167506824700708279e+01,1.137176352543299984e+01,2.833441463335485366e+01,2.015440153545899804e+01,4.592774422072029950e+01,4.132990077811142982e+01,2.607692064583879343e+01,5.507594773911755226e+01,2.074112233858219767e+01,3.671949104715192647e+01,3.973668231386408678e+01,2.006119671464452736e+01,1.470892795000397335e+01,3.783069961304048689e+01,2.370434924636387564e+01,3.469005213373900887e+01,2.912418665574809040e+01,4.875258404607153295e+01,4.646344605432289221e+00,4.172787131660250282e+01
3.484763590199899852e+01,3.515595183751365482e+01,0.000000000000000000e+00,1.431619010097848665e+01,3.129257705859894045e+01,2.221417726048795060e+01,8.791417869734619472e+00,1.580373556536700264e+01,4.234204448852581848e+00,1.441264561011253242e+01,3.201647516748039379e+01,1.037152867456195260e+01,4.390847923887388049e+01,3.371615866380972193e+01,1.533481396403465524e+01,2.102111059988747144e+01,8.247993737289977645e+00,2.779871857118451217e+01,3.413063913391448523e+01,2.999751018809139680e+01,2.450074159202378610e+01,1.052172840920460217e+01,3.738350005266754295e+01,3.111685707041779736e+01,3.154450392702470651e+01,3.127281485510431125e+01,2.252409301430695976e+01,2.488263486827670690e+01,4.286628571902519269e+01,1.176099983607662480e+01,2.439810205872529281e+01,2.646493114046355899e+01,1.470967190791859380e+01,2.762895026235827700e+01,2.354708461458062985e+01,1.451931227959770609e+01,3.513323613042187077e+01,2.223897485694767973e+00,2.858906156243941510e+01,2.726974486265611475e+01,1.861455568549872552e+01,4.390878630485961764e+01,8.130435832240753058e+00,4.298520698223343572e+01,1.080938887506008328e+01,3.577997549218040518e+01,2.938864819636085457e+01,3.727568778903637536e+01,1.556217329644749192e+01,1.596682183213272666e+01,4.651569134628137370e+00,2.089175878153035981e+01,2.152596502858366989e+01,1.638719407015700114e+01,2.183947103940214163e+01,3.020363478701150228e+01,2.836214715407639275e+01,1.801437920736202969e+01,3.553580588959525244e+01,3.463664641839066149e+01
2.055360800212112693e+01,3.568613480308420094e+01,1.431619010097848665e+01,0.000000000000000000e+00,1.851933689969154884e+01,1.206904536751706303e+01,2.273854027124168553e+01,1.975738196506007682e+01,1.800504449574192378e+01,2.102961163488783924e+01,2.636102844957571989e+01,1.725172141003010395e+01,3.814700350427604292e+01,4.591583871023585317e+01,7.901535929847347539e+00,1.440910190719766071e+01,2.247883228110192633e+01,3.500011506482867674e+01,1.981858929751511766e+01,1.645817069060381144e+01,2.499374207343138465e+01,2.479387521326953348e+01,2.321635719435383294e+01,2.790544784667966383e+01,2.179179509792226810e+01,1.821642031640130455e+01,2.339049566047044593e+01,1.404915159065407693e+01,3.743932915033327191e+01,9.302206576622806367e+00,1.008325050322891414e+01,3.078346287222348465e+01,1.915364122002925384e+01,2.506009617014195001e+01,9.515464815256651221e+00,2.252327314605856401e+01,2.238843321065969860e+01,1.378826091016252597e+01,1.449907784257850807e+01,2.116299465086238385e+01,3.028755559454575774e+01,4.122308355933268587e+01,1.119801910771936448e+01,3.617114806927067150e+01,1.854628014996981733e+01,2.176606758496330585e+01,3.969184252856649664e+01,2.413403704676152017e+01,1.580315816794818673e+01,1.756596062876931263e+00,1.496942953675845622e+01,1.609282420785790180e+01,2.112702611410023223e+01,2.606706686275681584e+00,1.399340282330232554e+01,4.262571184027596871e+01,3.963035846832094222e+01,1.399543290934154705e+01,3.783071162491123829e+01,2.050126729572387774e+01
1.341227933143688134e+01,3.353694550630534366e+01,3.129257705859894045e+01,1.851933689969154884e+01,0.000000000000000000e+00,1.007664800320403486e+01,3.834182894731637958e+01,3.786753520778781734e+01,3.542827422883679134e+01,3.946339575049881176e+01,1.860207471914144151e+01,3.576865208353630976e+01,2.682454186234440030e+01,5.698679821662334177e+01,1.645618995392671735e+01,1.449401843278763558e+01,3.944551151432609259e+01,4.111170919375984312e+01,1.120206751313411075e+01,3.601615871778181877e+00,4.146182287089072105e+01,4.094433320293077827e+01,1.689879030481155908e+01,2.316812891335573710e+01,8.998626965122918264e+00,1.111948742847380434e+00,2.604765921458874445e+01,7.566017029409402461e+00,2.672128364744988360e+01,2.065642380381379084e+01,1.206431786093420300e+01,3.459854122842993007e+01,3.739109188721525356e+01,2.251265803815170585e+01,9.865444500253449434e+00,3.275257264023524328e+01,2.370366207896452337e+01,3.145022764658646963e+01,1.440683945575488778e+01,1.563528592598310674e+01,4.866438276132335972e+01,3.360632334900920171e+01,2.469321368196994015e+01,2.370340525802797060e+01,3.706561608119805840e+01,7.816474147898191838e+00,4.875955532244717006e+01,2.339036980876592509e+01,2.270926693767536975e+01,1.761737630905222574e+01,3.310471314466116866e+01,1.687397013911405708e+01,2.354560193227972675e+01,1.806780390922241963e+01,1.275200938065412792e+01,5.426867235417822855e+01,4.993648807741505635e+01,3.025149605562071287e+01,3.744051421242066624e+01,8.243629818429253575e+00
1.990653391837901509e+01,2.723500434559110417e+01,2.221417726048795060e+01,1.206904536751706303e+01,1.007664800320403486e+01,0.000000000000000000e+00,2.859613371068104826e+01,3.162690117739288098e+01,2.644106760432284275e+01,3.251194478253543707e+01,1.501901803285609560e+01,2.843614297057523288e+01,2.635685725687313763e+01,4.704731301473949401e+01,6.887116872997638417e+00,5.212629943177970127e+00,3.012232462178399217e+01,3.192103419716104185e+01,1.808397114207113177e+01,1.053299548125128027e+01,3.702216265988671751e+01,3.129974865015921992e+01,2.345253959964594870e+01,1.779117988555809049e+01,9.866268987522143874e+00,1.049732561310331924e+01,1.730673204183651137e+01,2.717537079829257074e+00,2.575536786953480828e+01,1.087682011917512881e+01,1.230668554345055199e+01,2.588637739106716396e+01,3.093518753538403843e+01,1.580281342464347993e+01,8.998777621562954465e+00,2.272500502831651303e+01,2.723447222546960944e+01,2.276396871142590328e+01,1.717006065940273274e+01,1.009937170306053744e+01,4.038391336976854973e+01,3.051049439828885568e+01,1.495838567516161177e+01,2.418776113117293747e+01,2.961715680182742005e+01,1.686995248676629089e+01,3.905047885143800102e+01,2.790369504988165161e+01,1.275996458250602572e+01,1.209738729478057628e+01,2.477792089547768839e+01,7.819075362751950031e+00,1.470164502585399546e+01,1.303222734177070663e+01,3.602055134544763781e+00,4.426325762984222223e+01,4.005118091715667816e+01,2.588637739106716751e+01,3.043670460767565800e+01,1.652456632313569429e+01
4.326767774609999861e+01,3.448785652759077891e+01,8.791417869734619472e+00,2.273854027124168553e+01,3.834182894731637958e+01,2.859613371068104826e+01,0.000000000000000000e+00,2.151863227770204290e+01,7.206577111067050012e+00,1.895215870430594052e+01,3.527187488351371059e+01,1.609473777338983780e+01,4.646572754557770679e+01,2.539877865892412956e+01,2.189100189490243764e+01,2.607060183507261897e+01,4.651815398529270063e+00,2.325833787441055733e+01,4.240172328027676940e+01,3.754090546717883825e+01,3.051300110823353151e+01,2.943360951263541025e+00,4.594391217645471670e+01,3.308623860012497886e+01,3.699347770991397510e+01,3.848666934258856998e+01,2.326474742208004187e+01,3.131179384790574005e+01,4.527844805763574954e+01,1.773258414183145604e+01,3.277273062987580943e+01,2.420747971105812724e+01,2.042801079043980295e+01,2.962271225121141782e+01,3.156195150042291786e+01,1.207923840193220855e+01,4.392465200166681427e+01,1.034230865530352261e+01,3.718313217778822377e+01,3.122719123457648749e+01,1.732030690190759614e+01,4.463667756240652551e+01,1.366144874421350153e+01,4.619976003602094750e+01,1.580390947623197029e+01,4.359739162055296902e+01,2.240533298950612107e+01,4.605977927830639373e+01,1.855044097881258836e+01,2.445226461102794602e+01,1.139458609500955610e+01,2.511993960407223625e+01,2.324937383661240986e+01,2.497755541979332605e+01,2.730619931567807512e+01,2.182309853449269710e+01,2.074411834846729619e+01,2.607624885737978815e+01,3.370417341881325513e+01,4.259225122560458487e+01
3.551109088721863571e+01,5.043804842940006239e+01,1.580373556536700264e+01,1.975738196506007682e+01,3.786753520778781734e+01,3.162690117739288098e+01,2.151863227770204290e+01,0.000000000000000000e+00,1.451935955988479776e+01,3.516697315316418049e+00,4.476727792681965212e+01,5.559743714236901724e+00,5.681857465973535426e+01,4.634773453173202995e+01,2.589024766205792716e+01,3.274678731869015991e+01,1.754679021889893065e+01,4.345144205574624863e+01,3.578855202586183992e+01,3.526072814883039541e+01,8.999232933364814002e+00,2.114248136138389000e+01,3.671158381414506522e+01,4.504409665733687973e+01,4.146497922552077853e+01,3.739109188721525356e+01,3.758122220682414394e+01,3.377483490300863167e+01,5.595104776642476452e+01,2.420464810169696790e+01,2.699333207169287974e+01,4.223132063893245913e+01,1.111948742847380434e+00,4.171359830228335852e+01,2.813712683760367028e+01,3.029926423754695364e+01,3.065707735895955466e+01,1.361850569888680695e+01,2.875809114979290726e+01,3.961580973427395946e+01,1.517336758420439047e+01,5.830193543579023441e+01,2.216788410936096554e+01,5.524180893925026226e+01,5.724148937751079913e+00,3.936235507075240037e+01,4.389773611657155072e+01,3.331342835644470313e+01,2.995739226669086719e+01,2.032553769534677102e+01,1.120257441978731983e+01,3.359711449342690059e+01,3.614621386940415704e+01,1.980172145271023609e+01,3.286656488445673574e+01,4.274531352192146016e+01,4.223318025830798916e+01,9.594174988790868497e+00,5.116510059709220570e+01,3.777395804748384478e+01
3.836293208470717531e+01,3.816441596115176083e+01,4.234204448852581848e+00,1.800504449574192378e+01,3.542827422883679134e+01,2.644106760432284275e+01,7.206577111067050012e+00,1.451935955988479776e+01,0.000000000000000000e+00,1.230705569679551559e+01,3.600233943700741435e+01,8.999258376312559093e+00,4.780613870629542106e+01,3.256732779468609351e+01,1.956544080328019675e+01,2.520372942530111970e+01,4.652972083147189686e+00,2.919792358799843868e+01,3.777834138622206694e+01,3.401873016393201254e+01,2.350925861527946026e+01,7.785318484912855830e+00,4.072538378700173212e+01,3.483511071967243566e+01,3.577262322826891960e+01,3.537588620534474870e+01,2.583370246297152306e+01,2.910346019076607504e+01,4.673219705948459080e+01,1.597200725574084146e+01,2.801481278286992804e+01,2.882376798182249189e+01,1.341271977867357457e+01,3.132775732198768992e+01,2.741251767127229755e+01,1.649276778276682265e+01,3.774998767231559071e+01,4.234204448852580072e+00,3.192503912969016611e+01,3.134738484043656115e+01,1.452709679442110691e+01,4.737947513127655697e+01,1.222851859250689621e+01,4.699864882039681646e+01,8.895589942779043469e+00,3.968103322112080633e+01,2.941984225461042968e+01,4.002984891784592492e+01,1.933396742581681593e+01,1.956544080328019675e+01,4.306678271836421601e+00,2.497287884371985811e+01,2.509142959166445408e+01,1.984777931878376833e+01,2.605641325676612752e+01,2.897994179433106154e+01,2.791104060927828456e+01,1.899911045592357084e+01,3.814428000665235174e+01,3.847740848382232315e+01
3.809452598910581145e+01,4.952213061009098283e+01,1.441264561011253242e+01,2.102961163488783924e+01,3.946339575049881176e+01,3.251194478253543707e+01,1.895215870430594052e+01,3.516697315316418049e+00,1.230705569679551559e+01,0.000000000000000000e+00,4.493093290590969957e+01,4.306890994807396567e+00,5.698996620453661421e+01,4.334148370404962236e+01,2.636255709154050919e+01,3.308360380294094938e+01,1.470992111190869522e+01,4.150121819554863833e+01,3.822413308877543159e+01,3.706976225715686013e+01,1.184648384088837325e+01,1.825471555380164190e+01,3.949847198084506061e+01,4.479514257934105359e+01,4.237676139222541849e+01,3.906979464999132290e+01,3.678272074811168579e+01,3.481826461962939590e+01,5.605915767764835778e+01,2.415302677445978219e+01,2.910691030101758869e+01,4.080173050321122474e+01,2.942425867782244353e+00,4.138526119223973154e+01,2.992378648389202311e+01,2.862054478555423032e+01,3.383679249339395767e+01,1.238230322625890167e+01,3.130794669330245128e+01,3.986314377094970496e+01,1.177594209172746709e+01,5.789608007659905553e+01,2.160278999446884285e+01,5.561830580843642480e+01,3.603256745140648309e+00,4.152912139164342875e+01,4.134466395351912382e+01,3.646444560884226149e+01,2.941555275530108560e+01,2.184886118821837897e+01,9.789162331400682149e+00,3.366958631996055828e+01,3.555939425781777175e+01,2.147787571280449370e+01,3.338764800966574597e+01,3.974672048210857156e+01,3.951013667941072072e+01,1.269969778716466635e+01,4.994190066303050202e+01,3.999618793130962757e+01
3.186638639276137397e+01,1.549540829371555439e+01,3.201647516748039379e+01,2.636102844957571989e+01,1.860207471914144151e+01,1.501901803285609560e+01,3.527187488351371059e+01,4.476727792681965212e+01,3.600233943700741435e+01,4.493093290590969957e+01,0.000000000000000000e+00,4.064143970213101653e+01,1.206297054666981516e+01,4.579180945048868523e+01,1.898837565939176386e+01,1.209598249166218231e+01,3.838511440361883587e+01,2.732870159078030525e+01,2.969734232228569937e+01,2.151634863991868940e+01,5.119144653707833470e+01,3.821523540789128504e+01,3.542023396926602885e+01,5.267077139750030668e+00,9.784352139959452188e+00,1.966823261196279304e+01,1.359268883652798898e+01,1.451903042443425207e+01,1.119093279822823739e+01,2.079772035050128309e+01,2.682474383486928460e+01,2.016981520869197908e+01,4.391681844768815068e+01,6.884649003472030238e+00,2.350848423227612471e+01,2.487967434082818130e+01,4.116452113758136022e+01,3.337780164471170963e+01,3.113456479972666102e+01,5.212108790425441285e+00,5.052644674186561957e+01,1.562643281763226355e+01,2.390118483352917167e+01,1.101160054359052687e+01,4.160999648285125119e+01,2.624455599959778240e+01,3.647710331941067352e+01,4.134337559474504076e+01,1.685744853088007744e+01,2.677032409436808535e+01,3.584996222175261238e+01,1.127237551381296576e+01,1.243317771057572152e+01,2.779009899982183995e+01,1.237671335938727957e+01,4.390898667393349797e+01,3.868142440242748847e+01,4.035361560247129376e+01,1.984232498832560410e+01,2.684129675583062280e+01
3.542393860042531628e+01,4.533880100655681389e+01,1.037152867456195260e+01,1.725172141003010395e+01,3.576865208353630976e+01,2.843614297057523288e+01,1.609473777338983780e+01,5.559743714236901724e+00,8.999258376312559093e+00,4.306890994807396567e+00,4.064143970213101653e+01,0.000000000000000000e+00,5.269775587167985265e+01,4.119242095059664166e+01,2.215902915355983183e+01,2.883137576296268989e+01,1.238289530546323647e+01,3.790423280151073016e+01,3.535406208542129036e+01,3.355380900802965272e+01,1.451934379008032927e+01,1.597992074682741404e+01,3.713019170851390527e+01,4.049068030496336945e+01,3.828676469480408429e+01,3.543874012638413973e+01,3.255711459333473101e+01,3.080735012434386988e+01,5.176120935322119720e+01,1.985493235156953773e+01,2.594225560799001329e+01,3.683634198166217999e+01,4.447794971389521734e+00,3.708473313025045570e+01,2.643795862337723435e+01,2.480161409445610587e+01,3.232573189835644456e+01,8.246383863986979534e+00,2.865040412535568137e+01,3.558773706286797989e+01,1.367318666625264534e+01,5.360627689648953975e+01,1.731382207499195047e+01,5.135614279353028877e+01,1.362031898877583469e+00,3.832788862276652253e+01,3.841502679560952060e+01,3.485514394506444802e+01,2.513190999457895813e+01,1.824169762297827191e+01,5.724108937370337991e+00,2.937573234558866275e+01,3.128729495037785568e+01,1.800290315813346709e+01,2.917998519638124222e+01,3.758933061170689882e+01,3.683847394250175711e+01,1.163285192679489377e+01,4.587754424903123862e+01,3.686283027934069167e+01
4.005316659083161568e+01,1.797303610710351052e+01,4.390847923887388049e+01,3.814700350427604292e+01,2.682454186234440030e+01,2.635685725687313763e+01,4.646572754557770679e+01,5.681857465973535426e+01,4.780613870629542106e+01,5.698996620453661421e+01,1.206297054666981516e+01,5.269775587167985265e+01,0.000000000000000000e+00,5.306708612997084629e+01,3.098724208817328929e+01,2.409539546520139552e+01,4.989699464394300321e+01,3.398802428607316983e+01,3.783062189565653455e+01,3.029764543059199156e+01,6.309418825250798335e+01,4.939184402667169138e+01,4.336600097104784624e+01,1.342866492484342444e+01,1.825146365252312819e+01,2.793100636307150353e+01,2.348984076052845182e+01,2.521175000970189117e+01,1.357521728723775523e+00,3.284659225817112826e+01,3.720414982169885576e+01,2.727288540290687280e+01,5.597450594553284020e+01,1.684769660848862571e+01,3.402766628385906245e+01,3.524959849761996367e+01,5.049618737943365687e+01,4.534912644990513542e+01,4.085091218918745426e+01,1.720727631096591992e+01,6.229394597828215296e+01,9.518700357351978170e+00,3.583476232845243459e+01,3.601428179076063163e+00,5.365550578674191939e+01,3.338606626897585983e+01,4.352342614491190886e+01,5.020319319870822028e+01,2.849262609032476234e+01,3.840005279978824149e+01,4.784809653528689921e+01,2.332224153857923099e+01,2.321635719435383294e+01,3.936986519454234212e+01,2.418869469708391762e+01,5.181070066545029107e+01,4.630277935939600553e+01,5.212631359423956212e+01,2.243996097797206701e+01,3.447041102826880632e+01
6.539336617177364985e+01,3.556313224846802967e+01,3.371615866380972193e+01,4.591583871023585317e+01,5.698679821662334177e+01,4.704731301473949401e+01,2.539877865892412956e+01,4.634773453173202995e+01,3.256732779468609351e+01,4.334148370404962236e+01,4.579180945048868523e+01,4.119242095059664166e+01,5.306708612997084629e+01,0.000000000000000000e+00,4.192381655969481358e+01,4.255419522016703837e+01,2.882936845323108344e+01,1.907906184389768001e+01,6.405616393708640999e+01,5.746104557758450682e+01,5.518314005441045822e+01,2.522592077355905005e+01,6.853266134148495325e+01,4.122007737876543843e+01,5.212427808316144962e+01,5.751591293991097587e+01,3.256529433067014878e+01,4.942490894835083282e+01,5.170956440124707143e+01,3.799028902566161037e+01,5.520086153222993630e+01,2.598037978301191586e+01,4.530902101906943358e+01,3.891164773205213834e+01,5.311184823248657239e+01,2.441031801835843140e+01,6.815722341425504283e+01,3.557201253432335619e+01,6.016786169566561426e+01,4.426145849367073026e+01,3.679554460367017299e+01,4.675625968974479463e+01,3.486115383354540143e+01,5.452657841355663493e+01,4.067084020415697410e+01,6.383421409774812361e+01,9.543659985058940975e+00,7.002988681683125094e+01,3.429567288743308495e+01,4.766509496189436845e+01,3.679324254631409019e+01,4.037232597197170492e+01,3.452636108084616495e+01,4.844980400513834695e+01,4.426759978731144685e+01,3.603894689888662128e+00,7.171286632192380495e+00,5.146185407070413476e+01,3.181631066891795356e+01,6.327973504040247121e+01
2.354397758873374613e+01,2.783195105708276529e+01,1.533481396403465524e+01,7.901535929847347539e+00,1.645618995392671735e+01,6.887116872997638417e+00,2.189100189490243764e+01,2.589024766205792716e+01,1.956544080328019675e+01,2.636255709154050919e+01,1.898837565939176386e+01,2.215902915355983183e+01,3.098724208817328929e+01,4.192381655969481358e+01,0.000000000000000000e+00,6.895315355952469361e+00,2.324690152055569570e+01,2.867857689118291020e+01,2.213649747248565092e+01,1.594787615675498316e+01,3.223994753157789006e+01,2.452820569140558504e+01,2.681613918744985270e+01,2.008791230460874289e+01,1.636873495371931853e+01,1.664296661756304729e+01,1.580310062266267579e+01,9.579054346582539736e+00,3.017301315139274109e+01,4.228867365065313244e+00,1.378974283709596271e+01,2.368932530837284389e+01,2.508989306037273792e+01,1.717065447797514466e+01,1.127382265119183202e+01,1.757179095711179784e+01,2.834912618785406835e+01,1.596682183213272666e+01,1.898837565939176741e+01,1.378974283709595738e+01,3.362276842459768034e+01,3.345089845323201416e+01,8.237023788036918148e+00,2.935312079578872613e+01,2.326090098613562418e+01,2.223479229622717313e+01,3.462410385389922141e+01,2.962255014845968049e+01,8.788171568299528502e+00,8.895589942779050574e+00,1.808951444810639586e+01,8.244946578487574840e+00,1.341249867433566934e+01,1.000753868562643056e+01,7.025091827807668388e+00,3.891675924732478364e+01,3.515658183454046082e+01,2.161516719933492325e+01,3.014556655416667041e+01,2.149250752059774072e+01
2.511744516946338734e+01,2.240455893362722506e+01,2.102111059988747144e+01,1.440910190719766071e+01,1.449401843278763558e+01,5.212629943177970127e+00,2.607060183507261897e+01,3.274678731869015991e+01,2.520372942530111970e+01,3.308360380294094938e+01,1.209598249166218231e+01,2.883137576296268989e+01,2.409539546520139552e+01,4.255419522016703837e+01,6.895315355952469361e+00,0.000000000000000000e+00,2.830989779351408231e+01,2.683437799474160101e+01,2.327795290306191944e+01,1.554909011392114770e+01,3.910584222498383866e+01,2.892555267405086994e+01,2.866516935123221543e+01,1.361743558033813351e+01,1.092554953792133787e+01,1.512028506446838705e+01,1.209832518356506270e+01,7.023543041639062068e+00,2.327795290306191944e+01,9.292249652082769984e+00,1.717029796972935429e+01,2.068861543744068854e+01,3.192468620686149450e+01,1.111948742847380700e+01,1.395235828901274289e+01,1.853797108212500788e+01,3.218425400743978315e+01,2.205444560841684165e+01,2.219263829111270425e+01,6.894427534271279079e+00,3.961712025837221063e+01,2.684281196711396689e+01,1.302324603598720110e+01,2.253897526317623345e+01,2.987315548015513045e+01,2.178581638894062422e+01,3.426708317516703062e+01,3.297714857241649611e+01,8.456284261777978983e+00,1.501969689526707441e+01,2.438289997201127690e+01,2.606445425400425897e+00,9.495333966407894621e+00,1.609269725705209098e+01,1.756079240038379563e+00,3.992160829006380141e+01,3.547328394658980244e+01,2.835301625508562751e+01,2.538997370923003061e+01,2.157776846663018944e+01
4.292955843326198817e+01,3.875056076066359623e+01,8.247993737289977645e+00,2.247883228110192633e+01,3.944551151432609259e+01,3.012232462178399217e+01,4.651815398529270063e+00,1.754679021889893065e+01,4.652972083147189686e+00,1.470992111190869522e+01,3.838511440361883587e+01,1.238289530546323647e+01,4.989699464394300321e+01,2.882936845323108344e+01,2.324690152055569570e+01,2.830989779351408231e+01,0.000000000000000000e+00,2.791015325207476749e+01,4.229118190567841395e+01,3.823346104454208927e+01,2.646622766819163175e+01,3.603447727044466031e+00,4.534008317304901681e+01,3.664120362359195582e+01,3.911267305892184254e+01,3.946118103444893421e+01,2.708356044647568339e+01,3.282452588652267877e+01,4.875535611784452072e+01,1.934993497410445329e+01,3.253558944964777311e+01,2.868435657295432861e+01,1.649343435404437130e+01,3.313900292241729773e+01,3.178590584793763796e+01,1.639961453549963721e+01,4.238402094695384648e+01,8.827278218348718397e+00,3.653678758492980450e+01,3.402174277390299295e+01,1.292451003779791030e+01,4.862022834907546809e+01,1.534562018337642719e+01,4.938713030541098448e+01,1.184683205973878550e+01,4.402652026997019874e+01,2.672153905245183125e+01,4.467589178010329931e+01,2.152772500720643833e+01,2.408286092891479413e+01,8.792069358105495169e+00,2.772839600257879411e+01,2.677176557253943301e+01,2.441429459576518468e+01,2.934646475304948154e+01,2.522547381080344309e+01,2.480219641953146947e+01,2.325696176357217126e+01,3.816845294728391025e+01,4.287320213089180498e+01
5.164458331571799476e+01,1.666456403251164176e+01,2.779871857118451217e+01,3.500011506482867674e+01,4.111170919375984312e+01,3.192103419716104185e+01,2.325833787441055733e+01,4.345144205574624863e+01,2.919792358799843868e+01,4.150121819554863833e+01,2.732870159078030525e+01,3.790423280151073016e+01,3.398802428607316983e+01,1.907906184389768001e+01,2.867857689118291020e+01,2.683437799474160101e+01,2.791015325207476749e+01,0.000000000000000000e+00,4.994059255669034769e+01,4.238233561705339270e+01,5.227932765588040098e+01,2.522279765555375874e+01,5.509805654550460474e+01,2.246324868359113580e+01,3.480561706360130358e+01,4.184205663159438870e+01,1.513730539446108914e+01,3.383235538421651967e+01,3.263050255734938787e+01,2.576439151232062486e+01,4.243567650715431938e+01,7.160085665796601440e+00,4.234173716566721168e+01,2.057524339471840236e+01,3.968022113585196564e+01,1.341266859742982298e+01,5.695211183016631651e+01,3.002261605687927926e+01,4.764598303022825121e+01,2.669697051551660394e+01,4.017265786895858781e+01,2.800506665855212418e+01,2.432255619128320845e+01,3.550244732569168349e+01,3.802637433513920229e+01,4.860126440845872509e+01,9.535401858838740807e+00,5.829816172972785182e+01,1.991820746323943681e+01,3.656248973058257690e+01,3.227525136940250405e+01,2.431088924382723349e+01,1.757308793501652744e+01,3.757975366748522106e+01,2.858287506757934793e+01,1.802651661179255882e+01,1.246136580241314462e+01,4.499565665113088642e+01,1.345054810567606118e+01,4.840862558809633498e+01
2.223897485694760867e+00,4.425458159845221218e+01,3.413063913391448523e+01,1.981858929751511766e+01,1.120206751313411075e+01,1.808397114207113177e+01,4.240172328027676940e+01,3.578855202586183992e+01,3.777834138622206694e+01,3.822413308877543159e+01,2.969734232228569937e+01,3.535406208542129036e+01,3.783062189565653455e+01,6.405616393708640999e+01,2.213649747248565092e+01,2.327795290306191944e+01,4.229118190567841395e+01,4.994059255669034769e+01,0.000000000000000000e+00,8.243739184986720758e+00,3.693814040636899421e+01,4.457488268487951899e+01,5.723077442421510064e+00,3.402809099527938486e+01,2.019845260404989418e+01,1.009921513985800345e+01,3.537350365255675655e+01,1.659387409946032932e+01,3.780625725681094451e+01,2.610964709604905210e+01,9.763941236208260932e+00,4.396602401319584885e+01,3.563274597960899825e+01,3.295287990925697841e+01,1.101360879118399261e+01,3.970114489450979534e+01,1.338326983175912410e+01,3.354600971016461841e+01,7.145010601200555200e+00,2.624539867652358183e+01,4.899457972833788233e+01,4.480839085850285386e+01,2.959499301881020727e+01,3.457715715114992605e+01,3.671609398429887250e+01,5.210896305343339918e+00,5.663282248840582156e+01,1.252925361838908991e+01,3.031679786472241389e+01,1.821432072544073932e+01,3.444387167135785432e+01,2.587790061823990939e+01,3.277269313691246566e+01,1.797516257067459833e+01,2.158659227835749306e+01,6.101554311558544441e+01,5.728332981313145922e+01,2.667242810262466435e+01,4.791730497780250886e+01,3.601490705865560749e+00
1.036942601907749406e+01,3.601960979698851162e+01,2.999751018809139680e+01,1.645817069060381144e+01,3.601615871778181877e+00,1.053299548125128027e+01,3.754090546717883825e+01,3.526072814883039541e+01,3.401873016393201254e+01,3.706976225715686013e+01,2.151634863991868940e+01,3.355380900802965272e+01,3.029764543059199156e+01,5.746104557758450682e+01,1.594787615675498316e+01,1.554909011392114770e+01,3.823346104454208927e+01,4.238233561705339270e+01,8.243739184986720758e+00,0.000000000000000000e+00,3.837709298570169381e+01,4.001053133387911487e+01,1.395119223244907403e+01,2.578496920336656117e+01,1.223143617132119054e+01,2.605664378665285774e+00,2.754056750084953720e+01,8.604057669965893496e+00,3.014517607046934344e+01,2.016320264860038591e+01,8.777174255832470351e+00,3.614961458068403743e+01,3.485514394506444802e+01,2.475284236985323361e+01,7.146590640027661756e+00,3.306804053553769762e+01,2.019854195890198412e+01,2.991496109738014653e+01,1.080522359384417541e+01,1.800901966408006416e+01,4.674497803685647312e+01,3.679470141754414669e+01,2.405280358656762374e+01,2.723367648090429327e+01,3.488011815187803677e+01,6.373171961934898988e+00,4.957508055743523556e+01,2.001507737125284692e+01,2.323981888428289011e+01,1.531508647718569271e+01,3.135562124041119958e+01,1.809900712927956334e+01,2.496505426383474813e+01,1.559509165893920546e+01,1.380521443477573129e+01,5.459682741843004550e+01,5.051343650623572046e+01,2.725770627304767757e+01,3.972701791884364297e+01,6.030980338767824911e+00
3.612585744806724364e+01,5.834359100390965125e+01,2.450074159202378610e+01,2.499374207343138465e+01,4.146182287089072105e+01,3.702216265988671751e+01,3.051300110823353151e+01,8.999232933364814002e+00,2.350925861527946026e+01,1.184648384088837325e+01,5.119144653707833470e+01,1.451934379008032927e+01,6.309418825250798335e+01,5.518314005441045822e+01,3.223994753157789006e+01,3.910584222498383866e+01,2.646622766819163175e+01,5.227932765588040098e+01,3.693814040636899421e+01,3.837709298570169381e+01,0.000000000000000000e+00,3.004390381008247246e+01,3.645180690759780617e+01,5.211407079979771595e+01,4.654501584276282244e+01,4.078533321519786625e+01,4.545135937873275367e+01,3.877779380017857136e+01,6.234375213595316723e+01,3.139856898666103291e+01,2.962611690622501825e+01,5.069991501213685581e+01,1.009977739869526303e+01,4.893636583185595157e+01,3.162456914499514937e+01,3.901336571856733570e+01,2.864690335586764292e+01,2.228062427300130821e+01,2.982552915122765214e+01,4.597974347102408643e+01,2.161095183589962332e+01,6.548916888104211864e+01,3.004225862302625671e+01,6.116484212299727830e+01,1.470973415165233789e+01,4.128846922402858866e+01,5.289691254176418767e+01,3.135562124041119958e+01,3.763173895461950025e+01,2.497946625892992500e+01,2.001507737125284692e+01,4.036024260714476952e+01,4.378077774383957177e+01,2.414894499474589651e+01,3.890553911144347410e+01,5.158647867477954918e+01,5.121105864528990992e+01,1.128253911845364854e+01,5.940137007952193215e+01,3.957434507504843424e+01
4.534490320584095002e+01,3.716263720700591477e+01,1.052172840920460217e+01,2.479387521326953348e+01,4.094433320293077827e+01,3.129974865015921992e+01,2.943360951263541025e+00,2.114248136138389000e+01,7.785318484912855830e+00,1.825471555380164190e+01,3.821523540789128504e+01,1.597992074682741404e+01,4.939184402667169138e+01,2.522592077355905005e+01,2.452820569140558504e+01,2.892555267405086994e+01,3.603447727044466031e+00,2.522279765555375874e+01,4.457488268487951899e+01,4.001053133387911487e+01,3.004390381008247246e+01,0.000000000000000000e+00,4.790503048291316190e+01,3.600278249362722249e+01,3.984020441144101454e+01,4.104988954284358726e+01,2.614308322388388817e+01,3.401728572998847966e+01,4.819988722184499608e+01,2.042292853098409111e+01,3.487394751225196643e+01,2.670938741915463410e+01,2.009302037726707013e+01,3.254604428665437155e+01,3.384842248472256898e+01,1.479506358307088121e+01,4.540464701356564348e+01,1.163767025016006862e+01,3.911066731285546183e+01,3.415750305304107570e+01,1.498347542148462708e+01,4.744213065888415315e+01,1.634136297499760815e+01,4.914150906815882536e+01,1.544853083238620250e+01,4.598299057111236010e+01,2.335092359979499221e+01,4.762892840751356260e+01,2.148505271167839936e+01,2.646785361485686039e+01,1.208060395994040626e+01,2.802783040604041531e+01,2.617656888276639293e+01,2.690798106705831572e+01,3.012598870283443731e+01,2.162202611927722629e+01,2.130215601551605076e+01,2.670938741915463410e+01,3.619849187269952040e+01,4.492139383482650317e+01
3.601490705865560749e+00,4.992959732163497932e+01,3.738350005266754295e+01,2.321635719435383294e+01,1.689879030481155908e+01,2.345253959964594870e+01,4.594391217645471670e+01,3.671158381414506522e+01,4.072538378700173212e+01,3.949847198084506061e+01,3.542023396926602885e+01,3.713019170851390527e+01,4.336600097104784624e+01,6.853266134148495325e+01,2.681613918744985270e+01,2.866516935123221543e+01,4.534008317304901681e+01,5.509805654550460474e+01,5.723077442421510064e+00,1.395119223244907403e+01,3.645180690759780617e+01,4.790503048291316190e+01,0.000000000000000000e+00,3.973325281504011741e+01,2.589712951842148669e+01,1.580229867997427995e+01,4.075353156454919912e+01,2.215784348183456842e+01,4.338724357993810798e+01,3.056527952086031164e+01,1.336523502986540457e+01,4.931061992484696077e+01,3.672841973390249137e+01,3.859228080281798157e+01,1.554629980883729701e+01,4.433785908424690092e+01,9.518700357351976393e+00,3.651344568564244497e+01,8.804067698526099051e+00,3.192807404108573976e+01,5.077967022804609343e+01,5.049618737943365687e+01,3.375600510058097825e+01,4.005316096861165676e+01,3.847740848382232315e+01,1.009917053093340655e+01,6.144020396786230975e+01,7.816733587695148699e+00,3.529612831291458264e+01,2.149250752059774072e+01,3.705733000461192006e+01,3.127161464879140240e+01,3.814700350427604292e+01,2.099782296831537209e+01,2.701398271145816565e+01,6.538833322614489418e+01,6.190051967130430910e+01,2.720479715380967889e+01,5.353848701200455906e+01,8.895589942779043469e+00
3.614253142198812441e+01,1.042560781267896708e+01,3.111685707041779736e+01,2.790544784667966383e+01,2.316812891335573710e+01,1.779117988555809049e+01,3.308623860012497886e+01,4.504409665733687973e+01,3.483511071967243566e+01,4.479514257934105359e+01,5.267077139750030668e+00,4.049068030496336945e+01,1.342866492484342444e+01,4.122007737876543843e+01,2.008791230460874289e+01,1.361743558033813351e+01,3.664120362359195582e+01,2.246324868359113580e+01,3.402809099527938486e+01,2.578496920336656117e+01,5.211407079979771595e+01,3.600278249362722249e+01,3.973325281504011741e+01,0.000000000000000000e+00,1.469831773977038658e+01,2.418642114096141071e+01,1.008435287426770799e+01,1.799753009444722807e+01,1.220590395257967486e+01,2.085260889253859062e+01,3.005335177897892862e+01,1.532583348687303548e+01,4.411496155756316995e+01,3.512029448036723345e+00,2.672134282035459307e+01,2.183712648958134039e+01,4.480871348611810845e+01,3.274322700201187075e+01,3.471056709409101870e+01,7.901363716570963369e+00,4.921560386054088809e+01,1.338434997832672124e+01,2.324391068058830356e+01,1.376191070993857579e+01,4.132864553236392879e+01,3.093886262552910438e+01,3.178969983707208158e+01,4.521858604952102212e+01,1.555468471480151749e+01,2.861755934763703735e+01,3.531285215531482891e+01,1.184354085391975353e+01,9.871225142863982782e+00,2.969886585979742932e+01,1.451907718374275724e+01,3.954210886960161275e+01,3.418879539400915490e+01,4.169388516603749650e+01,1.463589093647050987e+01,3.138861220312799460e+01
2.240415515275592639e+01,2.511924593424930663e+01,3.154450392702470651e+01,2.179179509792226810e+01,8.998626965122918264e+00,9.866268987522143874e+00,3.699347770991397510e+01,4.146497922552077853e+01,3.577262322826891960e+01,4.237676139222541849e+01,9.784352139959452188e+00,3.828676469480408429e+01,1.825146365252312819e+01,5.212427808316144962e+01,1.636873495371931853e+01,1.092554953792133787e+01,3.911267305892184254e+01,3.480561706360130358e+01,2.019845260404989418e+01,1.223143617132119054e+01,4.654501584276282244e+01,3.984020441144101454e+01,2.589712951842148669e+01,1.469831773977038658e+01,0.000000000000000000e+00,1.009923746486214036e+01,1.978037275364264147e+01,7.773614237546152772e+00,1.799722887394330684e+01,1.982306764793499454e+01,1.904347971011439000e+01,2.786334799425904407e+01,4.078854191890751935e+01,1.477437082393571188e+01,1.597137154050677310e+01,2.889777557971394373e+01,3.236070782198215312e+01,3.231892523384513538e+01,2.260915807934044963e+01,8.118553926455710723e+00,4.997909326274658781e+01,2.461320577130706866e+01,2.376839561897440589e+01,1.544170074608274312e+01,3.945428866596045481e+01,1.648725969083428211e+01,4.327652041347240441e+01,3.224651354257403568e+01,1.905989745023120818e+01,2.158157281247805415e+01,3.445556463738338948e+01,1.227862240256499149e+01,1.761922650674785373e+01,2.239689164270721022e+01,9.766208838270358683e+00,4.977536088691721261e+01,4.495752211573368129e+01,3.530169350049273191e+01,2.928134660165818559e+01,1.716935046095387563e+01
1.230655706158029972e+01,3.453592859997378639e+01,3.127281485510431125e+01,1.821642031640130455e+01,1.111948742847380434e+00,1.049732561310331924e+01,3.848666934258856998e+01,3.739109188721525356e+01,3.537588620534474870e+01,3.906979464999132290e+01,1.966823261196279304e+01,3.543874012638413973e+01,2.793100636307150353e+01,5.751591293991097587e+01,1.664296661756304729e+01,1.512028506446838705e+01,3.946118103444893421e+01,4.184205663159438870e+01,1.009921513985800345e+01,2.605664378665285774e+00,4.078533321519786625e+01,4.104988954284358726e+01,1.580229867997427995e+01,2.418642114096141071e+01,1.009923746486214036e+01,0.000000000000000000e+00,2.681944706329915462e+01,8.117858322017708517e+00,2.783185351529333929e+01,2.086487130106016608e+01,1.126948602860210080e+01,3.539347970230900842e+01,3.694198346511375064e+01,2.345410032761760277e+01,9.284348395396532894e+00,3.322110420684241916e+01,2.260906821782415221e+01,3.135178892804225015e+01,1.338353962706946731e+01,1.659436398766889198e+01,4.844793947554785518e+01,3.471033274758502074e+01,2.486784695124342193e+01,2.479955465558328243e+01,3.674734990922598143e+01,6.891773213828365385e+00,4.937691065236928978e+01,2.228038979720314217e+01,2.322074449655465145e+01,1.722704902009731853e+01,3.293621353965606602e+01,1.755628202050167985e+01,2.429509910554494923e+01,1.761737630905222574e+01,1.336739815116050245e+01,5.475632647808016173e+01,5.049051585999306013e+01,2.961120874592794294e+01,3.840236288155907829e+01,7.203043974316526210e+00
