0.000000000000000000e+00,6.671692457084281713e+00,1.810247902963731548e+01,4.307129193557356217e+01,3.029906057889347437e+01,2.719541340708453347e+01,2.858619150867719583e+01,2.891066731403189749e+01,3.614348989994446271e+01,4.110878819125041161e+01,3.448251407877071273e+01,3.489814241871582112e+01,1.722756502963962433e+01,1.757179095711179784e+01,5.167612080915078110e+01,3.075319602365964045e+01,1.341265155801393405e+01,3.335846228542140857e+00,2.377943681527203523e+01,3.658112625012680041e+01,1.782389805010637573e+01,1.230698130127462164e+01,3.044220952046585538e+01,2.964208783947897885e+01,2.378829657217611171e+01,3.250969552475869762e+01,3.362413255768775855e+01,1.000753868562642346e+01,2.506198777175493220e+01,3.457781344904041276e+01,3.359253945243417405e+01,4.066062714261776989e+01,2.927863286000897602e+01,3.188632642713896459e+01,2.378829657217611526e+01,3.079849316959989380e+01,2.181369566188859821e+01,4.947299019010097965e+01,4.827621153484288641e+01,3.158372465036323007e+01,5.121048564005752723e+01,1.502147161810601972e+01,1.162996710431556480e+01,2.607580864268308041e+00,1.991747468931304610e+01,2.635283238106811865e+01,3.581591718699688442e+01,3.354595335896119934e+01,1.471001396171146602e+01,2.246065597034787586e+01,2.908967692354094225e+01,3.841163034174848434e+01,5.164205226348680355e+01,2.897829085585522790e+01,1.567513658944388943e+01,5.436944724230913550e+01,9.782145706971776988e+00,4.005601402349586238e+01,1.638142566127579514e+01,2.938559866338383131e+01
6.671692457084281713e+00,0.000000000000000000e+00,1.339134594475381235e+01,4.826929988698649510e+01,3.692083252558926176e+01,2.800182120191735891e+01,3.201391238352017865e+01,3.558235977111618098e+01,4.220356601909153937e+01,4.572237733025620798e+01,4.005601402349585527e+01,4.150112994869753180e+01,2.278917282527030963e+01,2.239756501249043552e+01,5.713062108105848580e+01,3.482567942081139734e+01,6.809168898694439420e+00,3.335846228542140857e+00,2.615643125307087047e+01,4.292600890450244577e+01,1.979588699967187537e+01,5.724029009781100186e+00,3.683755913231028245e+01,3.555867733170045142e+01,2.781372493814418689e+01,3.492977331732254953e+01,4.006708640314875680e+01,1.667923114271070517e+01,3.160747115932489137e+01,4.123213098614170491e+01,3.910322274494245676e+01,4.692825931796966898e+01,3.461925799328867015e+01,3.745001969444955847e+01,2.114676743998236574e+01,2.828737493496889854e+01,2.779533270249281074e+01,5.581441535999958603e+01,5.338439100504231760e+01,3.318722319439260815e+01,5.774683994264260178e+01,2.151834498431000853e+01,1.639483380742873209e+01,4.651519971400390752e+00,2.576382501591946905e+01,3.100871903120418338e+01,4.245091903325727145e+01,3.962885046504317899e+01,2.059380372545791715e+01,2.496354035916041880e+01,2.857507626157300962e+01,4.432921867315283038e+01,5.696973587028117691e+01,3.190277827861084248e+01,1.985148628954786787e+01,5.995026836388382208e+01,1.303365547479365105e+01,4.592328061225813940e+01,1.223330805836252644e+01,3.576246483484244010e+01
1.810247902963731548e+01,1.339134594475381235e+01,0.000000000000000000e+00,6.113422665930484357e+01,4.693296896108423510e+01,4.074289227600362295e+01,4.540464701356564348e+01,4.471412658325915146e+01,5.405654751167243433e+01,5.891210549992774048e+01,5.258402034141776227e+01,4.922833459252098010e+01,2.779871857118451572e+01,3.541846860026549138e+01,6.977849605741577932e+01,4.815349843805981322e+01,1.230861866500381829e+01,1.556875321131360579e+01,3.946870976625553595e+01,5.412331494532442377e+01,3.309231736980267868e+01,9.791302703748094416e+00,4.338740607229228630e+01,4.023846728434752862e+01,4.113220088244475647e+01,4.819988722184499608e+01,5.097213495269288330e+01,2.678012694397130034e+01,3.929792859649691650e+01,4.960380998085253168e+01,5.169474774832202968e+01,5.831082065237195877e+01,4.735947215268311794e+01,4.998860484122137393e+01,3.137865493595962363e+01,3.809234306101919998e+01,3.984082247347741657e+01,6.694212849436038937e+01,6.631786627296854419e+01,4.620921734001947101e+01,6.449302708514807136e+01,2.970232112953227244e+01,2.938447280805896966e+01,1.550909150861679286e+01,3.799822699263268788e+01,4.414788093251500811e+01,5.223204311874121686e+01,5.145061643032750709e+01,2.682555922163316353e+01,3.830388369932529713e+01,4.044085382144495355e+01,5.641459392469177203e+01,6.973490567517826832e+01,4.527094789300080890e+01,3.309030744978247185e+01,7.246444220520315582e+01,2.636840460273724318e+01,5.808100170083856995e+01,2.223897485694753318e+00,4.693081013028835713e+01
4.307129193557356217e+01,4.826929988698649510e+01,6.113422665930484357e+01,0.000000000000000000e+00,2.457070637469584540e+01,3.227509649384752777e+01,2.019854195890199478e+01,2.874763335317313206e+01,1.222816985889757113e+01,6.187480552600442607e+00,9.285224481597762036e+00,3.407320489749353953e+01,4.374539300680072529e+01,2.588001615472970585e+01,9.300843287083356614e+00,1.580246994635271562e+01,5.308340320457119788e+01,4.562239450345784775e+01,2.723420665297281928e+01,1.645817069060381144e+01,3.192943277914029920e+01,5.360217260717666932e+01,3.823346104454208927e+01,4.404768640010407665e+01,2.161101190928788185e+01,2.350829211968140697e+01,1.902743442523479445e+01,3.619213389724266960e+01,3.488011815187803677e+01,3.135562124041119958e+01,9.866268987522145650e+00,1.468114552912761539e+01,1.380521443477572774e+01,1.161656555474749375e+01,4.521858604952102212e+01,4.672158762167237711e+01,2.213995363162800345e+01,1.893369507607295077e+01,5.264761514025586564e+00,2.793103864199702357e+01,4.327652041347240441e+01,3.717255856594142926e+01,3.187655461873854890e+01,4.564114518628518624e+01,2.354722716499908941e+01,1.757193201908199498e+01,2.469618921585106364e+01,1.376847863441369846e+01,4.182508619409674822e+01,2.753746033351472633e+01,3.780625725681094451e+01,9.574421395183652095e+00,8.784925387751439274e+00,2.228039992288528026e+01,2.866803319022103125e+01,1.252925361838909168e+01,3.554434885752439754e+01,8.448563995912204305e+00,5.945266308694002078e+01,1.954037207716701019e+01
3.029906057889347437e+01,3.692083252558926176e+01,4.693296896108423510e+01,2.457070637469584540e+01,0.000000000000000000e+00,3.788818390910132905e+01,2.810244481071417866e+01,4.232260279258713176e+00,1.244205043981415670e+01,2.738929989094281225e+01,1.647007576012654795e+01,1.051746362634527721e+01,2.241901684423906005e+01,2.116615084297669824e+01,2.937156582696108131e+01,2.551993815796994980e+01,4.345135789957625860e+01,3.360747838074963312e+01,3.099727568229748087e+01,9.295773249826613238e+00,3.094764955720890498e+01,4.260345162697962706e+01,1.366312310378733130e+01,1.958146556934329041e+01,2.414215726147345364e+01,3.442959643796881153e+01,5.879258568278972419e+00,2.042740608207290620e+01,1.103380764704436601e+01,8.131138110540293340e+00,1.665669671867466661e+01,1.337933679634721784e+01,1.686396673064731999e+01,1.560740797411997960e+01,4.529594468846987354e+01,5.012429566370875023e+01,1.303527894461451808e+01,2.068950580927371874e+01,2.907935748166448420e+01,3.732448729735390458e+01,2.500037773569716038e+01,1.758031143181699818e+01,2.397677197308397012e+01,3.270300898205409368e+01,1.497736350161752483e+01,2.107993350286214351e+01,5.559743714236905276e+00,1.088216811029938924e+01,2.160364743610503879e+01,3.018190089354116878e+01,4.318423576498473437e+01,1.532762778852568886e+01,3.024647271869480036e+01,3.057385038244835584e+01,2.419193403292818445e+01,3.078965004008943396e+01,2.832646669610809553e+01,1.691450725338892624e+01,4.483102156379884207e+01,5.879258568278970642e+00
2.719541340708453347e+01,2.800182120191735891e+01,4.074289227600362295e+01,3.227509649384752777e+01,3.788818390910132905e+01,0.000000000000000000e+00,1.230661205756091370e+01,3.969152547994175251e+01,3.402936666887428885e+01,2.699588090774166460e+01,2.861657025274631039e+01,4.747361554486458601e+01,4.036177053656143698e+01,1.755885983230527714e+01,4.134327734122959441e+01,1.673443817503803288e+01,2.907652386744092610e+01,2.739924050850154558e+01,6.893246145263056235e+00,3.757243722078494130e+01,9.767343489969915638e+00,3.106617005100397577e+01,4.674283883090954106e+01,4.932897628192730366e+01,1.399097457804675138e+01,9.783936965475472647e+00,3.677017603283436387e+01,2.897829085585522790e+01,4.079175234892747426e+01,4.564355456512437570e+01,2.753766552743880780e+01,3.973509640792941866e+01,2.368587753974087207e+01,2.684250855815201930e+01,1.399097457804675670e+01,1.445533365701594519e+01,2.496636075338848570e+01,4.795021055310531466e+01,3.599445777262511825e+01,6.031316790042093423e+00,6.288717964327955912e+01,3.445905392013798263e+01,1.888702438384964566e+01,2.864340431673008069e+01,2.332782992132498379e+01,1.800933342304531593e+01,4.242948658553680019e+01,3.241793136025277988e+01,3.742245144099276644e+01,7.774079288088705297e+00,5.723195628646194244e+00,3.434000288566581816e+01,4.039690523014229484e+01,1.000753868562642346e+01,1.566063945909713695e+01,4.466410094098075945e+01,1.780881607129163768e+01,3.513329724475403992e+01,4.000793209716646004e+01,3.293898850957835123e+01
2.858619150867719583e+01,3.201391238352017865e+01,4.540464701356564348e+01,2.019854195890199478e+01,2.810244481071417866e+01,1.230661205756091370e+01,0.000000000000000000e+00,3.075319602365964045e+01,2.216034247121718082e+01,1.544216797319041667e+01,1.648857406952841487e+01,3.838336019060935200e+01,3.675098252513216579e+01,1.228160869213727047e+01,2.941650157852225433e+01,4.447794971389528840e+00,3.539971125411327080e+01,3.016459175050705710e+01,7.203670553819808475e+00,2.606315143254613886e+01,1.290797859044300822e+01,3.658147620805439715e+01,3.910673024148567833e+01,4.294864891629295300e+01,5.434408296146895800e+00,6.374303933532546651e+00,2.581975008775349778e+01,2.593275986439822844e+01,3.359045054248618811e+01,3.619767056788999326e+01,1.544310411364530111e+01,2.778957734786013489e+01,1.209551476463478537e+01,1.497319497785458964e+01,2.505922817609607733e+01,2.672130897603716448e+01,1.637208339783948929e+01,3.575872890249581815e+01,2.431789072297596022e+01,9.491519947081357600e+00,5.271348379991613342e+01,3.000484347531569540e+01,1.723272823974211576e+01,3.080144395062820095e+01,1.559860617655994375e+01,7.022511917878686560e+00,3.191374242520629778e+01,2.084982535510013335e+01,3.400891499691829267e+01,7.818033057074313064e+00,1.799732915764372265e+01,2.219238336238498377e+01,2.861578114347145174e+01,2.605837590694957129e+00,1.301477476438143377e+01,3.270078770042062644e+01,1.913653581401602821e+01,2.289333519208545908e+01,4.413423172332635858e+01,2.254764851894545785e+01
2.891066731403189749e+01,3.558235977111618098e+01,4.471412658325915146e+01,2.874763335317313206e+01,4.232260279258713176e+00,3.969152547994175251e+01,3.075319602365964045e+01,0.000000000000000000e+00,1.666259573285192985e+01,3.134795850943604023e+01,2.043309699970665960e+01,7.783434845052239481e+00,1.900219348390851692e+01,2.239756501249043907e+01,3.357613458240165016e+01,2.858619150867719583e+01,4.227597699110601326e+01,3.224651354257403568e+01,3.286056143840182386e+01,1.344917512109634927e+01,3.201451710621841329e+01,4.116462604149734261e+01,9.534224454317707043e+00,1.535284234235000689e+01,2.635283238106811865e+01,3.712616469364539995e+01,1.009319199589632987e+01,1.890312862840547226e+01,7.032352943837113735e+00,6.190855888069188850e+00,2.052366300199798488e+01,1.740991189790706883e+01,2.017864761834064424e+01,1.933375828760999227e+01,4.592328061225813940e+01,5.118789457091545358e+01,1.478715243147795810e+01,2.414622761874540302e+01,3.330164790994081869e+01,3.970114489450979534e+01,2.377171235541676353e+01,1.502147161810601261e+01,2.419331844318788427e+01,3.116432067613855494e+01,1.637428097049025411e+01,2.378829657217611171e+01,7.822216904854180974e+00,1.500699643064974964e+01,1.857345502195574127e+01,3.191920972414244417e+01,4.476056065115570703e+01,1.955630894547248744e+01,3.446928014838338328e+01,3.311976422507074602e+01,2.512918759519141787e+01,3.492977331732255664e+01,2.833599016226876088e+01,2.114676743998236219e+01,4.256073019912021493e+01,9.590676963190176707e+00
3.614348989994446271e+01,4.220356601909153937e+01,5.405654751167243433e+01,1.222816985889757113e+01,1.244205043981415670e+01,3.402936666887428885e+01,2.216034247121718082e+01,1.666259573285192985e+01,0.000000000000000000e+00,1.594444286106055664e+01,6.034015196699224148e+00,2.188566578737978219e+01,3.314175717987642855e+01,2.130129822754269853e+01,1.739097548764012657e+01,1.824329294786136657e+01,4.798288496707672124e+01,3.914867243441498346e+01,2.753828185920779248e+01,4.645904615336193366e+00,3.005337439668791788e+01,4.786554705699556678e+01,2.607376045744067383e+01,3.201421956902988342e+01,2.042620330515971006e+01,2.772327796176150372e+01,6.799264566337224203e+00,2.758779130673430302e+01,2.312188827192277785e+01,1.917786683792846603e+01,6.894723305142564485e+00,5.723551486133676924e+00,1.037021092143546674e+01,7.204299011886255322e+00,4.466446540638622764e+01,4.795021055310531466e+01,1.440935404425565913e+01,1.445533365701594875e+01,1.663905252507901977e+01,3.156078678014138461e+01,3.252036098735890590e+01,2.707597643916239960e+01,2.646320978637815102e+01,3.874315192097126470e+01,1.649011353272438996e+01,1.609244358708688338e+01,1.268805616241033896e+01,2.606532461586807070e+00,3.163390487627915704e+01,2.723487119353223918e+01,3.973463509164543694e+01,2.937154067710748162e+00,1.806419854854162210e+01,2.475342729646198947e+01,2.461353686501104576e+01,1.931120241711355590e+01,3.078290878948632425e+01,4.644586021741734072e+00,5.214725120061115149e+01,8.124830998277248639e+00
4.110878819125041161e+01,4.572237733025620798e+01,5.891210549992774048e+01,6.187480552600442607e+00,2.738929989094281225e+01,2.699588090774166460e+01,1.544216797319041667e+01,3.134795850943604023e+01,1.594444286106055664e+01,0.000000000000000000e+00,1.092290122349933412e+01,3.753207465346329030e+01,4.422679522871598579e+01,2.354397758873374613e+01,1.445533365701594875e+01,1.138660226410315524e+01,4.996877739031216237e+01,4.334865923625815043e+01,2.264401066328479217e+01,2.055360800212112693e+01,2.798154646669021162e+01,5.078756201450337926e+01,4.086375883755768257e+01,4.626839497256337808e+01,1.808397114207113177e+01,1.779117988555809404e+01,2.244254331649069201e+01,3.543932186420071417e+01,3.678338317081161790e+01,3.487197464833680982e+01,1.086615576602891053e+01,1.973419149411876461e+01,1.300914157733993193e+01,1.227563906599067600e+01,4.040668384516904155e+01,4.134327734122958731e+01,2.181841301387631304e+01,2.497834722632516957e+01,8.998576869373785314e+00,2.223897485694761400e+01,4.819988722184499608e+01,3.741012879893528265e+01,2.955267031118850340e+01,4.359560048545974098e+01,2.270702328926279634e+01,1.477241252050296616e+01,2.860380042731372185e+01,1.664100908343725393e+01,4.200622009840600413e+01,2.316765117276936436e+01,3.236065204955274766e+01,1.392718078843208929e+01,1.341226253141573821e+01,1.716946864717416688e+01,2.587096579804752494e+01,1.779117988555809404e+01,3.272902570497602426e+01,1.336631630109346958e+01,5.738109665618944888e+01,2.177139017957475886e+01
3.448251407877071273e+01,4.005601402349585527e+01,5.258402034141776227e+01,9.285224481597762036e+00,1.647007576012654795e+01,2.861657025274631039e+01,1.648857406952841487e+01,2.043309699970665960e+01,6.034015196699224148e+00,1.092290122349933412e+01,0.000000000000000000e+00,2.669701830036997592e+01,3.447652732945709175e+01,1.801090503910283047e+01,1.720811616939125344e+01,1.237642089625337327e+01,4.533486343543743402e+01,3.722413394910726225e+01,2.240439712351562207e+01,1.053763806054414864e+01,2.571886670076675330e+01,4.556424124202897730e+01,2.995768683604218197e+01,3.545868368966837636e+01,1.556728239986333229e+01,2.180370640679345584e+01,1.175108914153964079e+01,2.707029930963062725e+01,2.606428928532011469e+01,2.406917787782526474e+01,1.111948742847380434e+00,1.138914432159108969e+01,5.723432650063963401e+00,2.606271505177645054e+00,4.003015474250570804e+01,4.279654505370660189e+01,1.302681170748791928e+01,1.933790917417190158e+01,1.449149273970756191e+01,2.575536786953481183e+01,3.839591473387621079e+01,2.788733542085006079e+01,2.376250088544482253e+01,3.708158931534148195e+01,1.463589093647050632e+01,1.111948742847380345e+01,1.808045203656983446e+01,5.874308287841259357e+00,3.253986346789924511e+01,2.228045064490883576e+01,3.433976586428666167e+01,5.723432650063966953e+00,1.729237757825185895e+01,1.904377642566550222e+01,2.113762690069173544e+01,1.990653391837901509e+01,2.779166582736098334e+01,6.671692457084285266e+00,5.081424558401015901e+01,1.087682011917512881e+01
3.489814241871582112e+01,4.150112994869753180e+01,4.922833459252098010e+01,3.407320489749353953e+01,1.051746362634527721e+01,4.747361554486458601e+01,3.838336019060935200e+01,7.783434845052239481e+00,2.188566578737978219e+01,3.753207465346329030e+01,2.669701830036997592e+01,0.000000000000000000e+00,2.181860825463902032e+01,3.013783712681795279e+01,3.731732891976304245e+01,3.598939313956812214e+01,4.829611237707418070e+01,3.819665162795486424e+01,4.064390888497489840e+01,1.769332521696155780e+01,3.968519600620476950e+01,4.688021532759650256e+01,6.900375304841350754e+00,1.304311505116591263e+01,3.409972593110276762e+01,4.474531295028205591e+01,1.513737049940711366e+01,2.506198777175493930e+01,1.000753868562642701e+01,2.723895680203102465e+00,2.699637709430003696e+01,2.068363797944846283e+01,2.737541200037745881e+01,2.605641325676612396e+01,5.337866463056401756e+01,5.881550330868113718e+01,2.256362431182538231e+01,2.497287884371985101e+01,3.808984961206390807e+01,4.742814599330922931e+01,1.649365681286668561e+01,2.006136717850500517e+01,3.157472121506950558e+01,3.692105543759416975e+01,2.415166541852526905e+01,3.138065307810946081e+01,9.595342152872813557e+00,2.089181394977281769e+01,2.240525108325698866e+01,3.970069192797487290e+01,5.252095639522047321e+01,2.451614939961057260e+01,3.847740848382232315e+01,4.079175234892747426e+01,3.279035342276428366e+01,3.805551718224543123e+01,3.555322631296422742e+01,2.584993821826996196e+01,4.701875121265323543e+01,1.639224651630632223e+01
1.722756502963962433e+01,2.278917282527030963e+01,2.779871857118451572e+01,4.374539300680072529e+01,2.241901684423906005e+01,4.036177053656143698e+01,3.675098252513216579e+01,1.900219348390851692e+01,3.314175717987642855e+01,4.422679522871598579e+01,3.447652732945709175e+01,2.181860825463902032e+01,0.000000000000000000e+00,2.460370225108532694e+01,5.050477452117802102e+01,3.688531085156161282e+01,2.936748792975671307e+01,1.992334879970663053e+01,3.489642959910013076e+01,3.133617653905758260e+01,3.066835042945349699e+01,2.729460316920465957e+01,1.562681179185817015e+01,1.289685975335310886e+01,3.131949385877530290e+01,4.239983933156624829e+01,2.782847968761007351e+01,1.139609345097168003e+01,1.238319160860866042e+01,2.265305065620807667e+01,3.402528745699005697e+01,3.559929835771080775e+01,3.123425756589871582e+01,3.234277904070604137e+01,4.041962071962026926e+01,4.715713471022488079e+01,2.248143410646344620e+01,4.305618193797182869e+01,4.887597186838896590e+01,4.309402528965222956e+01,3.669430851396355564e+01,6.902001589825006000e+00,2.148505271167840291e+01,1.825552436734261619e+01,2.203705968081358790e+01,3.147700963598071411e+01,2.681394352642393741e+01,3.077457833701162926e+01,2.943360951263545466e+00,3.357334142744023353e+01,4.374539300680072529e+01,3.601458936931069843e+01,5.105362188192182060e+01,3.823812848373801643e+01,2.512582724212634488e+01,5.241492745872584180e+01,2.325379561391368455e+01,3.776275278616505915e+01,2.557482108548976285e+01,2.502104476070777395e+01
1.757179095711179784e+01,2.239756501249043552e+01,3.541846860026549138e+01,2.588001615472970585e+01,2.116615084297669824e+01,1.755885983230527714e+01,1.228160869213727047e+01,2.239756501249043907e+01,2.130129822754269853e+01,2.354397758873374613e+01,1.801090503910283047e+01,3.013783712681795279e+01,2.460370225108532694e+01,0.000000000000000000e+00,3.483297395113554984e+01,1.343548407122194810e+01,2.735625658580777753e+01,1.985148628954786787e+01,1.101964619831592884e+01,2.339048594375195478e+01,9.786017786623364856e+00,2.773615478422588154e+01,2.918901834594343114e+01,3.203850411871992065e+01,6.887116872997638417e+00,1.780236836515247845e+01,2.151739114322338153e+01,1.365141995453838675e+01,2.326090098613562418e+01,2.849405368848804443e+01,1.698635423311027992e+01,2.672138524318260622e+01,1.237788494669421624e+01,1.544427745856925327e+01,2.431998317801786058e+01,2.896104334262437519e+01,8.245166966300962130e+00,3.568610935131466277e+01,3.098724208817329284e+01,1.888094488164237461e+01,4.598938141207187869e+01,1.800290315813346709e+01,6.035707853442915827e+00,2.005179718176739101e+01,6.189382694655723327e+00,8.781042021514627649e+00,2.625090080012527949e+01,1.895196605595246098e+01,2.180611551703930928e+01,9.870398016759457605e+00,2.239689164270720312e+01,2.289412670903960390e+01,3.460641174004137355e+01,1.363477128320370824e+01,3.335846228542140857e+00,3.774606741674668342e+01,9.786644451223628138e+00,2.431998317801786058e+01,3.384763030696011299e+01,1.717101163870566438e+01
5.167612080915078110e+01,5.713062108105848580e+01,6.977849605741577932e+01,9.300843287083356614e+00,2.937156582696108131e+01,4.134327734122959441e+01,2.941650157852225433e+01,3.357613458240165016e+01,1.739097548764012657e+01,1.445533365701594875e+01,1.720811616939125344e+01,3.731732891976304245e+01,5.050477452117802102e+01,3.483297395113554984e+01,0.000000000000000000e+00,2.505865127713354568e+01,6.215411387276008526e+01,5.436944724230913550e+01,3.650348357861520299e+01,2.015879986054475737e+01,4.122088763778587150e+01,6.255784868925534425e+01,4.259705502872585470e+01,4.880438735039609810e+01,3.088527198640536042e+01,3.224651354257404279e+01,2.349230769368211469e+01,4.412606834911560583e+01,4.032701710982153287e+01,3.464074228111872600e+01,1.808397114207112821e+01,1.664100908343725393e+01,2.251184480254337217e+01,1.979381635230687664e+01,5.446841356799539113e+01,5.574647001303311811e+01,3.016670480517820252e+01,1.594444286106055664e+01,5.723077442421510064e+00,3.669430851396356275e+01,4.309402528965222245e+01,4.429552336083713726e+01,4.075495352472334787e+01,5.427116856458968641e+01,3.184164253563611169e+01,2.676761969963000709e+01,2.774809234206052366e+01,1.973419149411876461e+01,4.890186643025705848e+01,3.683060080039960127e+01,4.678072997800123289e+01,1.449275525222965122e+01,1.754792081893765898e+00,3.139992081809608848e+01,3.774606741674668342e+01,3.335846228542142633e+00,4.458008253218477535e+01,1.275087531793479201e+01,6.801983703830592276e+01,2.551083929062753697e+01
3.075319602365964045e+01,3.482567942081139734e+01,4.815349843805981322e+01,1.580246994635271562e+01,2.551993815796994980e+01,1.673443817503803288e+01,4.447794971389528840e+00,2.858619150867719583e+01,1.824329294786136657e+01,1.138660226410315524e+01,1.237642089625337327e+01,3.598939313956812214e+01,3.688531085156161282e+01,1.343548407122194810e+01,2.505865127713354568e+01,0.000000000000000000e+00,3.873532700544257068e+01,3.268280337325582252e+01,1.144658856944034575e+01,2.238843321065969860e+01,1.659583537766881278e+01,3.969381517126648617e+01,3.742656315348049390e+01,4.178124032622059048e+01,7.022511917878686560e+00,9.491519947081362929e+00,2.254764851894545430e+01,2.668471087344923021e+01,3.223810489410598024e+01,3.364855767449517288e+01,1.138787179737898470e+01,2.376005825000778060e+01,8.778462111622125974e+00,1.119295167984120809e+01,2.941699301546409018e+01,3.116417486137853032e+01,1.511553355230226359e+01,3.149341091662157410e+01,2.008537896563517222e+01,1.338326983175913121e+01,4.962041205596476345e+01,3.000484347531569540e+01,1.913653581401603176e+01,3.312250821194063377e+01,1.495104125283239327e+01,5.434408296146895800e+00,2.881925735616711037e+01,1.721148037170395995e+01,3.429853028010284532e+01,1.184285275225435541e+01,2.240423571060245678e+01,1.800964736992813187e+01,2.431789072297595666e+01,6.808535067407292196e+00,1.512392153147237472e+01,2.832441764231858983e+01,2.179478936701309166e+01,1.860265774693274565e+01,4.674638992583793851e+01,1.974079970742815604e+01
1.341265155801393405e+01,6.809168898694439420e+00,1.230861866500381829e+01,5.308340320457119788e+01,4.345135789957625860e+01,2.907652386744092610e+01,3.539971125411327080e+01,4.227597699110601326e+01,4.798288496707672124e+01,4.996877739031216237e+01,4.533486343543743402e+01,4.829611237707418070e+01,2.936748792975671307e+01,2.735625658580777753e+01,6.215411387276008526e+01,3.873532700544257068e+01,0.000000000000000000e+00,1.009970947073933445e+01,2.882329241057479052e+01,4.903711814902804633e+01,2.255635055625484497e+01,2.941181318831257663e+00,4.363620845925350977e+01,4.221214033104783425e+01,3.188492805488309045e+01,3.726979243115753349e+01,4.631522611940501832e+01,2.339057361016388370e+01,3.841443057084288171e+01,4.798794540854558477e+01,4.432821282455691403e+01,5.292792435907077930e+01,3.973377698332075170e+01,4.274687666614912018e+01,1.907389822550648262e+01,2.585797264390463113e+01,3.362380032266095498e+01,6.188172838619455973e+01,5.806235662987996449e+01,3.479930325299496729e+01,6.455560978928646421e+01,2.832724027930609623e+01,2.161630522019785161e+01,1.144801809115923774e+01,3.149729809659155322e+01,3.555185843818920688e+01,4.900141789893240940e+01,4.544985503784577929e+01,2.729378080602764456e+01,2.781188515903322767e+01,2.828416385209667183e+01,4.993727303661037809e+01,6.185663666809146832e+01,3.482332482991340328e+01,2.441892470118222036e+01,6.509817327194480185e+01,1.757844164061789982e+01,5.146587457660949383e+01,1.230861866500381829e+01,4.194441569976886797e+01
3.335846228542140857e+00,3.335846228542140857e+00,1.556875321131360579e+01,4.562239450345784775e+01,3.360747838074963312e+01,2.739924050850154558e+01,3.016459175050705710e+01,3.224651354257403568e+01,3.914867243441498346e+01,4.334865923625815043e+01,3.722413394910726225e+01,3.819665162795486424e+01,1.992334879970663053e+01,1.985148628954786787e+01,5.436944724230913550e+01,3.268280337325582252e+01,1.009970947073933445e+01,0.000000000000000000e+00,2.477261361894602132e+01,3.974018934325918195e+01,1.853797108212500788e+01,8.999182094328938675e+00,3.362646385804966798e+01,3.256391534307888946e+01,2.566350140393543100e+01,3.357613458240165016e+01,3.683543106150237634e+01,1.334338491416856343e+01,2.832736948640122776e+01,3.790420866113701948e+01,3.629920795129677913e+01,4.377951794004037822e+01,3.188632642713896459e+01,3.461925799328867015e+01,2.225772997011989318e+01,2.938083577868778207e+01,2.476047352486222053e+01,5.263349684472535728e+01,5.078498824955649837e+01,3.222318812612615346e+01,5.447456113972265257e+01,1.825415076518744684e+01,1.381649322910326383e+01,1.757893040983622868e+00,2.278403758478055963e+01,2.858108369481359645e+01,3.913185857196809536e+01,3.656173570702979703e+01,1.758171667550517014e+01,2.350961158506023807e+01,2.863990700709192083e+01,4.134172972652678624e+01,5.426876001436437491e+01,3.029251444416416206e+01,1.757179095711179784e+01,5.713062108105848580e+01,1.102975089353987315e+01,4.296030855057807685e+01,1.406679054770037141e+01,3.255926565317352583e+01
2.377943681527203523e+01,2.615643125307087047e+01,3.946870976625553595e+01,2.723420665297281928e+01,3.099727568229748087e+01,6.893246145263056235e+00,7.203670553819808475e+00,3.286056143840182386e+01,2.753828185920779248e+01,2.264401066328479217e+01,2.240439712351562207e+01,4.064390888497489840e+01,3.489642959910013076e+01,1.101964619831592884e+01,3.650348357861520299e+01,1.144658856944034575e+01,2.882329241057479052e+01,2.477261361894602132e+01,0.000000000000000000e+00,3.088808547854234732e+01,6.377707018256435489e+00,3.026365344106273980e+01,4.014457949185644736e+01,4.304302525643581845e+01,7.203921711273814310e+00,8.804990434609283767e+00,2.994979518335255264e+01,2.354429326165973890e+01,3.425534873343945463e+01,3.877779380017857846e+01,2.130108542319193887e+01,3.326161937943324176e+01,1.717017927841469316e+01,2.042600369916172198e+01,1.799753009444723162e+01,2.042570474741141240e+01,1.810306154908657206e+01,4.169947197610576239e+01,3.149165255249438644e+01,8.224136216029135582e+00,5.599521175232280967e+01,2.862285225092572816e+01,1.363975724347182705e+01,2.568944740958308870e+01,1.653232945335721382e+01,1.144674663178293805e+01,3.554935233405412021e+01,2.578623298086199966e+01,3.199536660532183063e+01,1.358685265881009352e+00,1.237583648963456895e+01,2.809603280075052822e+01,3.575718028656672942e+01,6.032327275497007868e+00,9.770750851134291537e+00,3.976212701459673582e+01,1.399765757955955969e+01,2.903810758852717555e+01,3.838882402673940675e+01,2.606489114387533235e+01
3.658112625012680041e+01,4.292600890450244577e+01,5.412331494532442377e+01,1.645817069060381144e+01,9.295773249826613238e+00,3.757243722078494130e+01,2.606315143254613886e+01,1.344917512109634927e+01,4.645904615336193366e+00,2.055360800212112693e+01,1.053763806054414864e+01,1.769332521696155780e+01,3.133617653905758260e+01,2.339048594375195478e+01,2.015879986054475737e+01,2.238843321065969860e+01,4.903711814902804633e+01,3.974018934325918195e+01,3.088808547854234732e+01,0.000000000000000000e+00,3.270189493677326453e+01,4.864394053480544500e+01,2.247883228110192633e+01,2.864834474243634332e+01,2.368759883021201418e+01,3.187376986066121987e+01,3.513580337913489338e+00,2.735693119709039323e+01,2.032743436288695449e+01,1.496942953675845622e+01,1.127454681937978975e+01,4.303923833344268424e+00,1.399340282330232377e+01,1.119548177579566506e+01,4.740878470818424972e+01,5.115864829392679525e+01,1.562657785940730371e+01,1.289367055888380342e+01,2.041060191935940793e+01,3.554185147786155596e+01,2.789166558271850604e+01,2.583243046286067468e+01,2.793149263759478984e+01,3.913620697279918659e+01,1.784308650428256371e+01,1.957182713426112741e+01,8.238018585278501504e+00,5.213326232863999543e+00,3.019043533655185385e+01,3.043633938556047269e+01,4.322428658940622626e+01,6.887940313970569939e+00,2.112503232830271216e+01,2.866898891667523586e+01,2.672139374344160601e+01,2.149457052652816813e+01,3.236104390181972690e+01,8.156613001308404165e+00,5.212165825753206150e+01,7.204929354685453369e+00
1.782389805010637573e+01,1.979588699967187537e+01,3.309231736980267868e+01,3.192943277914029920e+01,3.094764955720890498e+01,9.767343489969915638e+00,1.290797859044300822e+01,3.201451710621841329e+01,3.005337439668791788e+01,2.798154646669021162e+01,2.571886670076675330e+01,3.968519600620476950e+01,3.066835042945349699e+01,9.786017786623364856e+00,4.122088763778587150e+01,1.659583537766881278e+01,2.255635055625484497e+01,1.853797108212500788e+01,6.377707018256435489e+00,3.270189493677326453e+01,0.000000000000000000e+00,2.391050483696000839e+01,3.811887887412987652e+01,4.015766992231338151e+01,1.037012349788116694e+01,1.513427565683411302e+01,3.111142070667779791e+01,1.932176731054848418e+01,3.208814655113985026e+01,3.816172854744471721e+01,2.461342629682862437e+01,3.568608391521230772e+01,2.006117410491748743e+01,2.339044713668459963e+01,1.470868117652482887e+01,1.920031328744791210e+01,1.801153500440609179e+01,4.449871738017292699e+01,3.655197418376042862e+01,1.376519304049186943e+01,5.570515056811904486e+01,2.497054239010867249e+01,9.292249652082769984e+00,1.955859019791936859e+01,1.597420773743202638e+01,1.470868117652482887e+01,3.602464801998455357e+01,2.793136252534677411e+01,2.772542588539845099e+01,5.267850692436151228e+00,1.336848058038485298e+01,3.116421841726425157e+01,4.065184987734969013e+01,1.228984740155270572e+01,6.895315355952469361e+00,4.438400330207516475e+01,8.158616518081631241e+00,3.236087555163501150e+01,3.202907099070205277e+01,2.684463628071585006e+01
1.230698130127462164e+01,5.724029009781100186e+00,9.791302703748094416e+00,5.360217260717666932e+01,4.260345162697962706e+01,3.106617005100397577e+01,3.658147620805439715e+01,4.116462604149734261e+01,4.786554705699556678e+01,5.078756201450337926e+01,4.556424124202897730e+01,4.688021532759650256e+01,2.729460316920465957e+01,2.773615478422588154e+01,6.255784868925534425e+01,3.969381517126648617e+01,2.941181318831257663e+00,8.999182094328938675e+00,3.026365344106273980e+01,4.864394053480544500e+01,2.391050483696000839e+01,0.000000000000000000e+00,4.194598490777345035e+01,4.018632700227016841e+01,3.274322700201187075e+01,3.887288167310288856e+01,4.579111538048040586e+01,2.228061400915080270e+01,3.692105543759416975e+01,4.672169460925576345e+01,4.459050963472724760e+01,5.263411999778223560e+01,4.005729223761144908e+01,4.296150035461728578e+01,2.176434679132048089e+01,2.864340431673008069e+01,3.345695173567800396e+01,6.153011029723398906e+01,5.866297705790032069e+01,3.664623375815249773e+01,6.299498702026264141e+01,2.682538835457181037e+01,2.181436473928862796e+01,1.000753868562643056e+01,3.139798048788714269e+01,3.618720044153035076e+01,4.812284533622196392e+01,4.529883832988098646e+01,2.539311720220086954e+01,2.917547592514967647e+01,3.064990012544385323e+01,4.994813576348683881e+01,6.234147639986474587e+01,3.619490148505366989e+01,2.499263834468684919e+01,6.542709029617294902e+01,1.809682038846422714e+01,5.152425955903406418e+01,9.535401858838740807e+00,4.148435278205059262e+01
3.044220952046585538e+01,3.683755913231028245e+01,4.338740607229228630e+01,3.823346104454208927e+01,1.366312310378733130e+01,4.674283883090954106e+01,3.910673024148567833e+01,9.534224454317707043e+00,2.607376045744067383e+01,4.086375883755768257e+01,2.995768683604218197e+01,6.900375304841350754e+00,1.562681179185817015e+01,2.918901834594343114e+01,4.259705502872585470e+01,3.742656315348049390e+01,4.363620845925350977e+01,3.362646385804966798e+01,4.014457949185644736e+01,2.247883228110192633e+01,3.811887887412987652e+01,4.194598490777345035e+01,0.000000000000000000e+00,6.391427525188680292e+00,3.426986025754447240e+01,4.544782050312679189e+01,1.934993497410445329e+01,2.117143613190546603e+01,6.040472604621720087e+00,8.792069358105491617e+00,3.001953181824351091e+01,2.606491904451590358e+01,2.934646475304948154e+01,2.877205907335341806e+01,5.088122688928755366e+01,5.683024140060179974e+01,2.274080023398307659e+01,3.138852013159914733e+01,4.268533554827637744e+01,4.757450146412057990e+01,2.117092813003096197e+01,1.544829332352717621e+01,2.928931744048570707e+01,3.218934755399731529e+01,2.380338622025697148e+01,3.233936612509217667e+01,1.516429962723114677e+01,2.452518938507542146e+01,1.673479183935214465e+01,3.904739035287022375e+01,5.137001956240462164e+01,2.892207449972387678e+01,4.360240121024321525e+01,4.130852901486320405e+01,3.133406999905069057e+01,4.367197439576425921e+01,3.279444765981335053e+01,3.044892971399244175e+01,4.116466500119447858e+01,1.909263060576807547e+01
2.964208783947897885e+01,3.555867733170045142e+01,4.023846728434752862e+01,4.404768640010407665e+01,1.958146556934329041e+01,4.932897628192730366e+01,4.294864891629295300e+01,1.535284234235000689e+01,3.201421956902988342e+01,4.626839497256337808e+01,3.545868368966837636e+01,1.304311505116591263e+01,1.289685975335310886e+01,3.203850411871992065e+01,4.880438735039609810e+01,4.178124032622059048e+01,4.221214033104783425e+01,3.256391534307888946e+01,4.304302525643581845e+01,2.864834474243634332e+01,4.015766992231338151e+01,4.018632700227016841e+01,6.391427525188680292e+00,0.000000000000000000e+00,3.782087320441895173e+01,4.917036398932165042e+01,2.540378619349130673e+01,2.160838215243499150e+01,9.603528508553454301e+00,1.514954123236729444e+01,3.540634066073186403e+01,3.235302826338915594e+01,3.419296799572028078e+01,3.402985733581427752e+01,5.178499412711413186e+01,5.815229760015580496e+01,2.671861577540977706e+01,3.777234447049869459e+01,4.865291419732157152e+01,5.085154054457231609e+01,2.480227981329482745e+01,1.557158103259160598e+01,3.095430736851895048e+01,3.095798030177577331e+01,2.735880971720320787e+01,3.648978006794705209e+01,2.153605684149650301e+01,3.028024582307864065e+01,1.498270826374635512e+01,4.184493763289953705e+01,5.352614615520509034e+01,3.490868460175986598e+01,4.975853595598733392e+01,4.496239216039588626e+01,3.367543847895468900e+01,4.996855226312296594e+01,3.385419480191733754e+01,3.648978006794705209e+01,3.802675437705307360e+01,2.461273233002755134e+01
2.378829657217611171e+01,2.781372493814418689e+01,4.113220088244475647e+01,2.161101190928788185e+01,2.414215726147345364e+01,1.399097457804675138e+01,5.434408296146895800e+00,2.635283238106811865e+01,2.042620330515971006e+01,1.808397114207113177e+01,1.556728239986333229e+01,3.409972593110276762e+01,3.131949385877530290e+01,6.887116872997638417e+00,3.088527198640536042e+01,7.022511917878686560e+00,3.188492805488309045e+01,2.566350140393543100e+01,7.203921711273814310e+00,2.368759883021201418e+01,1.037012349788116694e+01,3.274322700201187075e+01,3.426986025754447240e+01,3.782087320441895173e+01,0.000000000000000000e+00,1.136667106905457025e+01,2.277956404504113763e+01,2.052366300199798488e+01,2.859768061751649171e+01,3.208404348208664203e+01,1.445533365701595230e+01,2.614638122931226505e+01,1.009939412421017657e+01,1.341241410408591683e+01,2.446287234264237398e+01,2.753766552743880069e+01,1.162229680718006364e+01,3.471074323238087800e+01,2.635685725687314118e+01,1.336631630109346780e+01,4.908143593387742243e+01,2.458868186654617460e+01,1.221539872754424749e+01,2.612744653402854311e+01,1.050472193538651133e+01,4.447794971389528840e+00,2.848830125649634937e+01,1.860343676727523032e+01,2.857450670077139421e+01,6.808667894249635033e+00,1.956932792117376607e+01,2.117069114501684979e+01,3.036753275614669434e+01,7.147381258707675045e+00,8.122735310418947918e+00,3.402809099527939196e+01,1.478025867328452136e+01,2.223897485694761755e+01,3.972538720787452604e+01,1.899066868812121101e+01
3.250969552475869762e+01,3.492977331732254953e+01,4.819988722184499608e+01,2.350829211968140697e+01,3.442959643796881153e+01,9.783936965475472647e+00,6.374303933532546651e+00,3.712616469364539995e+01,2.772327796176150372e+01,1.779117988555809404e+01,2.180370640679345584e+01,4.474531295028205591e+01,4.239983933156624829e+01,1.780236836515247845e+01,3.224651354257404279e+01,9.491519947081362929e+00,3.726979243115753349e+01,3.357613458240165016e+01,8.804990434609283767e+00,3.187376986066121987e+01,1.513427565683411302e+01,3.887288167310288856e+01,4.544782050312679189e+01,4.917036398932165042e+01,1.136667106905457025e+01,0.000000000000000000e+00,3.190646695120014797e+01,3.128873939117976022e+01,3.987996788841438445e+01,4.253870025165064561e+01,2.084704830070410964e+01,3.319069143294840529e+01,1.809698332428413181e+01,2.067973974651826907e+01,2.375762137835933530e+01,2.370357641955720140e+01,2.270702328926279989e+01,4.065252262467605959e+01,2.672127521497809255e+01,4.447794971389521734e+00,5.891210549992774048e+01,3.578855202586184703e+01,2.185641142483010313e+01,3.447307206816897462e+01,2.181841301387631660e+01,1.336631630109347135e+01,3.809500705244936114e+01,2.668607400275348951e+01,3.958148210818474411e+01,1.007554953824988253e+01,1.470818943842068727e+01,2.734752288095164729e+01,3.116414591341042239e+01,4.222597792952297091e+00,1.769788205939970638e+01,3.558235977111618809e+01,2.274353711687079738e+01,2.778749385400588778e+01,4.716264122863547215e+01,2.881120046590573835e+01
