0.000000000000000000e+00,1.722894113467707200e+01,4.322428658940622626e+01,4.548441580807848084e+01,3.513426430452040705e+01,4.065454328879123125e+01,1.933854324060828489e+01,2.239858255828085021e+01,1.513372197058132684e+01,1.769332521696155780e+01,1.463513140775901000e+01,2.682498041329005645e+01,3.867958719109882537e+01,1.764150281816176857e+01,9.786226550514466993e+00,3.116425483703087451e+01,1.138453969193195547e+01,5.700429054612322233e+01,1.451915530797343123e+01,1.888297035103840571e+01,3.489678399598079750e+01,1.899526665392696856e+01,1.653121860686212230e+01,3.471109648490853061e+01,2.878955793922181527e+01,5.441083394481334601e+00,1.008325050322891414e+01,4.829457913873089581e+01,1.597385247514698214e+01,7.025608650634034724e+00,3.298802038498975975e+01,1.859684548173065721e+01,2.030285496132476553e+01,2.396952192051862340e+01,1.139105873262050928e+01,2.325466177887886232e+01,2.891066731403189749e+01,2.228052191863942966e+01,3.554185147786154886e+01,3.513426430452040705e+01,1.009097885260692706e+01,2.144452659644771231e+01,4.579803509693154240e+01,3.974018934325918195e+01,2.066533670727331540e+01,2.397586139782695369e+01,4.172970377086866023e+01,2.067633188495800667e+01,3.537206419261491419e+01
1.722894113467707200e+01,0.000000000000000000e+00,4.558989845674260977e+01,5.049652266599145634e+01,4.114421470577343598e+01,4.338725916967654683e+01,3.184484351605316732e+01,3.794957879109108490e+01,3.223064277476513695e+01,3.445211636645409925e+01,1.800901966408005705e+01,3.499232658070677360e+01,4.245005248609417237e+01,3.485514394506444802e+01,1.893369507607294722e+01,4.072596104649853288e+01,2.728286228587202089e+01,7.163580228359735713e+01,2.498053894375450312e+01,1.755048954897129754e+00,4.147944661404977751e+01,3.443486731365247522e+01,1.716970523569429474e+01,4.492299215344463903e+01,4.577553109730818193e+01,2.244771187787686273e+01,7.146590640027661756e+00,5.421409272992043071e+01,2.215934198533586041e+01,1.477437082393570833e+01,5.000565082582935617e+01,3.569635415212198382e+01,1.562638947884187601e+01,4.114620219049545824e+01,2.674564076071597540e+01,2.938029729675568547e+01,3.813312076019960983e+01,3.293782597626770325e+01,3.568583041351229213e+01,4.114421470577343598e+01,2.731969886059913577e+01,1.289177546159528731e+01,4.783307275570331285e+01,5.192213972448473669e+01,1.036960007100542391e+01,3.088620868998792091e+01,4.338725396989637062e+01,3.662316384316953588e+01,3.471021579012267466e+01
4.322428658940622626e+01,4.558989845674260977e+01,0.000000000000000000e+00,8.118553926455710723e+00,1.101561914800195652e+01,2.605750959442909576e+00,2.936006075837325824e+01,3.727568778903637536e+01,4.906671326992890414e+01,5.252095639522047321e+01,2.969772251018390818e+01,1.904392829347685634e+01,5.265918384207659564e+00,4.666969074962830888e+01,3.344980214241078897e+01,1.978037275364264147e+01,5.118612013723936371e+01,4.944619059353686197e+01,2.962255014845968049e+01,4.672158279297927663e+01,1.220827395117139602e+01,3.657650855037144311e+01,2.919638181198639515e+01,2.113226645387316438e+01,5.798913694933298046e+01,4.555658357573721418e+01,4.389462470474231992e+01,1.228894565758610113e+01,2.728561138403612318e+01,3.720531587797636774e+01,6.055178453895150170e+01,4.510691913538805409e+01,3.005330666875362766e+01,4.849770250519940618e+01,3.707217950543186902e+01,2.017322970587796860e+01,1.973749384106700333e+01,2.507304743271673075e+01,1.036942601907749761e+01,1.101561914800195652e+01,4.487434347956178726e+01,3.360620254933558471e+01,2.605664378665280889e+00,2.863990700709192083e+01,5.566374755519036910e+01,1.990798719636980252e+01,2.605664378665279557e+00,3.864371903311306511e+01,1.184199495064379803e+01
4.548441580807848084e+01,5.049652266599145634e+01,8.118553926455710723e+00,0.000000000000000000e+00,1.037003612745527548e+01,8.604477837231518933e+00,2.896417454415567505e+01,3.531098975686388997e+01,4.883559133595942114e+01,5.214025571254066449e+01,3.335846228542142455e+01,1.904496507161310248e+01,8.244287007679066193e+00,4.579703040341786391e+01,3.599526152063343432e+01,1.721400853851152846e+01,5.198395681921731182e+01,4.226081526717338477e+01,3.111063293698856569e+01,5.179480803361307295e+01,1.080616543467805180e+01,3.538360310510847739e+01,3.346894387314299024e+01,1.688202487895967963e+01,5.608145137542598491e+01,4.692532733079236351e+01,4.781379594243736619e+01,4.302869833134276512e+00,3.014538594278075578e+01,4.023724232059490191e+01,5.816737982519263994e+01,4.397907721729227859e+01,3.542069284298910503e+01,4.655794558250777726e+01,3.757535855860875529e+01,2.240443753876375155e+01,1.824511857915650381e+01,2.475577047244207307e+01,1.730160395954394659e+01,1.037003612745527548e+01,4.533388050592260754e+01,3.933646558655770065e+01,8.447601141535015401e+00,2.276141025271154206e+01,6.018338691229277515e+01,2.151682163525073932e+01,1.053222318703413762e+01,3.702038625246006376e+01,1.898380147366070503e+01
3.513426430452040705e+01,4.114421470577343598e+01,1.101561914800195652e+01,1.037003612745527548e+01,0.000000000000000000e+00,8.807761474979423966e+00,1.899143391222479593e+01,2.635477521178243876e+01,3.890553911144347410e+01,4.228491915370184984e+01,2.350856124274476144e+01,8.787241350924791305e+00,5.872457146316865106e+00,3.616233134825050399e+01,2.571890195100797172e+01,8.813316322129734814e+00,4.173705540939960201e+01,4.133551861977109354e+01,2.074059683950416400e+01,4.255320131555178875e+01,1.359185156839899822e+00,2.588429984413651042e+01,2.397510512744232969e+01,1.087815612708823743e+01,4.713854433929218857e+01,3.657860678674369836e+01,3.790382443116509847e+01,1.334338491416856698e+01,2.001507737125285047e+01,3.005336685280634867e+01,4.960216269126905786e+01,3.448212475900453455e+01,2.676815993404838068e+01,3.761828859095636091e+01,2.735356213098824796e+01,1.223143617132118699e+01,8.781687874782267755e+00,1.470220069739710134e+01,1.300914157733993370e+01,0.000000000000000000e+00,3.515315458652857217e+01,3.093959248554215691e+01,1.336739815116050245e+01,1.933375828760999227e+01,5.049674653366220411e+01,1.120224910286148656e+01,1.136794322042709560e+01,2.781556573024632684e+01,1.467652476369983994e+01
4.065454328879123125e+01,4.338725916967654683e+01,2.605750959442909576e+00,8.604477837231518933e+00,8.807761474979423966e+00,0.000000000000000000e+00,2.682275861014323226e+01,3.487265709695821414e+01,4.648902197038390938e+01,4.994845367188040797e+01,2.723433939863675946e+01,1.652899874315628992e+01,2.935304344905742102e+00,4.413423672392779906e+01,3.088667746417399229e+01,1.762107765059247555e+01,4.858056194040680964e+01,4.845947076306176626e+01,2.701733130607128430e+01,4.456078971977986214e+01,1.007884660487781403e+01,3.408768578143943984e+01,2.682467642789280404e+01,1.931993730777740126e+01,5.553704349265972695e+01,4.295436004584301060e+01,4.149937635445857609e+01,1.290734762389091550e+01,2.473286123971740835e+01,3.468778293393888390e+01,5.815475726244456922e+01,4.259455846088736308e+01,2.793107094077427277e+01,4.606338080981107908e+01,3.447510280448288000e+01,1.757239521114715686e+01,1.739569839592828515e+01,2.254620098028465947e+01,8.785156369900276374e+00,8.807761474979423966e+00,4.227446248789615879e+01,3.160471149579638350e+01,5.211415336179210378e+00,2.719541340708453347e+01,5.339081760944274180e+01,1.730352420635276900e+01,2.715873652923852077e+00,3.619490148505366989e+01,1.042248453557102827e+01
1.933854324060828489e+01,3.184484351605316732e+01,2.936006075837325824e+01,2.896417454415567505e+01,1.899143391222479593e+01,2.682275861014323226e+01,0.000000000000000000e+00,9.591842394235463587e+00,1.991894066231287397e+01,2.329454026267036326e+01,1.566642919745204132e+01,1.033568734610626549e+01,2.413809374150606502e+01,1.731151233069479289e+01,1.291240539448171987e+01,1.253033828315026810e+01,2.325661820267766089e+01,3.988841161938135116e+01,7.027160803635706721e+00,3.356999325542687984e+01,1.824694740633416501e+01,7.578004856005874146e+00,1.807502581139847919e+01,1.556728239986332873e+01,2.904013566962469284e+01,1.895202605466871049e+01,2.606576176054428018e+01,3.088949603454124926e+01,1.175232576270864193e+01,1.730801777986400936e+01,3.205110448101495280e+01,1.581869965916930632e+01,2.349477588836861131e+01,1.980951485450765404e+01,8.999029951326466659e+00,1.137814355621276974e+01,1.080748875877940129e+01,4.304557670371687905e+00,2.563994682813640935e+01,1.899143391222479593e+01,1.649143825553572285e+01,2.734851576617029068e+01,3.190828429386415621e+01,2.059140647978327721e+01,3.873621145001555988e+01,1.050684007872721537e+01,2.881321303771305509e+01,1.009429940954852256e+01,2.642885003823795032e+01
2.239858255828085021e+01,3.794957879109108490e+01,3.727568778903637536e+01,3.531098975686388997e+01,2.635477521178243876e+01,3.487265709695821414e+01,9.591842394235463587e+00,0.000000000000000000e+00,1.562672379687443325e+01,1.825426358493406553e+01,2.406644539562536167e+01,1.859331451794632173e+01,3.201647516748040090e+01,1.144817789759306059e+01,1.979783080904915238e+01,1.811221728951953835e+01,2.130176870518960541e+01,3.463866748860159106e+01,1.533481396403465524e+01,3.970416945629325056e+01,2.531703619965418639e+01,3.515656065430970756e+00,2.668778541673628268e+01,1.920842945222497278e+01,2.082292203150381127e+01,1.957601237236810476e+01,3.132145504545685455e+01,3.630061844997129583e+01,2.067620117458935169e+01,2.325513903184177877e+01,2.328210733183174952e+01,9.303187460920206320e+00,3.222691451707573407e+01,1.128618806386498719e+01,1.128181053785677079e+01,2.088445127503064569e+01,1.757308793501652744e+01,1.303032517946605573e+01,3.484763590199899852e+01,2.635477521178243876e+01,1.502119767041484444e+01,3.576071581418199941e+01,3.970416945629325056e+01,2.006133295955322993e+01,4.304136712926199948e+01,1.984102619802278511e+01,3.712939901397369624e+01,2.223897485694756870e+00,3.576071581418199941e+01
1.513372197058132684e+01,3.223064277476513695e+01,4.906671326992890414e+01,4.883559133595942114e+01,3.890553911144347410e+01,4.648902197038390938e+01,1.991894066231287397e+01,1.562672379687443325e+01,0.000000000000000000e+00,3.516436790773950438e+00,2.605074992892551577e+01,3.018827119402880399e+01,4.391085736802939721e+01,4.651618327679534204e+00,2.018307054608768425e+01,3.195375899164959677e+01,6.898881958441403839e+00,4.787685319830741548e+01,2.040229137749190969e+01,3.382518000916442702e+01,3.816172854744471721e+01,1.395455993846359100e+01,2.861967293257730560e+01,3.403535046460049784e+01,1.367150733176202948e+01,9.784431523288757759e+00,2.510818196519489476e+01,5.051972069594950909e+01,2.496820715857971962e+01,2.052865339237636277e+01,1.785639329336598990e+01,6.809269652525266281e+00,3.354990838365402794e+01,1.034286245480497257e+01,1.230343246969401250e+01,2.957036793950804210e+01,3.059848859873019578e+01,2.420370532234750627e+01,4.391171028034423784e+01,3.890553911144347410e+01,5.558138356137710012e+00,3.562843789034598529e+01,5.164711580457574058e+01,3.568641580966056637e+01,3.364855767449516577e+01,2.937398717408515481e+01,4.828162807014125946e+01,1.341268564734030377e+01,4.429205786898334196e+01
1.769332521696155780e+01,3.445211636645409925e+01,5.252095639522047321e+01,5.214025571254066449e+01,4.228491915370184984e+01,4.994845367188040797e+01,2.329454026267036326e+01,1.825426358493406553e+01,3.516436790773950438e+00,0.000000000000000000e+00,2.939321785190121261e+01,3.359864125042929572e+01,4.735015733952950967e+01,6.809303278271234383e+00,2.351952736259974230e+01,3.515875404556425821e+01,7.581771453586336307e+00,4.904963493235960925e+01,2.391610889870678847e+01,3.598233420789563297e+01,4.151248466253586855e+01,1.699104674912739199e+01,3.192503912969016611e+01,3.706098447916519234e+01,1.140124530907420741e+01,1.225224182248022409e+01,2.741251767127229755e+01,5.372117118792503021e+01,2.843873806118977399e+01,2.355546701950521538e+01,1.563927860393243030e+01,8.999258376312559093e+00,3.674734990922598143e+01,1.080996113424914462e+01,1.581986915940972516e+01,3.308137170773385805e+01,3.389513891070222940e+01,2.759255086895828768e+01,4.742814599330922221e+01,4.228491915370184984e+01,8.824477266536105091e+00,3.865374100530038248e+01,5.509647742379065960e+01,3.819665162795486424e+01,3.494353471174891013e+01,3.286856825848888519e+01,5.176417663379715606e+01,1.609448162026530582e+01,4.780613870629542106e+01
1.463513140775901000e+01,1.800901966408005705e+01,2.969772251018390818e+01,3.335846228542142455e+01,2.350856124274476144e+01,2.723433939863675946e+01,1.566642919745204132e+01,2.406644539562536167e+01,2.605074992892551577e+01,2.939321785190121261e+01,0.000000000000000000e+00,1.698602055149383006e+01,2.571876108000779482e+01,2.622666174165000186e+01,5.873690925178667754e+00,2.277892647105048951e+01,2.500258697200887781e+01,5.520086153222993630e+01,8.811462812821215351e+00,1.956891225234225473e+01,2.370417713865604981e+01,2.087954894782758331e+01,2.717204065894242238e+00,2.702068774907417037e+01,3.889783515189553498e+01,1.863709567025408376e+01,1.445533365701594519e+01,3.679482431074181648e+01,4.302869833134280952e+00,7.818814558437647833e+00,4.272636501343392723e+01,2.594225560799001329e+01,8.225124620715728696e+00,3.131564290275195717e+01,1.499782532092357812e+01,1.144682573521608582e+01,2.017597958887434118e+01,1.555375098387117916e+01,2.115932655779221960e+01,2.350856124274476144e+01,2.056874115873504039e+01,1.173998795492506098e+01,3.218349530874424147e+01,3.443477893527083467e+01,2.699618203580344300e+01,1.289303733301139587e+01,2.790340353595291489e+01,2.354708461458062985e+01,2.084635504817459406e+01
2.682498041329005645e+01,3.499232658070677360e+01,1.904392829347685634e+01,1.904496507161310248e+01,8.787241350924791305e+00,1.652899874315628992e+01,1.033568734610626549e+01,1.859331451794632173e+01,3.018827119402880399e+01,3.359864125042929572e+01,1.698602055149383006e+01,0.000000000000000000e+00,1.380762390566001940e+01,2.763218268052476390e+01,1.784304831486798193e+01,6.035368942580743301e+00,3.296114011436888802e+01,4.067200299270722752e+01,1.230677765530180778e+01,3.655347103958791877e+01,8.244836484230653184e+00,1.757049468319715402e+01,1.824390113689884885e+01,1.033568734610626905e+01,3.906284946587634010e+01,2.790661992297017946e+01,3.078217158937071574e+01,2.151701123892447498e+01,1.289335375467659617e+01,2.240455893362722506e+01,4.181124858156589141e+01,2.606645889323944232e+01,2.239566901224609552e+01,2.963857681939311917e+01,1.856858915390293419e+01,6.034353348756334334e+00,3.513062813220035885e+00,6.035368942580740637e+00,1.664100908343725393e+01,8.787241350924791305e+00,2.636591353853556896e+01,2.669279826140387257e+01,2.158030399024081802e+01,1.864447672998096195e+01,4.363019671421826473e+01,4.303501874393229620e+00,1.862826453715149810e+01,1.975405844390434851e+01,1.780022125912055131e+01
3.867958719109882537e+01,4.245005248609417237e+01,5.265918384207659564e+00,8.244287007679066193e+00,5.872457146316865106e+00,2.935304344905742102e+00,2.413809374150606502e+01,3.201647516748040090e+01,4.391085736802939721e+01,4.735015733952950967e+01,2.571876108000779482e+01,1.380762390566001940e+01,0.000000000000000000e+00,4.143980467398590406e+01,2.896981417950511428e+01,1.468577338701198087e+01,4.622588870059734489e+01,4.602074665696007827e+01,2.475459819009460105e+01,4.370493270052199364e+01,7.148963695611275426e+00,3.131725929702236755e+01,2.557482108548975930e+01,1.646411879756481511e+01,5.272322093026285472e+01,4.072878339477321674e+01,4.012226921105864363e+01,1.237671335938727957e+01,2.289349330260448667e+01,3.295450800035861505e+01,5.529553262218571064e+01,3.985810696356811889e+01,2.723407398842266147e+01,4.323279553682904464e+01,3.200851766906835394e+01,1.544333850059975077e+01,1.449907784257850984e+01,1.984232498832560410e+01,9.519292867976286487e+00,5.872457146316865106e+00,3.982617968410542630e+01,3.110853922765479851e+01,7.773149445638562582e+00,2.450411690318314939e+01,5.227924068051365225e+01,1.497357281552902641e+01,5.545045729563842229e+00,3.337780164471170252e+01,1.126804367709965504e+01
1.764150281816176857e+01,3.485514394506444802e+01,4.666969074962830888e+01,4.579703040341786391e+01,3.616233134825050399e+01,4.413423672392779906e+01,1.731151233069479289e+01,1.144817789759306059e+01,4.651618327679534204e+00,6.809303278271234383e+00,2.622666174165000186e+01,2.763218268052476390e+01,4.143980467398590406e+01,0.000000000000000000e+00,2.053115044123612520e+01,2.868050120470899600e+01,1.139362182038406779e+01,4.324252241384554907e+01,1.932774488630080256e+01,3.652121838286259248e+01,3.530847930232946652e+01,1.043049893685313023e+01,2.890817906106914137e+01,3.037843285231502222e+01,1.270992264386733872e+01,1.277138020818614272e+01,2.771652461164132575e+01,4.719764966118805205e+01,2.440349410781200845e+01,2.188299971370445718e+01,1.650600424178613679e+01,2.223897485694760867e+00,3.415964492294318688e+01,6.389128699169799752e+00,1.138966822346517027e+01,2.787984461322976060e+01,2.759135995432705002e+01,2.159813203538656268e+01,4.236950954286922411e+01,3.616233134825050399e+01,7.581017354140381137e+00,3.671158381414506522e+01,4.921237444060412969e+01,3.140141817985749739e+01,3.728158948649135596e+01,2.742474626965727680e+01,4.609896524293640141e+01,9.303187460920209872e+00,4.292216663719279524e+01
9.786226550514466993e+00,1.893369507607294722e+01,3.344980214241078897e+01,3.599526152063343432e+01,2.571890195100797172e+01,3.088667746417399229e+01,1.291240539448171987e+01,1.979783080904915238e+01,2.018307054608768425e+01,2.351952736259974230e+01,5.873690925178667754e+00,1.784304831486798193e+01,2.896981417950511428e+01,2.053115044123612520e+01,0.000000000000000000e+00,2.289444399178529466e+01,1.932683210670387197e+01,5.273557661240976557e+01,6.189089102673928977e+00,2.066205021357992067e+01,2.561092171874184942e+01,1.638383009889722430e+01,8.451455461754260767e+00,2.684494097743451491e+01,3.314433245782739590e+01,1.302937458590055542e+01,1.338516177977505706e+01,3.901303887474789889e+01,6.188795858545242723e+00,4.650883554361390892e+00,3.703391463216774326e+01,2.041035076655447611e+01,1.363145141641650149e+01,2.588338355660321710e+01,9.584858458858928287e+00,1.361750215635787420e+01,2.042650317223094447e+01,1.440935404425565913e+01,2.587790061823990939e+01,2.571890195100797172e+01,1.469505042399654471e+01,1.645223142612390888e+01,3.601898171463606246e+01,3.320151970977547506e+01,2.624708706726920582e+01,1.451910840459459884e+01,3.194380569459493913e+01,1.890328184616574347e+01,2.581343683140812573e+01
3.116425483703087451e+01,4.072596104649853288e+01,1.978037275364264147e+01,1.721400853851152846e+01,8.813316322129734814e+00,1.762107765059247555e+01,1.253033828315026810e+01,1.811221728951953835e+01,3.195375899164959677e+01,3.515875404556425821e+01,2.277892647105048951e+01,6.035368942580743301e+00,1.468577338701198087e+01,2.868050120470899600e+01,2.289444399178529466e+01,0.000000000000000000e+00,3.576215246520488478e+01,3.498152592055127030e+01,1.689954021519158900e+01,4.232336891845016424e+01,7.572747966455367852e+00,1.825000256996855086e+01,2.419430742930887845e+01,4.304557670371687905e+00,3.891719280191696839e+01,3.140089495639211492e+01,3.614533725744002624e+01,1.856726759772181268e+01,1.856726759772181268e+01,2.753910538804084851e+01,4.115277096725992578e+01,2.680878641022090392e+01,2.843071756507275438e+01,2.938272276633819402e+01,2.151758144448085375e+01,1.206972224052862330e+01,2.606793874840013014e+00,8.895589942779047021e+00,2.041309643639429794e+01,8.813316322129734814e+00,2.897263663944704248e+01,3.272725502967411870e+01,2.203627621698026573e+01,1.276794919826086705e+01,4.903668184530584284e+01,1.033458814042672635e+01,2.016100069641828441e+01,1.980774534095700190e+01,2.185375982644157844e+01
1.138453969193195547e+01,2.728286228587202089e+01,5.118612013723936371e+01,5.198395681921731182e+01,4.173705540939960201e+01,4.858056194040680964e+01,2.325661820267766089e+01,2.130176870518960541e+01,6.898881958441403839e+00,7.581771453586336307e+00,2.500258697200887781e+01,3.296114011436888802e+01,4.622588870059734489e+01,1.139362182038406779e+01,1.932683210670387197e+01,3.576215246520488478e+01,0.000000000000000000e+00,5.458109350733907661e+01,2.159765572594444549e+01,2.874415087280383219e+01,4.117962793503280494e+01,1.890312862840547226e+01,2.726492561124491232e+01,3.841368734325488532e+01,1.892574422238897114e+01,6.384545568197911081e+00,2.040031088383728530e+01,5.411981707931364127e+01,2.508375546443174642e+01,1.808407419330160693e+01,2.314973164376702641e+01,1.338924263932530145e+01,3.151419141126250878e+01,1.722671413716486200e+01,1.441112323934459916e+01,3.109244570685834574e+01,3.403406395933500761e+01,2.729091031903434938e+01,4.480237082143647598e+01,4.173705540939960201e+01,6.809135355173157045e+00,3.282772600942694652e+01,5.379160883106334978e+01,4.116462048954824127e+01,2.736194646096814509e+01,3.128310011763873888e+01,5.007764989032066438e+01,1.909823000923291758e+01,4.491487949507499167e+01
5.700429054612322233e+01,7.163580228359735713e+01,4.944619059353686197e+01,4.226081526717338477e+01,4.133551861977109354e+01,4.845947076306176626e+01,3.988841161938135116e+01,3.463866748860159106e+01,4.787685319830741548e+01,4.904963493235960925e+01,5.520086153222993630e+01,4.067200299270722752e+01,4.602074665696007827e+01,4.324252241384554907e+01,5.273557661240976557e+01,3.498152592055127030e+01,5.458109350733907661e+01,0.000000000000000000e+00,4.689362331202330125e+01,7.337606028258862523e+01,4.003922189187932901e+01,3.800902695567899769e+01,5.730499645930484576e+01,3.111148755894489071e+01,4.355855338835843327e+01,5.406839527198482642e+01,6.545839557021706412e+01,3.950004428806452239e+01,5.097896335159973802e+01,5.691165248521200226e+01,4.225405222820046447e+01,4.119242095059664166e+01,6.230396267035860092e+01,3.828081868063233628e+01,4.570340373267267609e+01,4.644834972315761235e+01,3.721495251284447647e+01,3.974668536702806421e+01,5.433300840261553333e+01,4.133551861977109354e+01,4.916442996620372696e+01,6.647201605965247495e+01,5.054794127577321206e+01,2.229235800044052240e+01,7.758273545710058272e+01,4.470790636853293165e+01,5.113162433897021941e+01,3.651536287799493863e+01,5.597000725429675327e+01
1.451915530797343123e+01,2.498053894375450312e+01,2.962255014845968049e+01,3.111063293698856569e+01,2.074059683950416400e+01,2.701733130607128430e+01,7.027160803635706721e+00,1.533481396403465524e+01,2.040229137749190969e+01,2.391610889870678847e+01,8.811462812821215351e+00,1.230677765530180778e+01,2.475459819009460105e+01,1.932774488630080256e+01,6.189089102673928977e+00,1.689954021519158900e+01,2.159765572594444549e+01,4.689362331202330125e+01,0.000000000000000000e+00,2.668729473361270621e+01,2.042640315540832319e+01,1.229508361674917083e+01,1.137303824514654238e+01,2.074129771807622546e+01,3.195269484364681745e+01,1.597527479187142241e+01,1.957140997888346234e+01,3.379875798205453918e+01,5.437741726269480047e+00,1.080673189425678160e+01,3.548697087978676734e+01,1.854420131007669070e+01,1.690098659488129584e+01,2.356386195824133978e+01,8.126229977527238191e+00,9.494951574962655627e+00,1.451915530797342413e+01,8.245166966300958578e+00,2.354397758873374258e+01,2.074059683950416400e+01,1.555936117081639303e+01,2.055145054023960327e+01,3.222777097431279003e+01,2.702573717277498488e+01,3.241849714220027323e+01,9.786017786623364856e+00,2.848027564361521158e+01,1.500883337430971842e+01,2.389003390776787583e+01
1.888297035103840571e+01,1.755048954897129754e+00,4.672158279297927663e+01,5.179480803361307295e+01,4.255320131555178875e+01,4.456078971977986214e+01,3.356999325542687984e+01,3.970416945629325056e+01,3.382518000916442702e+01,3.598233420789563297e+01,1.956891225234225473e+01,3.655347103958791877e+01,4.370493270052199364e+01,3.652121838286259248e+01,2.066205021357992067e+01,4.232336891845016424e+01,2.874415087280383219e+01,7.337606028258862523e+01,2.668729473361270621e+01,0.000000000000000000e+00,4.292044010958201739e+01,3.618936780362401606e+01,1.860207471914143795e+01,4.653542363419610695e+01,4.733080799523561666e+01,2.405007934030106398e+01,8.805913642550843079e+00,5.555871407022289787e+01,2.375823005672452837e+01,1.652678131617590651e+01,5.156505103055253159e+01,3.739109188721525356e+01,1.667923114271070517e+01,4.282692062405144640e+01,2.849722069860202112e+01,3.088574019746018706e+01,3.972605462309876856e+01,3.460897504090080901e+01,3.671941711431114186e+01,4.255320131555178875e+01,2.897202342048948509e+01,1.361683822411368183e+01,4.892574468528474796e+01,5.360012224181971874e+01,9.784144490978736286e+00,3.241680081222543208e+01,4.447794971389522800e+01,3.837396189670257485e+01,3.568580514903887035e+01
3.489678399598079750e+01,4.147944661404977751e+01,1.220827395117139602e+01,1.080616543467805180e+01,1.359185156839899822e+00,1.007884660487781403e+01,1.824694740633416501e+01,2.531703619965418639e+01,3.816172854744471721e+01,4.151248466253586855e+01,2.370417713865604981e+01,8.244836484230653184e+00,7.148963695611275426e+00,3.530847930232946652e+01,2.561092171874184942e+01,7.572747966455367852e+00,4.117962793503280494e+01,4.003922189187932901e+01,2.042640315540832319e+01,4.292044010958201739e+01,0.000000000000000000e+00,2.497552684212299212e+01,2.431928442322576700e+01,9.518970970248338048e+00,4.612675819411339262e+01,3.614654340220712214e+01,3.802545816457037375e+01,1.341243099733360111e+01,2.006117410491748032e+01,3.002261605687927926e+01,4.852719581629285273e+01,3.358558366320171018e+01,2.734819232148866774e+01,3.659641192797946019e+01,2.677303656147850930e+01,1.230672235421268468e+01,7.777341896325674853e+00,1.399380836356134239e+01,1.429397423821115787e+01,1.359185156839899822e+00,3.454308127991132693e+01,3.155992022934032448e+01,1.449401843278763735e+01,1.799648553840957987e+01,5.069749347211125468e+01,1.111948742847380700e+01,1.267356974420360416e+01,2.683437799474160101e+01,1.594272752230314971e+01
1.899526665392696856e+01,3.443486731365247522e+01,3.657650855037144311e+01,3.538360310510847739e+01,2.588429984413651042e+01,3.408768578143943984e+01,7.578004856005874146e+00,3.515656065430970756e+00,1.395455993846359100e+01,1.699104674912739199e+01,2.087954894782758331e+01,1.757049468319715402e+01,3.131725929702236755e+01,1.043049893685313023e+01,1.638383009889722430e+01,1.825000256996855086e+01,1.890312862840547226e+01,3.800902695567899769e+01,1.229508361674917083e+01,3.618936780362401606e+01,2.497552684212299212e+01,0.000000000000000000e+00,2.354150329861240465e+01,2.009045941433924298e+01,2.152394817273259164e+01,1.649165950924925639e+01,2.781188515903322767e+01,3.677643732242879082e+01,1.771736821556301678e+01,1.975073846142342759e+01,2.447382286282921271e+01,8.612506480899616790e+00,2.908623539590552198e+01,1.223210975931508138e+01,7.781086185097398911e+00,1.889921127245890986e+01,1.721992435826465950e+01,1.162900652371815369e+01,3.321779788470749395e+01,2.588429984413651042e+01,1.230694417214355241e+01,3.250600382753574991e+01,3.908045577022708983e+01,2.228060375162621654e+01,3.960339895246569597e+01,1.808407419330160693e+01,3.618936780362401606e+01,2.722887721431441754e+00,3.399345062469178202e+01
1.653121860686212230e+01,1.716970523569429474e+01,2.919638181198639515e+01,3.346894387314299024e+01,2.397510512744232969e+01,2.682467642789280404e+01,1.807502581139847919e+01,2.668778541673628268e+01,2.861967293257730560e+01,3.192503912969016611e+01,2.717204065894242238e+00,1.824390113689884885e+01,2.557482108548975930e+01,2.890817906106914137e+01,8.451455461754260767e+00,2.419430742930887845e+01,2.726492561124491232e+01,5.730499645930484576e+01,1.137303824514654238e+01,1.860207471914143795e+01,2.431928442322576700e+01,2.354150329861240465e+01,0.000000000000000000e+00,2.848485774436850448e+01,4.156363903152245598e+01,2.088072125603908091e+01,1.470849649255049307e+01,3.709463991234296287e+01,6.377139089664535021e+00,9.522260348058326329e+00,4.541222052005063858e+01,2.865040412535568137e+01,5.545045729563842229e+00,3.403127026817158196e+01,1.770869700195740748e+01,1.237671335938728490e+01,2.159083763257378408e+01,1.756144044429897377e+01,2.008565977025478588e+01,2.397510512744232969e+01,2.310676637939721445e+01,9.282597593737959230e+00,3.160493992091446458e+01,3.621324342100264460e+01,2.672131742930211473e+01,1.399178304246434834e+01,2.723407398842266147e+01,2.622039836301813764e+01,1.956808165610616612e+01
3.471109648490853061e+01,4.492299215344463903e+01,2.113226645387316438e+01,1.688202487895967963e+01,1.087815612708823743e+01,1.931993730777740126e+01,1.556728239986332873e+01,1.920842945222497278e+01,3.403535046460049784e+01,3.706098447916519234e+01,2.702068774907417037e+01,1.033568734610626905e+01,1.646411879756481511e+01,3.037843285231502222e+01,2.684494097743451491e+01,4.304557670371687905e+00,3.841368734325488532e+01,3.111148755894489071e+01,2.074129771807622546e+01,4.653542363419610695e+01,9.518970970248338048e+00,2.009045941433924298e+01,2.848485774436850448e+01,0.000000000000000000e+00,3.962764595155119451e+01,3.449724997869532928e+01,4.017667260037438837e+01,1.721569637548736154e+01,2.278020199433150594e+01,3.149552798781465413e+01,4.146895347384671737e+01,2.835757221479838108e+01,3.273079737597317518e+01,3.019465981913532104e+01,2.450067637611697435e+01,1.636894350709329160e+01,6.896501496761273664e+00,1.253033828315026810e+01,2.352757430729299415e+01,1.087815612708823743e+01,3.160677743281384977e+01,3.702839502326936838e+01,2.309671067368400799e+01,8.820749340849507902e+00,5.306652056287710906e+01,1.463741128083848153e+01,2.200001917442514099e+01,2.116826120519055365e+01,2.508473707191999580e+01
2.878955793922181527e+01,4.577553109730818193e+01,5.798913694933298046e+01,5.608145137542598491e+01,4.713854433929218857e+01,5.553704349265972695e+01,2.904013566962469284e+01,2.082292203150381127e+01,1.367150733176202948e+01,1.140124530907420741e+01,3.889783515189553498e+01,3.906284946587634010e+01,5.272322093026285472e+01,1.270992264386733872e+01,3.314433245782739590e+01,3.891719280191696839e+01,1.892574422238897114e+01,4.355855338835843327e+01,3.195269484364681745e+01,4.733080799523561666e+01,4.612675819411339262e+01,2.152394817273259164e+01,4.156363903152245598e+01,3.962764595155119451e+01,0.000000000000000000e+00,2.339362055182121125e+01,3.869067057336537374e+01,5.684161545831389617e+01,3.709884415761526810e+01,3.405221176717524401e+01,4.239571095319540461e+00,1.346569766928582190e+01,4.673934140720711383e+01,9.537221662377987741e+00,2.409657844392079440e+01,4.012492378934918236e+01,3.836381432848071427e+01,3.315278892225663299e+01,5.458659895950761154e+01,4.713854433929218857e+01,1.907198868178250351e+01,4.908940714312841180e+01,6.045396027696938290e+01,3.815119020537143513e+01,4.622816115288868133e+01,3.948316120078362701e+01,5.769110669241270983e+01,1.934542430673292657e+01,5.525136647322090511e+01
5.441083394481334601e+00,2.244771187787686273e+01,4.555658357573721418e+01,4.692532733079236351e+01,3.657860678674369836e+01,4.295436004584301060e+01,1.895202605466871049e+01,1.957601237236810476e+01,9.784431523288757759e+00,1.225224182248022409e+01,1.863709567025408376e+01,2.790661992297017946e+01,4.072878339477321674e+01,1.277138020818614272e+01,1.302937458590055542e+01,3.140089495639211492e+01,6.384545568197911081e+00,5.406839527198482642e+01,1.597527479187142241e+01,2.405007934030106398e+01,3.614654340220712214e+01,1.649165950924925639e+01,2.088072125603908091e+01,3.449724997869532928e+01,2.339362055182121125e+01,0.000000000000000000e+00,1.532404008121537764e+01,4.935528665124392944e+01,1.894048333958442143e+01,1.175356301626725219e+01,2.760637092305429618e+01,1.406158570752975479e+01,2.518026343343473172e+01,1.916050867591879125e+01,1.000753868562642346e+01,2.538419273267056298e+01,2.941822688484696613e+01,2.261033129969442967e+01,3.872773602334771681e+01,3.657860678674369836e+01,5.272120277735282912e+00,2.666936125663870172e+01,4.815910885529708452e+01,3.841383580658300900e+01,2.458782809281720105e+01,2.576099758226203207e+01,4.430810223651009494e+01,1.757937598437205651e+01,3.876299826042637875e+01
1.008325050322891414e+01,7.146590640027661756e+00,4.389462470474231992e+01,4.781379594243736619e+01,3.790382443116509847e+01,4.149937635445857609e+01,2.606576176054428018e+01,3.132145504545685455e+01,2.510818196519489476e+01,2.741251767127229755e+01,1.445533365701594519e+01,3.078217158937071574e+01,4.012226921105864363e+01,2.771652461164132575e+01,1.338516177977505706e+01,3.614533725744002624e+01,2.040031088383728530e+01,6.545839557021706412e+01,1.957140997888346234e+01,8.805913642550843079e+00,3.802545816457037375e+01,2.781188515903322767e+01,1.470849649255049307e+01,4.017667260037438837e+01,3.869067057336537374e+01,1.532404008121537764e+01,0.000000000000000000e+00,5.122179919682305638e+01,1.799758040572968198e+01,8.786777064805663784e+00,4.291405198007465316e+01,2.859480611608538325e+01,1.563528592598310674e+01,3.402174277390299295e+01,2.004355894839730823e+01,2.571883147219619659e+01,3.362114968738871568e+01,2.779114323936850539e+01,3.468682508511166418e+01,3.790382443116509847e+01,2.017422917406468486e+01,1.477143417609059028e+01,4.631258021656412183e+01,4.654291563331447890e+01,1.289256341666371775e+01,2.699640836718778303e+01,4.194149406279045422e+01,2.986654626301380944e+01,3.402766628385905534e+01
4.829457913873089581e+01,5.421409272992043071e+01,1.228894565758610113e+01,4.302869833134276512e+00,1.334338491416856698e+01,1.290734762389091550e+01,3.088949603454124926e+01,3.630061844997129583e+01,5.051972069594950909e+01,5.372117118792503021e+01,3.679482431074181648e+01,2.151701123892447498e+01,1.237671335938727957e+01,4.719764966118805205e+01,3.901303887474789889e+01,1.856726759772181268e+01,5.411981707931364127e+01,3.950004428806452239e+01,3.379875798205453918e+01,5.555871407022289787e+01,1.341243099733360111e+01,3.677643732242879082e+01,3.709463991234296287e+01,1.721569637548736154e+01,5.684161545831389617e+01,4.935528665124392944e+01,5.122179919682305638e+01,0.000000000000000000e+00,3.335846228542141745e+01,4.338729565796301557e+01,5.864833423869139750e+01,4.527220132236318761e+01,3.933720059651609091e+01,4.739215758992442318e+01,3.973787017153269119e+01,2.557482108548975575e+01,2.008819463526137028e+01,2.684433176833148238e+01,2.158659227835749306e+01,1.334338491416856698e+01,4.737796072930734681e+01,4.332623117894055298e+01,1.220708864432352314e+01,2.151318595670010936e+01,6.374411140419205424e+01,2.450060218735431761e+01,1.477339140301525511e+01,3.816038601223816329e+01,2.327698221233887210e+01
1.597385247514698214e+01,2.215934198533586041e+01,2.728561138403612318e+01,3.014538594278075578e+01,2.001507737125285047e+01,2.473286123971740835e+01,1.175232576270864193e+01,2.067620117458935169e+01,2.496820715857971962e+01,2.843873806118977399e+01,4.302869833134280952e+00,1.289335375467659617e+01,2.289349330260448667e+01,2.440349410781200845e+01,6.188795858545242723e+00,1.856726759772181268e+01,2.508375546443174642e+01,5.097896335159973802e+01,5.437741726269480047e+00,2.375823005672452837e+01,2.006117410491748032e+01,1.771736821556301678e+01,6.377139089664535021e+00,2.278020199433150594e+01,3.709884415761526810e+01,1.894048333958442143e+01,1.799758040572968198e+01,3.335846228542141745e+01,0.000000000000000000e+00,1.009941655913268477e+01,4.073288474066927733e+01,2.378773222711106783e+01,1.174245047295893585e+01,2.892207449972387678e+01,1.302183236372419550e+01,7.783641199931662591e+00,1.597385247514697326e+01,1.127527138754155089e+01,1.979381635230687664e+01,2.001507737125285047e+01,1.974907979597995222e+01,1.565486184227671629e+01,2.984746249184835776e+01,3.013190953834011410e+01,3.078161986926571103e+01,8.998827963720918532e+00,2.575592933609343049e+01,2.043560263261965204e+01,1.983548083881900226e+01
7.025608650634034724e+00,1.477437082393570833e+01,3.720531587797636774e+01,4.023724232059490191e+01,3.005336685280634867e+01,3.468778293393888390e+01,1.730801777986400936e+01,2.325513903184177877e+01,2.052865339237636277e+01,2.355546701950521538e+01,7.818814558437647833e+00,2.240455893362722506e+01,3.295450800035861505e+01,2.188299971370445718e+01,4.650883554361390892e+00,2.753910538804084851e+01,1.808407419330160693e+01,5.691165248521200226e+01,1.080673189425678160e+01,1.652678131617590651e+01,3.002261605687927926e+01,1.975073846142342759e+01,9.522260348058326329e+00,3.149552798781465413e+01,3.405221176717524401e+01,1.175356301626725219e+01,8.786777064805663784e+00,4.338729565796301557e+01,1.009941655913268477e+01,0.000000000000000000e+00,3.812520503412466155e+01,2.221942475741952450e+01,1.343139047785860818e+01,2.778085659078814018e+01,1.221777858850962240e+01,1.784302289442180722e+01,2.506009617014194646e+01,1.904585843230128361e+01,2.895869978037580594e+01,3.005336685280634867e+01,1.500332526638350394e+01,1.510647313932954638e+01,3.973417405419274928e+01,3.775622634376467346e+01,2.161176538194562369e+01,1.890312862840547226e+01,3.552855902015443945e+01,2.205444560841684165e+01,2.866516935123221543e+01
3.298802038498975975e+01,5.000565082582935617e+01,6.055178453895150170e+01,5.816737982519263994e+01,4.960216269126905786e+01,5.815475726244456922e+01,3.205110448101495280e+01,2.328210733183174952e+01,1.785639329336598990e+01,1.563927860393243030e+01,4.272636501343392723e+01,4.181124858156589141e+01,5.529553262218571064e+01,1.650600424178613679e+01,3.703391463216774326e+01,4.115277096725992578e+01,2.314973164376702641e+01,4.225405222820046447e+01,3.548697087978676734e+01,5.156505103055253159e+01,4.852719581629285273e+01,2.447382286282921271e+01,4.541222052005063858e+01,4.146895347384671737e+01,4.239571095319540461e+00,2.760637092305429618e+01,4.291405198007465316e+01,5.864833423869139750e+01,4.073288474066927733e+01,3.812520503412466155e+01,0.000000000000000000e+00,1.694949368301308112e+01,5.065789412598491026e+01,1.224171359367255363e+01,2.780718586268190862e+01,4.330754149651796325e+01,4.082718128974126870e+01,3.602628146413938026e+01,5.768839158896294350e+01,4.960216269126905786e+01,2.318981594768592558e+01,5.311366444101389561e+01,6.296526482815481529e+01,3.912294353493377486e+01,5.042062734744754948e+01,4.255419522016703837e+01,6.039949083526601470e+01,2.208288028123277869e+01,5.843413175172675977e+01
1.859684548173065721e+01,3.569635415212198382e+01,4.510691913538805409e+01,4.397907721729227859e+01,3.448212475900453455e+01,4.259455846088736308e+01,1.581869965916930632e+01,9.303187460920206320e+00,6.809269652525266281e+00,8.999258376312559093e+00,2.594225560799001329e+01,2.606645889323944232e+01,3.985810696356811889e+01,2.223897485694760867e+00,2.041035076655447611e+01,2.680878641022090392e+01,1.338924263932530145e+01,4.119242095059664166e+01,1.854420131007669070e+01,3.739109188721525356e+01,3.358558366320171018e+01,8.612506480899616790e+00,2.865040412535568137e+01,2.835757221479838108e+01,1.346569766928582190e+01,1.406158570752975479e+01,2.859480611608538325e+01,4.527220132236318761e+01,2.378773222711106783e+01,2.221942475741952450e+01,1.694949368301308112e+01,0.000000000000000000e+00,3.401455425560946111e+01,5.561431963154473301e+00,1.094683069143088971e+01,2.670189834652965644e+01,2.583243046286068179e+01,2.005454928609860232e+01,4.118568851392066676e+01,3.448212475900453455e+01,8.789465525917689703e+00,3.677888125228766825e+01,4.762919773887612962e+01,2.919785305430074018e+01,3.864941183515904299e+01,2.613190822689318793e+01,4.462712354324118280e+01,7.206195719300623637e+00,4.181320016837070597e+01
