0.000000000000000000e+00,2.041789369946299004e+01,3.556065278568862453e+01,5.193373155679603315e+01,1.104296654928405808e+01,4.995370181076427230e+01,3.814600447707580599e+01,1.800933037069650311e+01,3.581643500839813754e+01,2.181433226672202252e+01,6.390852364001085917e+00,1.957001358591854512e+01,4.412671114210532153e+01,2.721548825651779779e+01,1.783686716795558880e+01,4.673928965558865656e+01,3.678377014379879029e+01,2.779871857118451928e+01,1.043155224127010428e+01,2.103173963502758426e+01,5.405317134909393673e+01,3.675571617564629889e+01,3.745717804769774517e+01,4.073917509791223068e+01,3.675571617564629889e+01,2.570380683621618445e+01,5.347711701455072841e+01,4.650265208338548462e+01,3.251474869595249828e+01,3.320745557325830077e+01,3.742245144099276644e+01,2.081493497580674301e+01,3.189473350257578588e+01,2.206457686694910691e+01,3.758342830782205368e+01,1.773258414183145604e+01,1.649321202947958653e+01,3.360803022906198123e+01,3.140092650489589232e+01,2.723819434263912242e+01,1.660819822793676082e+01,1.976237389028146296e+01,2.538921219309798616e+01,3.426664126351909090e+01,4.471347112913120725e+01,4.093433404505794471e+01,2.501693534904362437e+01,5.175371513565631432e+01,1.637963647361659270e+01,3.001585700921461708e+01,4.412671114210532153e+01,4.003695207796776145e+01,5.424031000069142294e+01,1.246882812071572033e+01,4.998418990720657007e+01,2.316413616605623815e+01,2.317822748957618373e+01,1.401879530646380623e+01,4.000096668909372255e+01,4.829247937010203628e+01
2.041789369946299004e+01,0.000000000000000000e+00,3.005340461874177649e+01,4.412641358499505628e+01,3.047070550468398054e+01,3.973601987773873390e+01,3.471109648490853061e+01,4.304346271453034944e+00,4.320473148495398874e+01,1.502024147151076505e+01,2.608324572382261408e+01,4.651078841144478559e+00,2.939996234192466318e+01,6.797594557054806863e+00,3.513580337913489338e+00,3.319265501578328070e+01,3.236104390181972690e+01,3.449143570978873896e+01,1.741307959799323513e+01,8.998954089731515893e+00,4.719395960942409118e+01,1.798970908036980276e+01,3.227518071104226749e+01,3.679499699798916623e+01,1.798970908036980276e+01,8.787706185188277175e+00,4.470858061052743437e+01,3.200373060921063484e+01,1.904556046648110268e+01,2.919722019763981180e+01,1.931545580785331495e+01,1.544545433586719518e+01,2.561095718308543567e+01,1.120235042082736143e+01,3.489720081845384669e+01,2.938699843606465301e+00,2.159685398323262717e+01,4.139240874669787473e+01,3.004089220957504480e+01,6.887940313970569939e+00,3.204165175846883784e+01,1.184457611731296645e+01,7.819858688610556996e+00,1.920262539764701160e+01,4.439943720774176938e+01,2.065149173218043543e+01,1.445533365701594875e+01,3.706592428370370129e+01,1.550187133724137745e+01,9.771887774492030942e+00,2.939996234192466318e+01,2.512104879048159489e+01,4.438604273430304659e+01,3.276236146616817990e+01,4.114556305799374059e+01,2.938081059036639964e+00,2.376617567810540166e+01,7.575749571313393105e+00,2.015879986054475737e+01,3.762635399340500442e+01
3.556065278568862453e+01,3.005340461874177649e+01,0.000000000000000000e+00,1.638939363734771604e+01,3.763435565101318048e+01,1.566353281146836984e+01,5.213849516872808287e+00,2.672141075968195878e+01,2.380436045521639699e+01,1.580321574851686428e+01,4.139419819969646142e+01,2.557482108548975575e+01,1.852140318688012499e+01,3.111115795710961862e+01,3.227518775729139833e+01,1.770220483018136193e+01,2.606881114259158139e+00,1.918719030166736417e+01,2.513100200110747906e+01,3.891820599965832628e+01,1.856726759772181623e+01,2.581848600331809607e+01,2.223897485694760867e+00,6.808934524499181684e+00,2.581848600331809607e+01,2.289444399178529110e+01,1.810306154908657206e+01,1.931533947150662911e+01,1.470220069739710667e+01,2.939009473240393522e+00,2.413538852072991503e+01,1.609333278445107851e+01,4.447794971389521734e+00,1.890312862840547226e+01,6.036386245222487901e+00,3.116426213446068161e+01,1.985378302212082247e+01,2.338513836979273108e+01,6.892889560891238609e+00,3.003952994099728002e+01,3.137067775325795793e+01,4.123195394201661657e+01,2.397601292893604352e+01,1.721400853851153556e+01,1.564259699056302111e+01,3.981743468096350824e+01,4.449873779143423036e+01,2.309766628855839343e+01,1.957475418394307454e+01,2.985037559556337072e+01,1.852140318688012499e+01,1.739727435473636774e+01,1.931687514472773515e+01,4.188240237394489185e+01,1.477927601544121572e+01,3.140069940994831654e+01,1.303279835326380365e+01,2.723593869356603392e+01,4.197535411920610215e+01,1.468577338701198087e+01
5.193373155679603315e+01,4.412641358499505628e+01,1.638939363734771604e+01,0.000000000000000000e+00,5.368545078377827195e+01,6.893836501077993617e+00,1.512877926071918289e+01,4.148154414452100269e+01,3.357725377768048958e+01,3.139387083543740786e+01,5.778242286618651491e+01,4.006486067695872322e+01,2.058545082110631697e+01,4.338729043571105848e+01,4.686943627995749040e+01,1.659485416331829200e+01,1.555468471480151216e+01,3.253986346789924511e+01,4.150931317102552498e+01,5.312099573310412381e+01,3.602055134544770443e+00,3.404300728311658730e+01,1.463589093647050632e+01,1.275996458250602572e+01,3.404300728311658730e+01,3.581523120360422752e+01,2.717537079829257074e+00,1.919915926367526637e+01,2.561090401931631888e+01,1.893951194263339843e+01,3.186691802008510166e+01,3.194877199228016096e+01,2.017653053804243868e+01,3.362148031368760570e+01,1.624896512711332264e+01,4.578857091738817076e+01,3.616051157924064086e+01,3.416134850186383431e+01,2.180078775303971739e+01,4.227590165608906858e+01,4.676061352310363617e+01,5.584278724798667781e+01,3.692016707172948031e+01,2.672134282035458952e+01,1.768026692946441614e+01,4.827505384098058983e+01,5.839381023553474392e+01,1.903918032188108356e+01,3.580437073829801164e+01,4.116453761979809656e+01,2.058545082110631697e+01,2.289333519208544843e+01,5.547001310253142137e+00,5.797289632356586253e+01,3.601992269945796021e+00,4.480903690758722036e+01,2.927710993589031574e+01,4.273367045686376997e+01,5.120394618327127034e+01,8.786313326126728995e+00
1.104296654928405808e+01,3.047070550468398054e+01,3.763435565101318048e+01,5.368545078377827195e+01,0.000000000000000000e+00,5.310358464181184246e+01,3.880116185914094018e+01,2.732961726217655496e+01,3.051384387477803273e+01,2.736484967082211739e+01,9.790850943023027497e+00,2.862077972420126670e+01,4.997909326274658781e+01,3.717488476435816835e+01,2.832926631594000710e+01,5.182515918342887318e+01,3.813326557666972860e+01,2.419934632853867029e+01,1.535645883649475429e+01,3.204480103152754111e+01,5.517004609636296664e+01,4.512811934538090952e+01,3.911644521023320209e+01,4.136814456727008604e+01,4.512811934538090952e+01,3.411082084008052107e+01,5.564777494841858640e+01,5.210012045496775812e+01,3.873847361330098238e+01,3.485640701564182109e+01,4.540127482555242011e+01,2.608196955854518606e+01,3.490724744507605948e+01,2.913457314227423467e+01,3.790731196175004669e+01,2.804413913658422075e+01,1.802342332856853346e+01,2.832853591902451740e+01,3.194300768526287015e+01,3.702491306111102887e+01,8.999488067665124547e+00,3.078798838164962959e+01,3.405640627494204153e+01,4.101087022562632711e+01,4.297585689362165340e+01,5.111941850859874137e+01,3.602993846736932682e+01,5.719261442944249296e+01,2.149703859174080733e+01,3.961535492775062295e+01,4.997909326274658781e+01,4.624890592471629702e+01,5.694816322967845679e+01,4.309024880784634526e+00,5.240665713865912778e+01,3.335282401635284799e+01,2.462053873499803203e+01,2.326395834310820376e+01,5.048604206672218453e+01,5.178330369006451406e+01
4.995370181076427230e+01,3.973601987773873390e+01,1.566353281146836984e+01,6.893836501077993617e+00,5.310358464181184246e+01,0.000000000000000000e+00,1.665080652142491147e+01,3.757389701774081914e+01,3.680592616023877639e+01,2.848485774436850093e+01,5.607507282882743027e+01,3.602149630227145138e+01,1.395162884169151774e+01,3.819493579882834666e+01,4.273174217547126119e+01,9.784352139959448635e+00,1.595303265244555035e+01,3.414981796986468510e+01,3.969610614254575154e+01,4.863973398015786387e+01,1.042456489924257212e+01,2.793113559793839684e+01,1.468577338701198087e+01,1.499416321935695784e+01,2.793113559793839684e+01,3.111010855483988280e+01,5.723314031047582517e+00,1.237554454592691044e+01,2.073989766333687967e+01,1.858098512414019510e+01,2.571869077432430117e+01,2.928527193768017867e+01,1.828576551910739312e+01,2.994903794243344208e+01,1.798581078408460954e+01,4.169190879383958048e+01,3.513582446770780621e+01,3.700693665508654107e+01,2.225083630141717350e+01,3.709463991234296287e+01,4.703420725575043093e+01,5.157373343828345469e+01,3.218450721486216537e+01,2.130104294070094184e+01,2.245547444056269981e+01,4.194110653260420207e+01,5.367412852389939815e+01,1.228534357243947994e+01,3.357691254027950833e+01,3.568595696932980843e+01,1.395162884169151774e+01,1.673445167308599579e+01,4.650591510162758624e+00,5.730499645930484576e+01,3.511255895344524980e+00,4.006402882396734100e+01,2.850642469625104169e+01,3.937663268702215902e+01,4.499326024213161901e+01,2.223897485694760867e+00
3.814600447707580599e+01,3.471109648490853061e+01,5.213849516872808287e+00,1.512877926071918289e+01,3.880116185914094018e+01,1.665080652142491147e+01,0.000000000000000000e+00,3.116426943638994018e+01,2.045569232036358898e+01,2.001507737125285047e+01,4.363543733292338089e+01,3.014562690633356823e+01,2.271151174743341272e+01,3.614614111054046219e+01,3.671951581316764646e+01,2.113226645387316438e+01,2.606968404566740727e+00,1.764709328329191607e+01,2.779638320270429830e+01,4.345125299571923705e+01,1.636894350709329515e+01,3.099297066704622239e+01,3.513839311060821036e+00,2.606968404566740727e+00,3.099297066704622239e+01,2.790632663748090536e+01,1.740042875907786524e+01,2.309671067368400799e+01,1.991308695901462045e+01,5.559743714236901724e+00,2.926950819887342092e+01,2.006126471118002641e+01,9.302304397682789272e+00,2.350887023318091806e+01,1.360521824447903816e+00,3.560835423207139883e+01,2.181503420897645640e+01,2.045569232036358898e+01,6.897392889929238713e+00,3.508733798356881550e+01,3.164794654587168310e+01,4.558989845674260977e+01,2.897150559993473706e+01,2.239147192995116598e+01,1.042874752063372590e+01,4.502939452810276322e+01,4.909561564678156032e+01,2.619852552036349991e+01,2.289539816441287812e+01,3.499556499216600969e+01,2.271151174743341272e+01,2.214341351305580474e+01,1.930983975520757312e+01,4.310631349313797500e+01,1.468886257126469452e+01,3.622631211520619132e+01,1.497812433199935178e+01,3.125325767244001085e+01,4.718513062265672886e+01,1.635108307605852218e+01
1.800933037069650311e+01,4.304346271453034944e+00,2.672141075968195878e+01,4.148154414452100269e+01,2.732961726217655496e+01,3.757389701774081914e+01,3.116426943638994018e+01,0.000000000000000000e+00,3.891604830813681559e+01,1.120239103528870928e+01,2.409108729667428861e+01,1.756854895465605138e+00,2.843227907207727512e+01,1.008545580445514567e+01,5.559743714236905276e+00,3.187655461873854534e+01,2.891066731403189749e+01,3.019338062544222012e+01,1.345192179710678104e+01,1.230683305851289866e+01,4.439818227071984325e+01,1.888702438384964566e+01,2.894264662500017238e+01,3.335846228542141745e+01,1.888702438384964566e+01,8.124830998277246863e+00,4.227552289875400504e+01,3.099718708634299702e+01,1.730737472463103188e+01,2.561097494806359975e+01,1.978230851706361193e+01,1.144753983983594914e+01,2.228053212571346364e+01,7.901593475133683597e+00,3.125322852092280357e+01,4.447794971389525287e+00,1.731044426583512319e+01,3.709418627182180472e+01,2.614749385391673897e+01,9.774163327365601006e+00,2.816347213282402606e+01,1.451920229803235074e+01,7.573497785272518712e+00,1.810407657470229736e+01,4.060418915837855280e+01,2.404463495778216497e+01,1.799793345038201053e+01,3.619903699414650333e+01,1.119903607148879132e+01,1.228609366974478867e+01,2.843227907207727512e+01,2.413674075216236403e+01,4.219813894769115592e+01,2.998721156254049092e+01,3.868053703056565951e+01,7.026643138392144827e+00,1.957517333041527507e+01,4.081565555986482963e+00,2.393549311981839978e+01,3.554470616411686734e+01
3.581643500839813754e+01,4.320473148495398874e+01,2.380436045521639699e+01,3.357725377768048958e+01,3.051384387477803273e+01,3.680592616023877639e+01,2.045569232036358898e+01,3.891604830813681559e+01,0.000000000000000000e+00,2.938622382553660728e+01,3.894206777607844572e+01,3.879559191173981247e+01,4.230086629955690825e+01,4.739219288472120439e+01,4.363409524715733312e+01,4.135494854624919014e+01,2.203971529603561663e+01,8.791914476320501493e+00,2.833954902615149507e+01,5.014005222639547554e+01,3.321985280240504324e+01,4.701899196909306511e+01,2.338513836979273108e+01,2.181416077406021614e+01,4.701899196909306511e+01,3.987323412859061733e+01,3.622624399424336872e+01,4.309909964122396531e+01,3.600613421712692030e+01,2.148744746452163668e+01,4.584735287013077709e+01,2.845738279104579149e+01,2.521681298376507385e+01,3.367742492778049268e+01,1.909732528122605899e+01,4.267427161168385652e+01,2.217091963163090895e+01,2.223897485694760867e+00,1.765269232984681835e+01,4.656312764408407645e+01,2.151920845126692683e+01,5.097314440126794466e+01,4.065627541002885437e+01,3.892029006138251646e+01,1.688360285186230314e+01,5.940880974173411033e+01,5.571638232525120316e+01,4.657667274532749957e+01,2.774412744877016834e+01,4.764711651892474720e+01,4.230086629955690825e+01,4.074727497254745856e+01,3.867680476454395233e+01,3.434693974367458225e+01,3.431098346925698905e+01,4.569138585412238740e+01,1.986184183636276401e+01,3.678692203829445617e+01,6.066431782220573155e+01,3.673867826264397962e+01
2.181433226672202252e+01,1.502024147151076505e+01,1.580321574851686428e+01,3.139387083543740786e+01,2.736484967082211739e+01,2.848485774436850093e+01,2.001507737125285047e+01,1.120239103528870928e+01,2.938622382553660728e+01,0.000000000000000000e+00,2.812942205569819265e+01,1.037073658046459279e+01,2.271151174743341272e+01,1.809118436866324942e+01,1.673461429933479749e+01,2.499237096485954623e+01,1.784311200311807966e+01,2.109394088535740508e+01,1.222612758663867361e+01,2.350887023318091806e+01,3.403192495843746457e+01,1.954264535889366883e+01,1.799798400925402575e+01,2.228054233907868209e+01,1.954264535889366883e+01,1.053996502693658854e+01,3.254950207164933573e+01,2.494956922328919546e+01,1.137814355621276974e+01,1.445533365701594875e+01,1.915927523532269916e+01,1.360521824447903816e+00,1.144746030126612624e+01,4.304557670371690570e+00,2.006126471118002641e+01,1.562660697504817975e+01,1.094549567646391530e+01,2.783032860461235458e+01,1.502065077304268215e+01,1.721569637548736509e+01,2.451508103990508403e+01,2.557482108548975575e+01,1.127672172470371414e+01,1.377670691770655331e+01,2.941859852137223541e+01,3.024664221892485472e+01,2.919722019763981180e+01,3.014830245056451119e+01,5.879878778166427900e+00,1.828824661586256184e+01,2.271151174743341272e+01,1.888905294832000337e+01,3.294015171857044777e+01,3.111148755894489071e+01,2.896417454415567150e+01,1.698769095269519624e+01,9.529415920143540220e+00,1.144761942691750711e+01,3.130679007984607765e+01,2.669218462732716546e+01
6.390852364001085917e+00,2.608324572382261408e+01,4.139419819969646142e+01,5.778242286618651491e+01,9.790850943023027497e+00,5.607507282882743027e+01,4.363543733292338089e+01,2.409108729667428861e+01,3.894206777607844572e+01,2.812942205569819265e+01,0.000000000000000000e+00,2.571532050893288002e+01,5.051343650623572046e+01,3.283652919735196463e+01,2.317553530990785760e+01,5.309120594901757784e+01,4.244965646239334234e+01,3.160816744365857289e+01,1.638321686289626555e+01,2.513172076710759129e+01,5.975684515832313792e+01,4.294387267580219003e+01,4.320644587823693428e+01,4.624156458861462937e+01,4.294387267580219003e+01,3.194577036260126590e+01,5.942327331286470837e+01,5.288268330136232720e+01,3.890322624274165264e+01,3.891755309778255167e+01,4.368604537772837659e+01,2.708925934854203632e+01,3.790144222968965693e+01,2.845433727366582488e+01,4.297225823831528402e+01,2.325542360226847194e+01,2.182040411875148322e+01,3.671961549039947670e+01,3.678797390692022873e+01,3.296805514093282596e+01,1.799889939815221851e+01,2.313705629064740776e+01,3.157594137840352388e+01,4.065301136872073329e+01,4.947963784393177633e+01,4.624934222643636161e+01,2.815760710892917729e+01,5.813075525539406385e+01,2.257237937457832189e+01,3.581863706698087668e+01,5.051343650623572046e+01,4.642768017696058536e+01,6.029540782396138354e+01,8.797294021582910517e+00,5.597029615241482503e+01,2.867495803340848326e+01,2.868725400883423404e+01,2.020080718340730996e+01,4.501559082872651629e+01,5.446437249974187722e+01
1.957001358591854512e+01,4.651078841144478559e+00,2.557482108548975575e+01,4.006486067695872322e+01,2.862077972420126670e+01,3.602149630227145138e+01,3.014562690633356823e+01,1.756854895465605138e+00,3.879559191173981247e+01,1.037073658046459279e+01,2.571532050893288002e+01,0.000000000000000000e+00,2.669709624697440020e+01,9.291369901201733228e+00,6.808934524499185237e+00,3.017554886154340821e+01,2.783197555540965240e+01,3.014080597145639473e+01,1.431778297297848823e+01,1.334338491416856876e+01,4.303430729356443152e+01,1.723083420773037133e+01,2.779871857118451572e+01,3.227518775729139122e+01,1.723083420773037133e+01,6.380551156876991037e+00,4.079585364610227316e+01,2.926647350684758209e+01,1.563945636846437104e+01,2.461368460693145011e+01,1.807141299554542258e+01,1.080767825845601493e+01,2.112702611410023223e+01,6.671692457084281713e+00,3.029872198117898563e+01,5.723710272628967921e+00,1.757438561730627669e+01,3.703462583929403706e+01,2.539109331526196556e+01,8.813316322129736591e+00,2.901602956860170934e+01,1.580321574851686606e+01,5.876162270727805392e+00,1.636716835037114137e+01,3.976520687577710333e+01,2.309169047198983549e+01,1.895199003326738918e+01,3.446119065749786614e+01,1.127962720885684611e+01,1.110053552866554227e+01,2.669709624697440020e+01,2.239933896470757446e+01,4.065521765176107749e+01,3.140561405927266492e+01,3.720726402031508684e+01,6.895908086216566701e+00,1.920726591680177009e+01,5.554196850649248951e+00,2.321855027315014652e+01,3.397237576436259587e+01
4.412671114210532153e+01,2.939996234192466318e+01,1.852140318688012499e+01,2.058545082110631697e+01,4.997909326274658781e+01,1.395162884169151774e+01,2.271151174743341272e+01,2.843227907207727512e+01,4.230086629955690825e+01,2.271151174743341272e+01,5.051343650623572046e+01,2.669709624697440020e+01,0.000000000000000000e+00,2.624624236530342003e+01,3.277540151816992875e+01,4.447794971389521734e+00,2.055792623626915727e+01,3.687631194990712657e+01,3.493665044995500324e+01,3.774809441403446897e+01,2.418687904078942452e+01,1.451898375133109376e+01,1.930587206453648008e+01,2.261971024614847536e+01,1.451898375133109376e+01,2.068151081546080050e+01,1.966841630859550705e+01,2.605664378665279557e+00,1.161656555474749553e+01,2.086731452336438508e+01,1.230659371430058080e+01,2.394033936535752005e+01,1.770220483018136193e+01,2.213995363162800345e+01,2.394033936535752005e+01,3.187655461873854890e+01,3.251708449069993634e+01,4.177142335917073268e+01,2.487080159207092223e+01,2.521306700917786969e+01,4.600454931150686377e+01,4.100934359619333947e+01,2.158828895068661780e+01,1.033020368039881554e+01,3.200879093851862933e+01,2.809552629759772557e+01,4.219659252458676946e+01,7.771756620218561729e+00,2.858045584340555223e+01,2.325295767073943054e+01,0.000000000000000000e+00,4.301818818681823586e+00,1.799732915764372265e+01,5.380507677402204081e+01,1.698435512659653313e+01,2.896026169485073609e+01,2.739592532738139141e+01,3.131097431505379092e+01,3.125276452874513922e+01,1.184250932195724992e+01
2.721548825651779779e+01,6.797594557054806863e+00,3.111115795710961862e+01,4.338729043571105848e+01,3.717488476435816835e+01,3.819493579882834666e+01,3.614614111054046219e+01,1.008545580445514567e+01,4.739219288472120439e+01,1.809118436866324942e+01,3.283652919735196463e+01,9.291369901201733228e+00,2.624624236530342003e+01,0.000000000000000000e+00,9.774163327365601006e+00,3.043451658213849598e+01,3.362181114060559395e+01,3.890310469924704506e+01,2.351456693904267325e+01,1.206972224052862153e+01,4.670184719958999153e+01,1.290734762389091550e+01,3.326235575218404250e+01,3.790858512317596762e+01,1.290734762389091550e+01,8.244726456349148691e+00,4.355718477084869988e+01,2.881468283485037674e+01,1.779117988555809049e+01,3.088949603454125636e+01,1.469887148568750668e+01,1.894048333958442143e+01,2.684433176833148949e+01,1.379092727866500745e+01,3.657860678674369836e+01,9.582535088892655040e+00,2.676085983704076909e+01,4.574606677725807202e+01,3.255203508393505274e+01,1.111948742847380434e+00,3.823137335088416222e+01,1.555561896541871292e+01,7.204299011886255322e+00,1.689921803671368039e+01,4.633565789256606138e+01,1.398633257977146194e+01,1.597385247514697681e+01,3.353449898197565204e+01,2.039586190699232660e+01,3.511771457156296350e+00,2.624624236530342003e+01,2.219238336238498377e+01,4.279667716751711737e+01,3.954696940069135280e+01,4.012231433316591023e+01,4.226933904953891208e+00,2.755031649373553293e+01,1.400252331337368439e+01,1.392718078843208929e+01,3.599506021372371123e+01
1.783686716795558880e+01,3.513580337913489338e+00,3.227518775729139833e+01,4.686943627995749040e+01,2.832926631594000710e+01,4.273174217547126119e+01,3.671951581316764646e+01,5.559743714236905276e+00,4.363409524715733312e+01,1.673461429933479749e+01,2.317553530990785760e+01,6.808934524499185237e+00,3.277540151816992875e+01,9.774163327365601006e+00,0.000000000000000000e+00,3.648841440889133025e+01,3.447041102826880632e+01,3.485061814716058137e+01,1.654347153832794604e+01,6.808934524499183460e+00,4.984292368764906200e+01,2.148991020565977550e+01,3.449723678173075569e+01,3.891820599965832628e+01,2.148991020565977550e+01,1.209879453447154063e+01,4.757357868555007485e+01,3.537494394122651897e+01,2.216284888953531862e+01,3.116426943638994018e+01,2.282903591853746761e+01,1.689970174957579019e+01,2.783197555540965595e+01,1.341253257534396148e+01,3.679504647409190454e+01,1.111948742847380434e+00,2.160022063747883436e+01,4.172200267426019593e+01,3.160666205966996145e+01,1.008545580445514389e+01,3.078530352970942019e+01,8.999004648604280732e+00,1.119649583901680501e+01,2.251754737081873259e+01,4.609474731242745094e+01,2.312724410771427230e+01,1.253026566267439890e+01,4.047251204316768280e+01,1.597634375056112610e+01,1.301900717268951624e+01,3.277540151816992875e+01,2.848371122905636454e+01,4.737450984620950578e+01,3.029487262553450933e+01,4.398996018818971265e+01,5.552230515163732782e+00,2.473715751979151278e+01,6.897095588420681267e+00,2.219323952135159317e+01,4.065589241930580755e+01
4.673928965558865656e+01,3.319265501578328070e+01,1.770220483018136193e+01,1.659485416331829200e+01,5.182515918342887318e+01,9.784352139959448635e+00,2.113226645387316438e+01,3.187655461873854534e+01,4.135494854624919014e+01,2.499237096485954623e+01,5.309120594901757784e+01,3.017554886154340821e+01,4.447794971389521734e+00,3.043451658213849598e+01,3.648841440889133025e+01,0.000000000000000000e+00,1.931763781799133284e+01,3.674195072356806691e+01,3.713263504684908867e+01,4.173062081506992627e+01,2.017322970587797215e+01,1.895184661128832460e+01,1.797941867534807869e+01,2.055792623626915727e+01,1.895184661128832460e+01,2.441064051851004280e+01,1.544263576213081279e+01,2.605664378665279557e+00,1.463134018871195963e+01,2.038778887740150125e+01,1.673442468529255933e+01,2.611408986581449554e+01,1.797941867534807869e+01,2.507304743271673786e+01,2.244771187787686273e+01,3.554434885752439754e+01,3.400404658732410468e+01,4.105487996728915334e+01,2.446985679820459225e+01,2.938029729675568902e+01,4.717228421378611358e+01,4.492299215344463903e+01,2.537912805409198924e+01,1.399057070181041240e+01,2.960052527472118911e+01,3.250273033747314599e+01,4.633072093843451000e+01,5.543093071799730431e+00,3.074786459115040671e+01,2.753746033351472278e+01,4.447794971389521734e+00,8.243958115951333099e+00,1.361703697784314215e+01,5.579066201293100846e+01,1.302962157628679840e+01,3.295425251432980929e+01,2.828416385209666828e+01,3.446878810876437882e+01,3.568583041351229923e+01,7.817512814864628901e+00
3.678377014379879029e+01,3.236104390181972690e+01,2.606881114259158139e+00,1.555468471480151216e+01,3.813326557666972860e+01,1.595303265244555035e+01,2.606968404566740727e+00,2.891066731403189749e+01,2.203971529603561663e+01,1.784311200311807966e+01,4.244965646239334234e+01,2.783197555540965240e+01,2.055792623626915727e+01,3.362181114060559395e+01,3.447041102826880632e+01,1.931763781799133284e+01,0.000000000000000000e+00,1.824804072901884311e+01,2.636871409134208477e+01,4.116458172162695917e+01,1.730737472463103899e+01,2.840387671643017242e+01,1.360187162489630230e+00,4.447794971389521734e+00,2.840387671643017242e+01,2.539019735834020608e+01,1.756273180134882139e+01,2.112985386769825880e+01,1.730737472463103899e+01,3.602559409088017528e+00,2.669853052157466422e+01,1.799803459917029258e+01,6.808934524499181684e+00,2.117076620112920793e+01,3.514098424848635549e+00,3.335846228542142455e+01,2.069396533725353393e+01,2.181416077406021614e+01,6.383402803073063403e+00,3.255686830749415606e+01,3.140165988645592421e+01,4.338733230398537444e+01,2.646320978637814747e+01,1.980030173942098770e+01,1.303571590563488769e+01,4.242331100812655365e+01,4.678100104335032938e+01,2.455875231887445409e+01,2.113977792403868960e+01,3.242019652244273686e+01,2.055792623626915727e+01,1.974079970742815604e+01,1.913653581401602821e+01,4.241879185206278180e+01,1.450161156507430071e+01,3.379908045693963459e+01,1.379508353970724244e+01,2.919736053019942901e+01,4.458008253218477535e+01,1.532045595608942712e+01
2.779871857118451928e+01,3.449143570978873896e+01,1.918719030166736417e+01,3.253986346789924511e+01,2.419934632853867029e+01,3.414981796986468510e+01,1.764709328329191607e+01,3.019338062544222012e+01,8.791914476320501493e+00,2.109394088535740508e+01,3.160816744365857289e+01,3.014080597145639473e+01,3.687631194990712657e+01,3.890310469924704506e+01,3.485061814716058137e+01,3.674195072356806691e+01,1.824804072901884311e+01,0.000000000000000000e+00,1.967267225555079690e+01,4.134821433826927972e+01,3.313625013459882496e+01,3.958987146683661251e+01,1.957001358591854512e+01,1.980756498842006152e+01,3.958987146683661251e+01,3.163390487627915348e+01,3.495042611019388090e+01,3.809920467574710301e+01,2.899713143717784547e+01,1.637512904114075241e+01,3.864158540170746647e+01,2.005868310430836843e+01,1.918719030166736417e+01,2.532586233788475383e+01,1.639561914516557550e+01,3.389741575523191841e+01,1.339006320169475650e+01,6.900973844151065961e+00,1.230560566692922997e+01,3.811648573663767792e+01,1.564996799391119886e+01,4.220823591835049626e+01,3.234890798728935835e+01,3.193194251283071949e+01,1.900065108126090507e+01,5.132107714107615948e+01,4.692861933645676231e+01,4.221415965610063381e+01,1.900065108126090863e+01,3.937102266293765496e+01,3.687631194990712657e+01,3.465714615356447581e+01,3.695352446524244527e+01,2.836542663581640866e+01,3.233595495394937558e+01,3.702927840041589747e+01,1.163574137623327509e+01,2.799697974847412141e+01,5.238105661666120483e+01,3.356552259625726720e+01
1.043155224127010428e+01,1.741307959799323513e+01,2.513100200110747906e+01,4.150931317102552498e+01,1.535645883649475429e+01,3.969610614254575154e+01,2.779638320270429830e+01,1.345192179710678104e+01,2.833954902615149507e+01,1.222612758663867361e+01,1.638321686289626555e+01,1.431778297297848823e+01,3.493665044995500324e+01,2.351456693904267325e+01,1.654347153832794604e+01,3.713263504684908867e+01,2.636871409134208477e+01,1.967267225555079690e+01,0.000000000000000000e+00,2.239960068559441453e+01,4.362472264288700075e+01,2.993929302586168717e+01,2.702742425976359186e+01,3.037782421549309575e+01,2.993929302586168717e+01,1.908091419280420098e+01,4.308247722594803264e+01,3.716903770536159612e+01,2.351456693904267325e+01,2.278531912820201200e+01,3.010403140680944034e+01,1.103177820548637023e+01,2.152702442665417593e+01,1.378991476335783162e+01,2.729213904701972737e+01,1.581753079376769477e+01,6.671692457084281713e+00,2.625601794612838802e+01,2.114085733934177114e+01,2.311684252292948472e+01,1.471680783606621290e+01,2.278531912820201200e+01,1.917786683792846603e+01,2.569231639534697464e+01,3.489793272440424232e+01,3.740602541318481400e+01,2.773714934198248372e+01,4.235281161088821023e+01,6.386261977066722828e+00,2.537757931070764172e+01,3.493665044995500324e+01,3.106939623917152460e+01,4.391453469981691882e+01,1.893189218388911144e+01,3.960897848591553583e+01,2.032364202046772661e+01,1.289541984278200815e+01,9.880352665677474278e+00,3.738729499257824074e+01,3.810692643350119369e+01
2.103173963502758426e+01,8.998954089731515893e+00,3.891820599965832628e+01,5.312099573310412381e+01,3.204480103152754111e+01,4.863973398015786387e+01,4.345125299571923705e+01,1.230683305851289866e+01,5.014005222639547554e+01,2.350887023318091806e+01,2.513172076710759129e+01,1.334338491416856876e+01,3.774809441403446897e+01,1.206972224052862153e+01,6.808934524499183460e+00,4.173062081506992627e+01,4.116458172162695917e+01,4.134821433826927972e+01,2.239960068559441453e+01,0.000000000000000000e+00,5.619271920216279881e+01,2.496636075338848926e+01,4.114210348535308981e+01,4.561018472241812560e+01,2.496636075338848926e+01,1.754366878725816292e+01,5.367447066647745402e+01,4.034921059599816573e+01,2.790574059945524610e+01,3.790401607277581064e+01,2.668973828556899619e+01,2.370486683694840480e+01,3.447041102826880632e+01,2.001507737125285402e+01,4.355760690183651462e+01,7.901593475133685374e+00,2.799371630216702656e+01,4.817822906892039470e+01,3.841339068944700585e+01,1.291113879864007252e+01,3.587540626034946456e+01,3.513839311060821036e+00,1.649011353272438996e+01,2.779114323936850539e+01,5.289535711653437744e+01,2.243996097797206701e+01,5.723670539699211801e+00,4.525625864131333742e+01,2.264941836046531520e+01,1.555375098387117738e+01,3.774809441403446897e+01,3.353939637862735168e+01,5.328995710978891509e+01,3.324168881216916560e+01,5.011990285311769355e+01,8.787938808095097087e+00,3.149729809659155322e+01,1.338733369503227522e+01,2.050375078227623149e+01,4.650859276046164581e+01
5.405317134909393673e+01,4.719395960942409118e+01,1.856726759772181623e+01,3.602055134544770443e+00,5.517004609636296664e+01,1.042456489924257212e+01,1.636894350709329515e+01,4.439818227071984325e+01,3.321985280240504324e+01,3.403192495843746457e+01,5.975684515832313792e+01,4.303430729356443152e+01,2.418687904078942452e+01,4.670184719958999153e+01,4.984292368764906200e+01,2.017322970587797215e+01,1.730737472463103899e+01,3.313625013459882496e+01,4.362472264288700075e+01,5.619271920216279881e+01,0.000000000000000000e+00,3.758884235325147927e+01,1.659829345653033172e+01,1.381084281524660184e+01,3.758884235325147927e+01,3.901303887474789889e+01,5.267463811115298711e+00,2.277510889501109759e+01,2.891066731403190460e+01,2.085330579178261345e+01,3.542115227653454923e+01,3.449091001485503938e+01,2.264724943473959229e+01,3.650549275676999628e+01,1.730298439040275227e+01,4.875189874403026380e+01,3.798900450352741132e+01,3.402883395752979112e+01,2.324509378951594840e+01,4.558989845674260977e+01,4.788025556333683852e+01,5.883571210494385895e+01,4.012235951087251351e+01,3.014538594278076289e+01,1.665866207642364216e+01,5.184843674190414475e+01,6.153379609685810436e+01,2.239200523814942301e+01,3.813911887516270838e+01,4.456091145266454845e+01,2.418687904078942452e+01,2.646171045930326216e+01,8.119946242722697605e+00,5.947524762036835710e+01,7.204047402837766789e+00,4.798739024634668482e+01,3.109244570685834574e+01,4.544835342784178067e+01,5.475572682335919694e+01,1.237671335938728490e+01
3.675571617564629889e+01,1.798970908036980276e+01,2.581848600331809607e+01,3.404300728311658730e+01,4.512811934538090952e+01,2.793113559793839684e+01,3.099297066704622239e+01,1.888702438384964566e+01,4.701899196909306511e+01,1.954264535889366883e+01,4.294387267580219003e+01,1.723083420773037133e+01,1.451898375133109376e+01,1.290734762389091550e+01,2.148991020565977550e+01,1.895184661128832460e+01,2.840387671643017242e+01,3.958987146683661251e+01,2.993929302586168717e+01,2.496636075338848926e+01,3.758884235325147927e+01,0.000000000000000000e+00,2.757830487927498808e+01,3.200612275338675516e+01,0.000000000000000000e+00,1.109530893036154175e+01,3.360644429717417125e+01,1.689889704124552594e+01,1.127092997356147919e+01,2.682275861014323226e+01,2.223897485694760867e+00,2.086975896572027622e+01,2.254620098028466302e+01,1.634708926179257915e+01,3.184644536572584528e+01,2.087704985160026894e+01,3.043083283529530902e+01,4.584735287013077709e+01,2.985775070183857594e+01,1.206566668567156420e+01,4.377141582763002958e+01,2.843384145594547618e+01,1.137048944829376929e+01,8.604477837231517157e+00,4.137279236685176187e+01,1.440633834226472842e+01,2.866898891667523230e+01,2.113495268888863876e+01,2.457369858628577930e+01,9.492661846856584873e+00,1.451898375133109376e+01,1.120212793152205322e+01,3.227510348819365049e+01,4.826773100670094863e+01,3.051037583361237893e+01,1.652899874315628992e+01,2.812545679483601901e+01,2.275118930835095910e+01,1.716946864717416332e+01,2.571869077432430117e+01
3.745717804769774517e+01,3.227518071104226749e+01,2.223897485694760867e+00,1.463589093647050632e+01,3.911644521023320209e+01,1.468577338701198087e+01,3.513839311060821036e+00,2.894264662500017238e+01,2.338513836979273108e+01,1.799798400925402575e+01,4.320644587823693428e+01,2.779871857118451572e+01,1.930587206453648008e+01,3.326235575218404250e+01,3.449723678173075569e+01,1.797941867534807869e+01,1.360187162489630230e+00,1.957001358591854512e+01,2.702742425976359186e+01,4.114210348535308981e+01,1.659829345653033172e+01,2.757830487927498808e+01,0.000000000000000000e+00,4.651127736852590289e+00,2.757830487927498808e+01,2.506024114523766499e+01,1.653232945335721027e+01,1.982082790922367010e+01,1.659829345653033172e+01,4.304557670371687905e+00,2.581848600331809607e+01,1.825325068348868385e+01,6.671692457084281713e+00,2.112702611410023223e+01,4.647665954097045748e+00,3.338618150020881359e+01,2.152702442665417593e+01,2.317268341216858829e+01,7.576500943865998927e+00,3.218552158660502727e+01,3.253160345113572305e+01,4.345125299571923705e+01,2.614679782611738545e+01,1.898990390479586665e+01,1.379448876593464135e+01,4.169826645564608469e+01,4.672164579863251532e+01,2.320448034334073029e+01,2.161592565260040288e+01,3.193170280293664476e+01,1.930587206453648008e+01,1.863267654460526046e+01,1.799123300633409528e+01,4.339037161988694891e+01,1.337390142499787338e+01,3.360699040695899242e+01,1.464121966090089799e+01,2.941835068782195250e+01,4.393273078635853324e+01,1.399603729157476373e+01
4.073917509791223068e+01,3.679499699798916623e+01,6.808934524499181684e+00,1.275996458250602572e+01,4.136814456727008604e+01,1.499416321935695784e+01,2.606968404566740727e+00,3.335846228542141745e+01,2.181416077406021614e+01,2.228054233907868209e+01,4.624156458861462937e+01,3.227518775729139122e+01,2.261971024614847536e+01,3.790858512317596762e+01,3.891820599965832628e+01,2.055792623626915727e+01,4.447794971389521734e+00,1.980756498842006152e+01,3.037782421549309575e+01,4.561018472241812560e+01,1.381084281524660184e+01,3.200612275338675516e+01,4.651127736852590289e+00,0.000000000000000000e+00,3.200612275338675516e+01,2.969943910557371325e+01,1.514325024213882642e+01,2.270926693767536975e+01,2.116404547021154059e+01,7.901622274242384059e+00,3.017681780915000544e+01,2.240480239592824674e+01,1.120237072181547333e+01,2.561096606283747690e+01,3.514098424848635549e+00,3.780625725681094451e+01,2.442119330199392735e+01,2.203971529603561663e+01,9.497632948007405318e+00,3.683331203685443711e+01,3.411905867095862277e+01,4.783314380908461771e+01,3.078290878948632070e+01,2.345879344365905794e+01,9.528817804027463367e+00,4.621738069947319616e+01,5.122192324565076404e+01,2.535149060065023363e+01,2.539131764507018829e+01,3.657760112572745470e+01,2.261971024614847536e+01,2.254764851894545075e+01,1.723272823974211576e+01,4.567500042416679662e+01,1.268225286435741950e+01,3.819560081285494846e+01,1.757844164061789627e+01,3.360723409380334914e+01,4.851151451527243097e+01,1.499416321935695784e+01
3.675571617564629889e+01,1.798970908036980276e+01,2.581848600331809607e+01,3.404300728311658730e+01,4.512811934538090952e+01,2.793113559793839684e+01,3.099297066704622239e+01,1.888702438384964566e+01,4.701899196909306511e+01,1.954264535889366883e+01,4.294387267580219003e+01,1.723083420773037133e+01,1.451898375133109376e+01,1.290734762389091550e+01,2.148991020565977550e+01,1.895184661128832460e+01,2.840387671643017242e+01,3.958987146683661251e+01,2.993929302586168717e+01,2.496636075338848926e+01,3.758884235325147927e+01,0.000000000000000000e+00,2.757830487927498808e+01,3.200612275338675516e+01,0.000000000000000000e+00,1.109530893036154175e+01,3.360644429717417125e+01,1.689889704124552594e+01,1.127092997356147919e+01,2.682275861014323226e+01,2.223897485694760867e+00,2.086975896572027622e+01,2.254620098028466302e+01,1.634708926179257915e+01,3.184644536572584528e+01,2.087704985160026894e+01,3.043083283529530902e+01,4.584735287013077709e+01,2.985775070183857594e+01,1.206566668567156420e+01,4.377141582763002958e+01,2.843384145594547618e+01,1.137048944829376929e+01,8.604477837231517157e+00,4.137279236685176187e+01,1.440633834226472842e+01,2.866898891667523230e+01,2.113495268888863876e+01,2.457369858628577930e+01,9.492661846856584873e+00,1.451898375133109376e+01,1.120212793152205322e+01,3.227510348819365049e+01,4.826773100670094863e+01,3.051037583361237893e+01,1.652899874315628992e+01,2.812545679483601901e+01,2.275118930835095910e+01,1.716946864717416332e+01,2.571869077432430117e+01
2.570380683621618445e+01,8.787706185188277175e+00,2.289444399178529110e+01,3.581523120360422752e+01,3.411082084008052107e+01,3.111010855483988280e+01,2.790632663748090536e+01,8.124830998277246863e+00,3.987323412859061733e+01,1.053996502693658854e+01,3.194577036260126590e+01,6.380551156876991037e+00,2.068151081546080050e+01,8.244726456349148691e+00,1.209879453447154063e+01,2.441064051851004280e+01,2.539019735834020608e+01,3.163390487627915348e+01,1.908091419280420098e+01,1.754366878725816292e+01,3.901303887474789889e+01,1.109530893036154175e+01,2.506024114523766499e+01,2.969943910557371325e+01,1.109530893036154175e+01,0.000000000000000000e+00,3.622537247244911640e+01,2.327892415154630967e+01,1.037021092143546142e+01,2.264797154168567417e+01,1.174491551016009083e+01,1.162516932829604066e+01,1.860402227275952214e+01,6.380551156876991037e+00,2.833402134431829822e+01,1.119649583901680501e+01,2.057741302388885174e+01,3.835593199530283925e+01,2.441741451394625884e+01,7.204299011886255322e+00,3.334887560546695795e+01,2.058901781215348947e+01,1.111948742847380434e+00,1.042525997218862699e+01,3.809380636897488159e+01,1.973254163922748816e+01,2.260996931346592476e+01,2.839714359028351254e+01,1.431141631367497524e+01,7.775942079622473635e+00,2.068151081546080050e+01,1.638668292340017985e+01,3.575872890249581104e+01,3.718385002986062915e+01,3.270156205304354557e+01,8.998878367691053981e+00,2.004904809299625512e+01,1.175480090254125898e+01,2.079113222307255882e+01,2.896981417950510718e+01
