0.000000000000000000e+00,2.220108138830236655e+01,4.662993367955559876e+01,1.652899874315628992e+01,4.105987286311742679e+01,3.720570503450282018e+01,3.043488070235877174e+01,1.336956358908377851e+01,4.063785382149991676e+01,3.538457673969093520e+01,3.368828968226035414e+01,2.770467739914164440e+01,2.431881929275985854e+01,7.817772860163088033e+00,1.161751948851791383e+01,8.807761474979423966e+00,2.016540571766126178e+01,7.143432159067690357e+00,4.632552722896418373e+01,2.828737493496889854e+01,1.127092997356147919e+01,2.008650319922531580e+01,3.116417486137853032e+01,1.920031328744791921e+01,3.152054586761551391e+01,2.840387671643017242e+01,3.331735908930550494e+01,3.536710111163137782e+01,6.792594410859980059e+00,4.610512957589495642e+01,3.306800485167940451e+01,2.413538852072991503e+01,3.635202597931801449e+01,1.893466318461813458e+01,3.783064574244496470e+01,1.852347051721713811e+01,1.659534462659064857e+01,5.041539522003036922e+01,8.115773721084202919e+00,8.895589942779043469e+00,2.698116731306253158e+01,1.470825077411668680e+01,7.021996775633763122e+00,1.762107765059247555e+01,1.810001988250114024e+01,1.637040874547564329e+01,2.896756850626171698e+01,1.646015240977962080e+01,1.966786555288062033e+01
2.220108138830236655e+01,0.000000000000000000e+00,3.035331941018768021e+01,1.824816840291986253e+01,2.104026261835523570e+01,3.298110958441582596e+01,2.735423514665975020e+01,1.637072066110625457e+01,2.799697974847412141e+01,1.401879530646380623e+01,2.350894771858184740e+01,6.897988004826310693e+00,2.410563365582665085e+01,2.088255841395854873e+01,1.653677894507650237e+01,1.364475060555577102e+01,1.144761942691750711e+01,2.862593504649170484e+01,2.462177581942292548e+01,1.338842354426408043e+01,1.829073043632208240e+01,2.773119065186965315e+01,3.358645158135765030e+01,1.730404831302324453e+01,1.120056369763317683e+01,1.825336295338757608e+01,1.111627801137455585e+01,1.432416251972766474e+01,1.560564584098966634e+01,2.936559445499922560e+01,1.799818655539528933e+01,1.441036410423773617e+01,2.151796274679840693e+01,2.116562403252667579e+01,3.909799294086742805e+01,1.080786787169998497e+01,1.688471556246667404e+01,3.463694916887827446e+01,2.989364410186811227e+01,2.220108138830236655e+01,5.272509687730289940e+00,2.643440490019130351e+01,1.858450321386299464e+01,5.878638675401101743e+00,2.017873758351882074e+01,7.156104494322010012e+00,4.397322898547020031e+01,8.609538483040626744e+00,3.078670539874101664e+01
4.662993367955559876e+01,3.035331941018768021e+01,0.000000000000000000e+00,3.180489467987984753e+01,1.253165306883420627e+01,6.163529758791781177e+01,5.689249104693808334e+01,3.386395641883956387e+01,8.831956029287193033e+00,1.958064500886194992e+01,5.078658493288268261e+01,3.202898684004880181e+01,5.434281535974542265e+01,4.071873482343035988e+01,3.547488585991698073e+01,4.066060205329324617e+01,2.647904886768826316e+01,5.376586507974766249e+01,1.909885477336548831e+01,1.861278050315711496e+01,3.649400988640613974e+01,3.681947871088495106e+01,6.376420386126093121e+01,4.765609826955739692e+01,3.355584726531598250e+01,4.673505023145058601e+01,2.577064526744859307e+01,1.857612254359758452e+01,4.035994355826580460e+01,4.875626032008016608e+01,4.334013740760268263e+01,4.393163299764140106e+01,4.581568774811600520e+01,3.139404872674328928e+01,6.890851223012882087e+01,2.816347213282402606e+01,4.713854433929218857e+01,4.308810946484194382e+00,5.179814674913274786e+01,5.049975680142028267e+01,3.020106682522641250e+01,5.576213482468124027e+01,4.002579843036076568e+01,3.587540626034946456e+01,3.149235535000091701e+01,3.691851038759275383e+01,5.287294787386667139e+01,3.083400415965006047e+01,6.053714851629943894e+01
1.652899874315628992e+01,1.824816840291986253e+01,3.180489467987984753e+01,0.000000000000000000e+00,2.935675354041678631e+01,4.672163121403487196e+01,4.012238212059921239e+01,3.602243954385257574e+00,2.478855168707817924e+01,2.617152661053571450e+01,3.950782353938303970e+01,2.512828118208934924e+01,3.489657596801607298e+01,9.288733401190707895e+00,5.212977885042785253e+00,1.501956095782386491e+01,8.125530302368304092e+00,2.323218332353328108e+01,3.656411024170117230e+01,1.533301607392666099e+01,5.268625085409638586e+00,9.494569403769435922e+00,4.363019671421827184e+01,2.793136252534677766e+01,2.941108545405318964e+01,3.379908045693963459e+01,2.707787088610718129e+01,2.567067928561419876e+01,1.237759178942770255e+01,4.753481186577486284e+01,3.553424784353756394e+01,2.919708003736302970e+01,3.913504260963838277e+01,3.335846228542140857e+00,5.011903459393005988e+01,7.778276406427855783e+00,2.589791524012966661e+01,3.518550493071951024e+01,2.015440153545899804e+01,2.345566287608416900e+01,2.328964479510829477e+01,2.962162575803226616e+01,9.523449642886317790e+00,1.825291428473373756e+01,2.223897485694760867e+00,1.799783242568495112e+01,2.633153071036237591e+01,9.786435438688693367e+00,3.483187666126465132e+01
4.105987286311742679e+01,2.104026261835523570e+01,1.253165306883420627e+01,2.935675354041678631e+01,0.000000000000000000e+00,4.999302483444083833e+01,4.574870630401801463e+01,3.013332231016926954e+01,1.649410213364383182e+01,7.786261878846368667e+00,3.891755309778254457e+01,2.082025673354236872e+01,4.393762185909543661e+01,3.681044144517213823e+01,3.138634802697335502e+01,3.358116808565989686e+01,2.190168996890862374e+01,4.807191675767209915e+01,8.617194372812079450e+00,1.402532694779681854e+01,3.283652919735196463e+01,3.696894009257772495e+01,5.313380929542759645e+01,3.776914554062995677e+01,2.160708215736125481e+01,3.532778921422499252e+01,1.380164862232490286e+01,7.035481787731197478e+00,3.431513864958817095e+01,3.622883477390656992e+01,3.129465949940084357e+01,3.309478268905566267e+01,3.355419339238753906e+01,3.028957458821711057e+01,5.781437790952362832e+01,2.317553530990785760e+01,3.774172825415009669e+01,1.649499439023861314e+01,4.760669806355657130e+01,4.294387267580219003e+01,1.934255541876673945e+01,4.746102601288178846e+01,3.538451654563192506e+01,2.691348433815022290e+01,2.994059148749285981e+01,2.815760710892917373e+01,5.424691668607650286e+01,2.460972081464455741e+01,5.180991497137871704e+01
3.720570503450282018e+01,3.298110958441582596e+01,6.163529758791781177e+01,4.672163121403487196e+01,4.999302483444083833e+01,0.000000000000000000e+00,6.808767727762985444e+00,4.336600097104784624e+01,6.075504614716309248e+01,4.228841273921303667e+01,1.127672172470371770e+01,2.963089404696434670e+01,1.289319549605851734e+01,4.279694163827621622e+01,4.227591237847155270e+01,3.236090356683757818e+01,4.303468731419602733e+01,3.774404280740360207e+01,4.864243241468796697e+01,4.633707227174478760e+01,4.345112753694284891e+01,5.463785231339980442e+01,1.050049219665019962e+01,1.895194210815223812e+01,2.841468963408912884e+01,1.497584453747802158e+01,3.619203408863114646e+01,4.319959423912899865e+01,3.581523120360423462e+01,2.355826393884693459e+01,1.905464976753615858e+01,1.860402227275952214e+01,1.800192320314484817e+01,5.005615901219513120e+01,9.768478709158001649e+00,4.170015201222355472e+01,2.130121302735182809e+01,6.591186723170022788e+01,4.375201766899652256e+01,2.881568746540548531e+01,3.157035259016811324e+01,2.511834529058944199e+01,4.039762138748516662e+01,2.941785593050041214e+01,4.894462978158171040e+01,2.919701002175660065e+01,6.617220669938947708e+01,3.819550563578410873e+01,2.332224153857923099e+01
3.043488070235877174e+01,2.735423514665975020e+01,5.689249104693808334e+01,4.012238212059921239e+01,4.574870630401801463e+01,6.808767727762985444e+00,0.000000000000000000e+00,3.671947868702182660e+01,5.533784331713770399e+01,3.796468311710676602e+01,9.583696486176430440e+00,2.497552684212299567e+01,6.188649366783870676e+00,3.599516083630388863e+01,3.558235977111618098e+01,2.561091286630340491e+01,3.683361420243168993e+01,3.127057416274317347e+01,4.542662447308672569e+01,4.073349848701489861e+01,3.671947251266706758e+01,4.789099824854393006e+01,8.450491155779355168e+00,1.223143617132118344e+01,2.459869613901769725e+01,1.053918895034289349e+01,3.208814655113985026e+01,3.878627456362682580e+01,2.903816997263480815e+01,2.459468556271658812e+01,1.638214940977212564e+01,1.303309795769839319e+01,1.666062841431986286e+01,4.345114841455114174e+01,1.206634166502412953e+01,3.542276471348488087e+01,1.451909278936641634e+01,6.119741024061283952e+01,3.712751177556690152e+01,2.215984207979416709e+01,2.669831270933496015e+01,1.893272751444894197e+01,3.360668663979244286e+01,2.325490581341759011e+01,4.234143582858190769e+01,2.289428530206378909e+01,5.939447668331420260e+01,3.186816227791231526e+01,1.798362147140322165e+01
1.336956358908377851e+01,1.637072066110625457e+01,3.386395641883956387e+01,3.602243954385257574e+00,3.013332231016926954e+01,4.336600097104784624e+01,3.671947868702182660e+01,0.000000000000000000e+00,2.738080799314264979e+01,2.606208234148437342e+01,3.650594074131329592e+01,2.324746201605461238e+01,3.140043924143191845e+01,6.885471217952146006e+00,1.756208340553932823e+00,1.144698408676874557e+01,8.235035672894861491e+00,2.029720650590965647e+01,3.678926549571100679e+01,1.632526344338664614e+01,2.718537108584307305e+00,1.184354085391975531e+01,4.006375187742948896e+01,2.450061144096466492e+01,2.755310902129807360e+01,3.078290878948632070e+01,2.613414085187543279e+01,2.570380683621618090e+01,8.787009139391676271e+00,4.527511102069986748e+01,3.296044950686488306e+01,2.614679782611738545e+01,3.656098213280790077e+01,6.808801046318039951e+00,4.657162545542612264e+01,7.153720617268219506e+00,2.240451844380276114e+01,3.745540356187218123e+01,1.797091070201258844e+01,1.990871446741983064e+01,2.159302410003540373e+01,2.606054566580200316e+01,6.378275246344074390e+00,1.544474778494953249e+01,5.723551486133680477e+00,1.501983291530170916e+01,2.760802727126850442e+01,7.777809021378850218e+00,3.127161464879140240e+01
4.063785382149991676e+01,2.799697974847412141e+01,8.831956029287193033e+00,2.478855168707817924e+01,1.649410213364383182e+01,6.075504614716309248e+01,5.533784331713770399e+01,2.738080799314264979e+01,0.000000000000000000e+00,2.112702611410023223e+01,5.052788837396959565e+01,3.149978526960869729e+01,5.193373155679603315e+01,3.401819990732445120e+01,2.909629411024837609e+01,3.586012317329823418e+01,2.109394088535740508e+01,4.766195084269865845e+01,2.476875774826187637e+01,1.471001396171147135e+01,2.983774173515419648e+01,2.859613371068104826e+01,6.142387315602020692e+01,4.488898180289180573e+01,3.404651647437922435e+01,4.581062147628981762e+01,2.682549081166056482e+01,2.001507737125285402e+01,3.488704280058238538e+01,5.116778226413963182e+01,4.363587274133771388e+01,4.233811095707611827e+01,4.657593625928279835e+01,2.379604010084181098e+01,6.708139114119610724e+01,2.285092517768308085e+01,4.391915342420039536e+01,1.090501525464933330e+01,4.493806667805113619e+01,4.567995759173808068e+01,2.938788443104727222e+01,5.136654751271051111e+01,3.373938697261456099e+01,3.279308212895158903e+01,2.408012156436902629e+01,3.360169738262064953e+01,4.420342461401171619e+01,2.607160588390760125e+01,5.638367309677290251e+01
3.538457673969093520e+01,1.401879530646380623e+01,1.958064500886194992e+01,2.617152661053571450e+01,7.786261878846368667e+00,4.228841273921303667e+01,3.796468311710676602e+01,2.606208234148437342e+01,2.112702611410023223e+01,0.000000000000000000e+00,3.129044750363817684e+01,1.303880813428678920e+01,3.620876186616131065e+01,3.224557449164615974e+01,2.700247174448455212e+01,2.730619931567807157e+01,1.809678124519841447e+01,4.217020257777516434e+01,1.096155954738441984e+01,1.207923840193220499e+01,2.863239985524667475e+01,3.488704280058238538e+01,4.536478561799228260e+01,3.018093257835992560e+01,1.399951102022484584e+01,2.756010418641928439e+01,6.191447616174822421e+00,1.111948742847380434e+00,2.859613371068104826e+01,3.005351098474090676e+01,2.377047943606943647e+01,2.532586233788475383e+01,2.625473519929479238e+01,2.788693342104809858e+01,5.003077629405277094e+01,1.891347642773078164e+01,3.031053813458809998e+01,2.377541987284363145e+01,4.252058684463177229e+01,3.621349073714975475e+01,1.163574137623327509e+01,4.035292911159500306e+01,3.044530673418705646e+01,1.985228706757776251e+01,2.728181528873276207e+01,2.116131218262627556e+01,5.224159608798314025e+01,1.934762056962037136e+01,4.450862742628891056e+01
3.368828968226035414e+01,2.350894771858184740e+01,5.078658493288268261e+01,3.950782353938303970e+01,3.891755309778254457e+01,1.127672172470371770e+01,9.583696486176430440e+00,3.650594074131329592e+01,5.052788837396959565e+01,3.129044750363817684e+01,0.000000000000000000e+00,1.904794921395625451e+01,1.302041940941278320e+01,3.757462757004342535e+01,3.576059346250039539e+01,2.677249342100441254e+01,3.447041102826879921e+01,3.634076681756221916e+01,3.736598673325303110e+01,3.650728798137113529e+01,3.720804493125719148e+01,4.827847318778159291e+01,1.798367902023943543e+01,1.463741128083847798e+01,1.731252961426465831e+01,5.723750029790480198e+00,2.513281851549884038e+01,3.224402542033500652e+01,3.037296817384520864e+01,1.534201451132187444e+01,7.780617236893816013e+00,1.037073658046458924e+01,7.158491989521903243e+00,4.279773699964380995e+01,2.030851229378534839e+01,3.338618831617967686e+01,1.721569637548735798e+01,5.503003337651059468e+01,4.130880650642221497e+01,2.682275861014323226e+01,2.114004753339991183e+01,2.551311220886735498e+01,3.499556499216600969e+01,2.130146894237461197e+01,4.170028826982723302e+01,2.151748626472680925e+01,6.188357835069290758e+01,3.014562690633356823e+01,2.602815406880465687e+01
2.770467739914164440e+01,6.897988004826310693e+00,3.202898684004880181e+01,2.512828118208934924e+01,2.082025673354236872e+01,2.963089404696434670e+01,2.497552684212299567e+01,2.324746201605461238e+01,3.149978526960869729e+01,1.303880813428678920e+01,1.904794921395625451e+01,0.000000000000000000e+00,2.325130285549437303e+01,2.741624819254863255e+01,2.333763956812115836e+01,1.889921127245890986e+01,1.801374583614247626e+01,3.353821821194871688e+01,2.187005909553564820e+01,1.784318868838523642e+01,2.508375546443174287e+01,3.461797001634976567e+01,3.233294474287264819e+01,1.763406219058668611e+01,4.306040827024400386e+00,1.470609941516169350e+01,7.581771453586336307e+00,1.382135404643774912e+01,2.151111326860069539e+01,2.265195867462006163e+01,1.230694417214355241e+01,1.230070659824214196e+01,1.556728239986333229e+01,2.799127374723575556e+01,3.703831580295872072e+01,1.757844164061789627e+01,1.823325496412093472e+01,3.631902930161726317e+01,3.568169953405629258e+01,2.585797264390463113e+01,2.223897485694760867e+00,2.889431119520845215e+01,2.500258697200887781e+01,1.009208514367783494e+01,2.702489436989042204e+01,1.138453969193195547e+01,5.083239032107513111e+01,1.550259150270909636e+01,3.250600382753574991e+01
2.431881929275985854e+01,2.410563365582665085e+01,5.434281535974542265e+01,3.489657596801607298e+01,4.393762185909543661e+01,1.289319549605851734e+01,6.188649366783870676e+00,3.140043924143191845e+01,5.193373155679603315e+01,3.620876186616131065e+01,1.302041940941278320e+01,2.325130285549437303e+01,0.000000000000000000e+00,3.014535590566202572e+01,3.014541599838660346e+01,2.006116281049180472e+01,3.242076366139885835e+01,2.511564649351706180e+01,4.477704642173733873e+01,3.722413394910726225e+01,3.116421114676576565e+01,4.225405222820046447e+01,9.493042918817117481e+00,7.204173169692200673e+00,2.395490809410821953e+01,1.093351022826670871e+01,3.076387585139988445e+01,3.690214175567445665e+01,2.335092359979499577e+01,2.830345459748015102e+01,1.771519880508917311e+01,1.102166289632691054e+01,1.917088635241310612e+01,3.819522045494555584e+01,1.544310411364529401e+01,3.088902556649408027e+01,8.998802784920510334e+00,5.864505685946148361e+01,3.093886262552910082e+01,1.597172532840783532e+01,2.459506952271845392e+01,1.302084810410092786e+01,2.783191032703629020e+01,1.920320427283539289e+01,3.709493301182332914e+01,1.856682760099538854e+01,5.328636233925571020e+01,2.728805189798428898e+01,1.300773506815238001e+01
7.817772860163088033e+00,2.088255841395854873e+01,4.071873482343035988e+01,9.288733401190707895e+00,3.681044144517213823e+01,4.279694163827621622e+01,3.599516083630388863e+01,6.885471217952146006e+00,3.401819990732445120e+01,3.224557449164615974e+01,3.757462757004342535e+01,2.741624819254863255e+01,3.014535590566202572e+01,0.000000000000000000e+00,5.435740680922753754e+00,1.080597684086172272e+01,1.495471165117109180e+01,1.404090706643405717e+01,4.312450940769580399e+01,2.314707962336152036e+01,4.225486356344119621e+00,1.252968629269509293e+01,3.790375280858381046e+01,2.397525619703992561e+01,3.162223837835803408e+01,3.194735094177222479e+01,3.153008984882806232e+01,3.199536660532183063e+01,7.203921711273814310e+00,4.821927578438335615e+01,3.538215783335139264e+01,2.735154547250982304e+01,3.890104817475830146e+01,1.127309888274522187e+01,4.456085053000948903e+01,1.363975724347182705e+01,2.151672692039390355e+01,4.425649909552306127e+01,1.108879032379301677e+01,1.609181076101386765e+01,2.612298957966169866e+01,2.219161950049404197e+01,2.606097787613048666e+00,1.810306154908657206e+01,1.053608885368727677e+01,1.721316533804190740e+01,2.440689258316575305e+01,1.301759565318701029e+01,2.728439442507478319e+01
1.161751948851791383e+01,1.653677894507650237e+01,3.547488585991698073e+01,5.212977885042785253e+00,3.138634802697335502e+01,4.227591237847155270e+01,3.558235977111618098e+01,1.756208340553932823e+00,2.909629411024837609e+01,2.700247174448455212e+01,3.576059346250039539e+01,2.333763956812115836e+01,3.014541599838660346e+01,5.435740680922753754e+00,0.000000000000000000e+00,1.009941655913267766e+01,9.518970970248338048e+00,1.856870068225149950e+01,3.782229564130485500e+01,1.771953869829647488e+01,1.756079240038379563e+00,1.252983086997194917e+01,3.867529144706210076e+01,2.335092359979499577e+01,2.762895026235828055e+01,3.003980206379107898e+01,2.670436420076578443e+01,2.670318127535234964e+01,7.204173169692200673e+00,4.504737423724262158e+01,3.255288041917049924e+01,2.538997370923003061e+01,3.614258298393978919e+01,8.244836484230653184e+00,4.521894615643776660e+01,8.234042354508163797e+00,2.117070184751670325e+01,3.910806116538964261e+01,1.645025363402811536e+01,1.824268511325217901e+01,2.180379187745153402e+01,2.440989005355385189e+01,4.644146949031727090e+00,1.497546535739829032e+01,7.204424929468178362e+00,1.440910190719765538e+01,2.753362753856174194e+01,8.124132065057349195e+00,2.961977859872043339e+01
8.807761474979423966e+00,1.364475060555577102e+01,4.066060205329324617e+01,1.501956095782386491e+01,3.358116808565989686e+01,3.236090356683757818e+01,2.561091286630340491e+01,1.144698408676874557e+01,3.586012317329823418e+01,2.730619931567807157e+01,2.677249342100441254e+01,1.889921127245890986e+01,2.006116281049180472e+01,1.080597684086172272e+01,1.009941655913267766e+01,0.000000000000000000e+00,1.478124187169727577e+01,1.498137433882686942e+01,3.813671745118639933e+01,2.205242254572581473e+01,1.111948742847380345e+01,2.228046080806610263e+01,2.861676783071608909e+01,1.341243099733360467e+01,2.272725798454183987e+01,2.116404547021154059e+01,2.471705932018986474e+01,2.741916612702029354e+01,3.602055134544763781e+00,3.796251521423972974e+01,2.497421518402608243e+01,1.659829345653033172e+01,2.841198178879943725e+01,1.825257850141770177e+01,3.513345817500724877e+01,1.302766552967993441e+01,1.111948742847381055e+01,4.470389715571079847e+01,1.684607424305776036e+01,9.867093913997660337e+00,1.823325496412093472e+01,1.554815949475572623e+01,8.244506599529882962e+00,8.813316322129734814e+00,1.717053556946025239e+01,7.571998535563775334e+00,3.514201496315540396e+01,9.872052709615983801e+00,2.065986230081392705e+01
2.016540571766126178e+01,1.144761942691750711e+01,2.647904886768826316e+01,8.125530302368304092e+00,2.190168996890862374e+01,4.303468731419602733e+01,3.683361420243168993e+01,8.235035672894861491e+00,2.109394088535740508e+01,1.809678124519841447e+01,3.447041102826879921e+01,1.801374583614247626e+01,3.242076366139885835e+01,1.495471165117109180e+01,9.518970970248338048e+00,1.478124187169727577e+01,0.000000000000000000e+00,2.730771648753683678e+01,2.865793103880497839e+01,8.241005938618055637e+00,1.093483930984023367e+01,1.730192105815419623e+01,4.173245653937341615e+01,2.521659059619070575e+01,2.216687467114773114e+01,2.894265448741980862e+01,1.906182717041546582e+01,1.764709328329191607e+01,1.393771580035303082e+01,4.066402128384872583e+01,2.941859852137223541e+01,2.461368460693145011e+01,3.295657632686654637e+01,1.033568734610626905e+01,4.785992950051549144e+01,1.756984417190331493e+00,2.376311244662998234e+01,3.033465694486244857e+01,2.591381059127543551e+01,2.458602019101637381e+01,1.597670049393264868e+01,3.031871049435428134e+01,1.377670691770655331e+01,1.361790246861601439e+01,9.526428650291931532e+00,1.395338323470314990e+01,3.442170078762155327e+01,5.213849516872808287e+00,3.538933112329437591e+01
7.143432159067690357e+00,2.862593504649170484e+01,5.376586507974766249e+01,2.323218332353328108e+01,4.807191675767209915e+01,3.774404280740360207e+01,3.127057416274317347e+01,2.029720650590965647e+01,4.766195084269865845e+01,4.217020257777516434e+01,3.634076681756221916e+01,3.353821821194871688e+01,2.511564649351706180e+01,1.404090706643405717e+01,1.856870068225149950e+01,1.498137433882686942e+01,2.730771648753683678e+01,0.000000000000000000e+00,5.306055528729362436e+01,3.542672789861129701e+01,1.798210159068316116e+01,2.511564649351706180e+01,3.003654747162779159e+01,2.178581638894062422e+01,3.705319010186600082e+01,3.160363772748605271e+01,3.968103322112080633e+01,4.221415965610063381e+01,1.376191070993857579e+01,4.999909536956857892e+01,3.711970118692668308e+01,2.785394889947745867e+01,4.011848256684788794e+01,2.529595170225005063e+01,3.650303859069632040e+01,2.566654760115227063e+01,1.930837066886910591e+01,5.753255191701382643e+01,6.671692457084281713e+00,9.518108174749764672e+00,3.309286570653880233e+01,1.289161815583868886e+01,1.392455389946170285e+01,2.352201241571657775e+01,2.457699538852727628e+01,2.218801812271632912e+01,3.005327668772957495e+01,2.352201241571657775e+01,1.673437080922181508e+01
4.632552722896418373e+01,2.462177581942292548e+01,1.909885477336548831e+01,3.656411024170117230e+01,8.617194372812079450e+00,4.864243241468796697e+01,4.542662447308672569e+01,3.678926549571100679e+01,2.476875774826187637e+01,1.096155954738441984e+01,3.736598673325303110e+01,2.187005909553564820e+01,4.477704642173733873e+01,4.312450940769580399e+01,3.782229564130485500e+01,3.813671745118639933e+01,2.865793103880497839e+01,5.306055528729362436e+01,0.000000000000000000e+00,2.154231710698070756e+01,3.941222676390176360e+01,4.477704642173733873e+01,5.341430347000056145e+01,3.950128097016417428e+01,2.091579383544266690e+01,3.491013999557156922e+01,1.433696038062191569e+01,1.112946888809228518e+01,3.954210886960161275e+01,3.140565850061626207e+01,2.959410147079853104e+01,3.376558896965404699e+01,3.103191981615721673e+01,3.790890381310947532e+01,5.730065843883321719e+01,2.964286798982920601e+01,4.003474514416208763e+01,2.223897485694761400e+01,5.347835083132105893e+01,4.675061746390669981e+01,2.118077346748566470e+01,5.049189238813286806e+01,4.137975655279522158e+01,3.029121320214901303e+01,3.743298703171722508e+01,3.163712226886522672e+01,6.215020901036834289e+01,3.029121320214901303e+01,5.432695081537692516e+01
2.828737493496889854e+01,1.338842354426408043e+01,1.861278050315711496e+01,1.533301607392666099e+01,1.402532694779681854e+01,4.633707227174478760e+01,4.073349848701489861e+01,1.632526344338664614e+01,1.471001396171147135e+01,1.207923840193220499e+01,3.650728798137113529e+01,1.784318868838523642e+01,3.722413394910726225e+01,2.314707962336152036e+01,1.771953869829647488e+01,2.205242254572581473e+01,8.241005938618055637e+00,3.542672789861129701e+01,2.154231710698070756e+01,0.000000000000000000e+00,1.904380055197095345e+01,2.323613616040086427e+01,4.671390662735782229e+01,3.018572087802647630e+01,2.117085237685748211e+01,3.149765276182230522e+01,1.544758165392999416e+01,1.128545746834906360e+01,2.183712648958134039e+01,3.950941138328737168e+01,3.014580840937932749e+01,2.779533270249281074e+01,3.338622930037045933e+01,1.638551165221061368e+01,5.240230105113482040e+01,9.782145706971776988e+00,2.927863286000897602e+01,2.266117001848113688e+01,3.414718274057778302e+01,3.190277827861084248e+01,1.562669453742942594e+01,3.727273931808840501e+01,2.201586215688147163e+01,1.809601386004975865e+01,1.596509511499418643e+01,1.894534856912319043e+01,4.061517692869919927e+01,1.222373906198311211e+01,4.215058667618275479e+01
1.127092997356147919e+01,1.829073043632208240e+01,3.649400988640613974e+01,5.268625085409638586e+00,3.283652919735196463e+01,4.345112753694284891e+01,3.671947251266706758e+01,2.718537108584307305e+00,2.983774173515419648e+01,2.863239985524667475e+01,3.720804493125719148e+01,2.508375546443174287e+01,3.116421114676576565e+01,4.225486356344119621e+00,1.756079240038379563e+00,1.111948742847380345e+01,1.093483930984023367e+01,1.798210159068316116e+01,3.941222676390176360e+01,1.904380055197095345e+01,0.000000000000000000e+00,1.120222887660346522e+01,3.950667544996704805e+01,2.450060218735431761e+01,2.937224297491569658e+01,3.149517460853208917e+01,2.843873806118977043e+01,2.830667538532089367e+01,7.901392374834645516e+00,4.672269861023981008e+01,3.417222010661264875e+01,2.684433176833148238e+01,3.775520775372591942e+01,7.819336319154217563e+00,4.609326944547641602e+01,9.774163327365601006e+00,2.223897485694761400e+01,4.003474514416208763e+01,1.530793967631892727e+01,1.856463152480069212e+01,2.355862873335833996e+01,2.475225778975169888e+01,4.302869833134275623e+00,1.659829345653032817e+01,6.895019245667531216e+00,1.597385247514697326e+01,2.581091653892782389e+01,9.872052709615983801e+00,2.994450388372035121e+01
2.008650319922531580e+01,2.773119065186965315e+01,3.681947871088495106e+01,9.494569403769435922e+00,3.696894009257772495e+01,5.463785231339980442e+01,4.789099824854393006e+01,1.184354085391975531e+01,2.859613371068104826e+01,3.488704280058238538e+01,4.827847318778159291e+01,3.461797001634976567e+01,4.225405222820046447e+01,1.252968629269509293e+01,1.252983086997194917e+01,2.228046080806610263e+01,1.730192105815419623e+01,2.511564649351706180e+01,4.477704642173733873e+01,2.323613616040086427e+01,1.120222887660346522e+01,0.000000000000000000e+00,5.033193377108580080e+01,3.568603308996595302e+01,3.890404126699787923e+01,4.255558594478985412e+01,3.636331639775428215e+01,3.426121283805451867e+01,1.890312862840547226e+01,5.695850450485936278e+01,4.478017996722005023e+01,3.790829170709505291e+01,4.838248830167844972e+01,7.024575285470215924e+00,5.696917799132801719e+01,1.721485221756359607e+01,3.338613390585536678e+01,3.949517798206848340e+01,1.983434237621960250e+01,2.861657025274631039e+01,3.278354537539991043e+01,3.468714417428855512e+01,1.451906158771731903e+01,2.728805189798428898e+01,7.776408425598400953e+00,2.684402744015742215e+01,1.738626002224962974e+01,1.920320427283539289e+01,3.973325281504011741e+01
3.116417486137853032e+01,3.358645158135765030e+01,6.376420386126093121e+01,4.363019671421827184e+01,5.313380929542759645e+01,1.050049219665019962e+01,8.450491155779355168e+00,4.006375187742948896e+01,6.142387315602020692e+01,4.536478561799228260e+01,1.798367902023943543e+01,3.233294474287264819e+01,9.493042918817117481e+00,3.790375280858381046e+01,3.867529144706210076e+01,2.861676783071608909e+01,4.173245653937341615e+01,3.003654747162779159e+01,5.341430347000056145e+01,4.671390662735782229e+01,3.950667544996704805e+01,5.033193377108580080e+01,0.000000000000000000e+00,1.659583537766880923e+01,3.250074399191992569e+01,1.857922745559891098e+01,3.971325295271747535e+01,4.610821428483207285e+01,3.160528308364929728e+01,3.264654661385994672e+01,2.476731174785751577e+01,2.003944998026535984e+01,2.509937914546452831e+01,4.686819792688845610e+01,6.671692457084281713e+00,4.015630024958409194e+01,1.800964736992812831e+01,6.807016251531891271e+01,3.650303859069632040e+01,2.228041005480257297e+01,3.382800195523297049e+01,1.716958690540481669e+01,3.581500366495497190e+01,2.866994520044140771e+01,4.578730333148789100e+01,2.798478127769271495e+01,5.969467639270700943e+01,3.655571967000210520e+01,1.398936049518495750e+01
1.920031328744791921e+01,1.730404831302324453e+01,4.765609826955739692e+01,2.793136252534677766e+01,3.776914554062995677e+01,1.895194210815223812e+01,1.223143617132118344e+01,2.450061144096466492e+01,4.488898180289180573e+01,3.018093257835992560e+01,1.463741128083847798e+01,1.763406219058668611e+01,7.204173169692200673e+00,2.397525619703992561e+01,2.335092359979499577e+01,1.341243099733360467e+01,2.521659059619070575e+01,2.178581638894062422e+01,3.950128097016417428e+01,3.018572087802647630e+01,2.450060218735431761e+01,3.568603308996595302e+01,1.659583537766880923e+01,0.000000000000000000e+00,1.933606579641030621e+01,9.872880717253256222e+00,2.520372942530111970e+01,3.076922425889843282e+01,1.689927165084248628e+01,2.844133451576557903e+01,1.596164431411057905e+01,6.888764164180317451e+00,1.858978723734177763e+01,3.125305398822338177e+01,2.264544795699344348e+01,2.368828879799177756e+01,2.606358439941325766e+00,5.194099348747707268e+01,2.668363462916641282e+01,1.228984740155271105e+01,1.858978723734178118e+01,1.242727725721099574e+01,2.151682163525073932e+01,1.209832518356506448e+01,3.014547616510996164e+01,1.138978170768234932e+01,4.785433547504515417e+01,2.008847713603541862e+01,1.510647313932954638e+01
3.152054586761551391e+01,1.120056369763317683e+01,3.355584726531598250e+01,2.941108545405318964e+01,2.160708215736125481e+01,2.841468963408912884e+01,2.459869613901769725e+01,2.755310902129807360e+01,3.404651647437922435e+01,1.399951102022484584e+01,1.731252961426465831e+01,4.306040827024400386e+00,2.395490809410821953e+01,3.162223837835803408e+01,2.762895026235828055e+01,2.272725798454183987e+01,2.216687467114773114e+01,3.705319010186600082e+01,2.091579383544266690e+01,2.117085237685748211e+01,2.937224297491569658e+01,3.890404126699787923e+01,3.250074399191992569e+01,1.933606579641030621e+01,0.000000000000000000e+00,1.405950772490801270e+01,7.823268981051239912e+00,1.498079433674843308e+01,2.552905623442675420e+01,1.860657180233159735e+01,9.788321038262379759e+00,1.303032517946605395e+01,1.253084787062018002e+01,3.223892955005052841e+01,3.658147620805439004e+01,2.181436473928862796e+01,2.043560263261965204e+01,3.777054986550550808e+01,3.957046850586078790e+01,2.890124168495724177e+01,6.190708175283254455e+00,3.129257705859894045e+01,2.917547592514967647e+01,1.394697008016524542e+01,3.128519631077687890e+01,1.515525978470022217e+01,5.513393995406040915e+01,1.980774534095700190e+01,3.443975239514210074e+01
2.840387671643017242e+01,1.825336295338757608e+01,4.673505023145058601e+01,3.379908045693963459e+01,3.532778921422499252e+01,1.497584453747802158e+01,1.053918895034289349e+01,3.078290878948632070e+01,4.581062147628981762e+01,2.756010418641928439e+01,5.723750029790480198e+00,1.470609941516169350e+01,1.093351022826670871e+01,3.194735094177222479e+01,3.003980206379107898e+01,2.116404547021154059e+01,2.894265448741980862e+01,3.160363772748605271e+01,3.491013999557156922e+01,3.149765276182230522e+01,3.149517460853208917e+01,4.255558594478985412e+01,1.857922745559891098e+01,9.872880717253256222e+00,1.405950772490801270e+01,0.000000000000000000e+00,2.159941080044860939e+01,2.842147274559080117e+01,2.475635713494295587e+01,1.860038013260900414e+01,6.803446810289286439e+00,4.651127736852590289e+00,8.819818550060627871e+00,3.709532465156134151e+01,2.254764851894545075e+01,2.779871857118451572e+01,1.229526815699489894e+01,5.102469482551228452e+01,3.619903699414650333e+01,2.214168310679830043e+01,1.660174690600880254e+01,2.182074803098096893e+01,2.935805428712312448e+01,1.562659241274617372e+01,3.599576587000119332e+01,1.580315816794818673e+01,5.630441575401828658e+01,2.450065779462704185e+01,2.334011268335188305e+01
3.331735908930550494e+01,1.111627801137455585e+01,2.577064526744859307e+01,2.707787088610718129e+01,1.380164862232490286e+01,3.619203408863114646e+01,3.208814655113985026e+01,2.613414085187543279e+01,2.682549081166056482e+01,6.191447616174822421e+00,2.513281851549884038e+01,7.581771453586336307e+00,3.076387585139988445e+01,3.153008984882806232e+01,2.670436420076578443e+01,2.471705932018986474e+01,1.906182717041546582e+01,3.968103322112080633e+01,1.433696038062191569e+01,1.544758165392999416e+01,2.843873806118977043e+01,3.636331639775428215e+01,3.971325295271747535e+01,2.520372942530111970e+01,7.823268981051239912e+00,2.159941080044860939e+01,0.000000000000000000e+00,7.206577111067046459e+00,2.669701830036997592e+01,2.450076962797984947e+01,1.758077956986630142e+01,1.975904505385039656e+01,2.009188045594489580e+01,2.937747848999769573e+01,4.413696253824547711e+01,1.933396742581681238e+01,2.569805871474691017e+01,2.996580111925342393e+01,4.096882373293334467e+01,3.271820069121608299e+01,6.898682361194614643e+00,3.620499917326411321e+01,2.939321785190121261e+01,1.633330526158446361e+01,2.858825514405595669e+01,1.769332521696155780e+01,5.340302764200414742e+01,1.859861234603738822e+01,3.999010182877795216e+01
3.536710111163137782e+01,1.432416251972766474e+01,1.857612254359758452e+01,2.567067928561419876e+01,7.035481787731197478e+00,4.319959423912899865e+01,3.878627456362682580e+01,2.570380683621618090e+01,2.001507737125285402e+01,1.111948742847380434e+00,3.224402542033500652e+01,1.382135404643774912e+01,3.690214175567445665e+01,3.199536660532183063e+01,2.670318127535234964e+01,2.741916612702029354e+01,1.764709328329191607e+01,4.221415965610063381e+01,1.112946888809228518e+01,1.128545746834906360e+01,2.830667538532089367e+01,3.426121283805451867e+01,4.610821428483207285e+01,3.076922425889843282e+01,1.498079433674843308e+01,2.842147274559080117e+01,7.206577111067046459e+00,0.000000000000000000e+00,2.857450670077139421e+01,3.116435741162546691e+01,2.476401548381592477e+01,2.607160588390760125e+01,2.729378080602764456e+01,2.728181528873276207e+01,5.085193592220245051e+01,1.855044097881258836e+01,3.081622092626408360e+01,2.279304016320272908e+01,4.238953214593661301e+01,3.646866273213797172e+01,1.230707387895048477e+01,4.073413357435516247e+01,3.026200310749863220e+01,2.019192987030793773e+01,2.670929979015803823e+01,2.148026683643584889e+01,5.163454687975156077e+01,1.918719030166736417e+01,4.496465395834769652e+01
6.792594410859980059e+00,1.560564584098966634e+01,4.035994355826580460e+01,1.237759178942770255e+01,3.431513864958817095e+01,3.581523120360423462e+01,2.903816997263480815e+01,8.787009139391676271e+00,3.488704280058238538e+01,2.859613371068104826e+01,3.037296817384520864e+01,2.151111326860069539e+01,2.335092359979499577e+01,7.203921711273814310e+00,7.204173169692200673e+00,3.602055134544763781e+00,1.393771580035303082e+01,1.376191070993857579e+01,3.954210886960161275e+01,2.183712648958134039e+01,7.901392374834645516e+00,1.890312862840547226e+01,3.160528308364929728e+01,1.689927165084248628e+01,2.552905623442675420e+01,2.475635713494295587e+01,2.669701830036997592e+01,2.857450670077139421e+01,0.000000000000000000e+00,4.135047275534736855e+01,2.841062902128464174e+01,2.017653053804244578e+01,3.188492805488309045e+01,1.544404250736765860e+01,3.819484102987470209e+01,1.221539872754424749e+01,1.451907718374276257e+01,4.426325762984222223e+01,1.429081335925147833e+01,1.119244652703410914e+01,2.057090746271376958e+01,1.730224367114436745e+01,4.650737399573142028e+00,1.162229680718006186e+01,1.440859808591322810e+01,1.053763806054414687e+01,3.155818865732193501e+01,9.773025266474656192e+00,2.251103203848650480e+01
4.610512957589495642e+01,2.936559445499922560e+01,4.875626032008016608e+01,4.753481186577486284e+01,3.622883477390656992e+01,2.355826393884693459e+01,2.459468556271658812e+01,4.527511102069986748e+01,5.116778226413963182e+01,3.005351098474090676e+01,1.534201451132187444e+01,2.265195867462006163e+01,2.830345459748015102e+01,4.821927578438335615e+01,4.504737423724262158e+01,3.796251521423972974e+01,4.066402128384872583e+01,4.999909536956857892e+01,3.140565850061626207e+01,3.950941138328737168e+01,4.672269861023981008e+01,5.695850450485936278e+01,3.264654661385994672e+01,2.844133451576557903e+01,1.860657180233159735e+01,1.860038013260900414e+01,2.450076962797984947e+01,3.116435741162546691e+01,4.135047275534736855e+01,0.000000000000000000e+00,1.303794817416393137e+01,2.216250958149405648e+01,9.882851285879933556e+00,5.052318527871356935e+01,3.332129178247514290e+01,4.016609139517339599e+01,3.076654934670826336e+01,5.260013874063398021e+01,5.413120338689810751e+01,4.063119307415958303e+01,2.473915181113299155e+01,4.033112550545545361e+01,4.563338475266363758e+01,3.019210216653639733e+01,4.952213061009098283e+01,3.100879179098333438e+01,7.245539923550164474e+01,3.776132831389857358e+01,4.128912204937066122e+01
3.306800485167940451e+01,1.799818655539528933e+01,4.334013740760268263e+01,3.553424784353756394e+01,3.129465949940084357e+01,1.905464976753615858e+01,1.638214940977212564e+01,3.296044950686488306e+01,4.363587274133771388e+01,2.377047943606943647e+01,7.780617236893816013e+00,1.230694417214355241e+01,1.771519880508917311e+01,3.538215783335139264e+01,3.255288041917049924e+01,2.497421518402608243e+01,2.941859852137223541e+01,3.711970118692668308e+01,2.959410147079853104e+01,3.014580840937932749e+01,3.417222010661264875e+01,4.478017996722005023e+01,2.476731174785751577e+01,1.596164431411057905e+01,9.788321038262379759e+00,6.803446810289286439e+00,1.758077956986630142e+01,2.476401548381592477e+01,2.841062902128464174e+01,1.303794817416393137e+01,0.000000000000000000e+00,9.296655299032440922e+00,3.602875810187272876e+00,3.868291665678803781e+01,2.786805504699930935e+01,2.861914818264782667e+01,1.808226264728145338e+01,4.754589834454885988e+01,4.110295096340570353e+01,2.787412533426664751e+01,1.451928080790546360e+01,2.828095438386680982e+01,3.278218611374801128e+01,1.757797488218152537e+01,3.762977664880855855e+01,1.824939082436386428e+01,5.973053383591581422e+01,2.578908767083332521e+01,3.008942940946444367e+01
2.413538852072991503e+01,1.441036410423773617e+01,4.393163299764140106e+01,2.919708003736302970e+01,3.309478268905566267e+01,1.860402227275952214e+01,1.303309795769839319e+01,2.614679782611738545e+01,4.233811095707611827e+01,2.532586233788475383e+01,1.037073658046458924e+01,1.230070659824214196e+01,1.102166289632691054e+01,2.735154547250982304e+01,2.538997370923003061e+01,1.659829345653033172e+01,2.461368460693145011e+01,2.785394889947745867e+01,3.376558896965404699e+01,2.779533270249281074e+01,2.684433176833148238e+01,3.790829170709505291e+01,2.003944998026535984e+01,6.888764164180317451e+00,1.303032517946605395e+01,4.651127736852590289e+00,1.975904505385039656e+01,2.607160588390760125e+01,2.017653053804244578e+01,2.216250958149405648e+01,9.296655299032440922e+00,0.000000000000000000e+00,1.230070659824213664e+01,3.250354494231300606e+01,2.498273317155538464e+01,2.339050538317768613e+01,8.813316322129734814e+00,4.823989847541866283e+01,3.206359603453041984e+01,1.857747070395661382e+01,1.381568467471205786e+01,1.931533947150662911e+01,2.475577047244207307e+01,1.111948742847381055e+01,3.140069940994831654e+01,1.120235042082736499e+01,5.173469666219899921e+01,2.001507737125285402e+01,2.176872822494764392e+01
