0.000000000000000000e+00,4.239468446320304906e+01,5.432695081537692516e+01,1.919800659183686165e+01,5.287386971170529648e+01,3.379768733969867611e+01,3.999618793130962757e+01,7.019939000565704745e+00,3.091377614820621389e+01,4.633769500829895804e+01,4.937420321237112120e+01,2.731070980449350927e+01,2.723380890244313335e+01,2.157776846663018588e+01,1.101260440387455830e+01,4.049965472781214260e+01,4.422185332609538477e+01,4.287320213089180498e+01,3.135712728097828972e+01,3.024647271869480036e+01,2.857186343954993646e+01,5.207791613721556701e+01,1.209318017708521609e+01,1.981635181224429587e+01,1.933696242125760634e+01,1.462907058771088131e+01,5.365550578674191939e+01,1.469665842267745326e+01,2.067885497332224531e+01,3.705733000461192006e+01,2.774482489296351773e+01,3.153405655273318331e+01,2.705332368534640253e+01,1.722326766440841439e+01,2.437658836548622787e+01,4.242331100812655365e+01,1.966786555288062033e+01,3.959412089019958358e+01,2.475108966817856881e+01,6.325389562953652245e+01,5.619249823155822554e+01,1.856287934270227069e+01,3.512031550059252538e+01,4.008654360681107676e+01,2.994450388372035121e+01,2.602815406880465687e+01,4.813628061464009988e+01,2.223708076915469789e+01,6.030980338767827575e+00,3.929533587712397491e+01,1.498319861341781056e+01,7.203043974316522657e+00,2.591696489988875030e+01,2.350825376793191523e+01,2.239322581037346893e+01,4.200166948979981640e+01,1.227414850417099856e+01,3.612192998282073830e+01,6.093487071485279216e+01,4.412475244350583381e+01
4.239468446320304906e+01,0.000000000000000000e+00,1.551344342269542409e+01,3.889309530032794981e+01,3.449733615685214971e+01,5.271033470959867628e+01,3.517218789014761260e+00,3.779150457258647577e+01,2.930104078875613283e+01,5.212039180717453490e+01,3.950970123478006713e+01,1.693390511025639711e+01,4.815005111833351492e+01,3.378562660255360584e+01,3.415365954270242099e+01,3.758416455383525800e+01,1.779117988555809049e+01,3.335846228542140857e+00,2.759612771501824824e+01,1.470901944762206170e+01,2.334889748334213522e+01,1.958106766479080463e+01,3.580573067033202506e+01,2.316698384093741225e+01,4.467589178010329931e+01,3.617543242217863053e+01,4.245125862543017803e+01,3.489234867973053866e+01,3.664120362359195582e+01,1.699205740182263114e+01,1.501987412592698767e+01,1.895218303582210950e+01,3.112810873217101815e+01,2.772839600257879411e+01,1.934993497410445329e+01,4.433627636767147351e+01,4.352392365576908162e+01,3.974153601991290685e+01,4.112926870583288519e+01,4.499705687650259023e+01,4.456134107872777861e+01,3.614552471429517766e+01,3.060300430713652275e+01,2.432396691317441650e+01,4.226185796351644797e+01,2.216599375865086330e+01,3.599718631164419236e+01,2.554276945676749833e+01,3.808765775660192787e+01,5.683024140060180684e+01,2.742249282633544283e+01,3.950815230624829155e+01,1.648999642821457456e+01,4.825678328304478981e+01,3.445600782411992213e+01,1.037188211113240754e+01,3.012232462178399217e+01,1.128618806386498541e+01,3.791478831978371034e+01,5.867750854018650131e+01
5.432695081537692516e+01,1.551344342269542409e+01,0.000000000000000000e+00,5.379013661696961890e+01,4.741277489431851677e+01,6.815335293749207324e+01,1.583159915671842732e+01,5.086708155025699796e+01,4.481350039749157332e+01,6.738912973740261236e+01,5.370029965719988496e+01,2.702691185889430514e+01,6.341702289792186775e+01,4.890022661296783468e+01,4.769867706668939178e+01,5.274797300682644874e+01,3.150264069748523710e+01,1.304570490414907802e+01,4.310543040913712787e+01,2.410207511935331937e+01,3.880329340200133714e+01,3.005357217901249101e+01,4.540674631466778521e+01,3.452254217986203599e+01,5.945363073159062139e+01,5.053078809423311668e+01,5.616434811321514076e+01,4.378208812598127508e+01,5.168577812006346051e+01,3.225220989721069742e+01,2.692450789052656290e+01,3.445854325936206664e+01,4.657610827243303930e+01,4.180754989063041194e+01,2.995406604725373967e+01,5.957674409681482786e+01,5.837133782855905650e+01,5.503003337651059468e+01,5.641276035046082882e+01,5.677492782197477794e+01,5.802105780484427555e+01,4.355557783526322169e+01,4.599905306315425690e+01,3.916044708548363928e+01,5.773891952717706744e+01,3.736598673325303110e+01,5.010895750066499232e+01,4.043755802348135830e+01,4.917558246833781510e+01,7.233383558069002106e+01,3.992160829006380141e+01,4.999973996598377823e+01,2.964499224885758366e+01,6.326323146054616586e+01,4.964052309551219366e+01,1.246733417140880107e+01,4.243787147284418637e+01,1.826500235976639885e+01,4.892574468528474796e+01,7.417896103450637213e+01
1.919800659183686165e+01,3.889309530032794981e+01,5.379013661696961890e+01,0.000000000000000000e+00,3.654068485131796962e+01,1.716982363809127321e+01,3.796117888535223273e+01,1.289240563526806049e+01,1.511916401778060859e+01,2.728723741463897667e+01,3.137541536277762333e+01,3.033575970564723434e+01,1.080541173650947329e+01,5.548306656715944030e+00,1.111948742847381055e+01,2.214687712089596516e+01,3.282452588652267877e+01,4.080139400641767367e+01,1.635308146407516006e+01,3.278082763358147389e+01,1.691063935726490186e+01,4.096937440335344149e+01,2.682471012101902730e+01,2.418871337744135275e+01,5.870608841769565878e+00,5.559743714236908829e+00,3.553099882262504394e+01,2.894256826670055460e+01,2.717537079829257074e+00,2.643485119372780545e+01,2.840792579419258246e+01,2.146117165122799975e+01,1.093085403771480557e+01,1.303135774040888784e+01,2.798640153550541498e+01,2.328378877236616518e+01,4.642392947399725855e+00,2.079904016307796866e+01,5.723353546629710742e+00,4.585989716560639096e+01,3.796117888535222562e+01,3.338611357103238930e+01,1.852967877240187633e+01,2.593908879458595962e+01,1.080597684086172272e+01,1.685907681039937955e+01,3.080735012434386988e+01,1.337281609521270376e+01,2.181443468376058803e+01,2.260924799587848000e+01,1.860304702113407771e+01,2.431835472626174877e+01,2.497028464607484821e+01,9.519885706811271220e+00,5.435740680922753754e+00,4.318734299155978107e+01,1.799753009444723162e+01,3.788389265140389739e+01,4.497701715922774213e+01,2.672132588777425255e+01
5.287386971170529648e+01,3.449733615685214971e+01,4.741277489431851677e+01,3.654068485131796962e+01,0.000000000000000000e+00,3.823812848373801643e+01,3.692127889913700756e+01,4.588134777263184816e+01,2.206863682202386201e+01,2.738620958158113083e+01,9.305501153316457774e+00,4.275499283415059892e+01,3.823812848373801643e+01,3.202907099070205277e+01,4.189997436381191420e+01,1.634136297499760815e+01,1.673480555528010782e+01,3.783080825503512301e+01,2.151675358481227462e+01,4.274141847738860633e+01,2.509758426097449302e+01,1.801819542158823850e+01,5.433057679856530342e+01,4.320301808108235520e+01,4.098748757913071472e+01,3.891662884137988243e+01,9.501868451667945692e+00,5.510764444111526927e+01,3.402528745699005697e+01,2.059460471941373427e+01,3.915538878317734373e+01,2.420937018010955910e+01,2.617656888276639293e+01,3.659890599840746006e+01,4.296986266617399508e+01,2.116617017671550371e+01,3.968210680584341787e+01,1.909497736361895548e+01,3.357334142744022643e+01,1.139651976284950052e+01,1.081015211614666249e+01,5.858762734570107966e+01,1.810042027716197310e+01,1.380045188676236734e+01,3.012598870283443731e+01,2.845580719178905582e+01,6.902001589825006000e+00,3.133617653905758260e+01,5.238836105314999259e+01,3.911723559134067330e+01,4.226423834236400268e+01,5.487971235976078077e+01,3.678587078849484726e+01,4.134999433632435739e+01,3.154283814686678511e+01,4.466538446024743791e+01,4.414788093251500811e+01,4.331661134383710987e+01,8.476698139744524241e+00,3.780864275681621223e+01
3.379768733969867611e+01,5.271033470959867628e+01,6.815335293749207324e+01,1.716982363809127321e+01,3.823812848373801643e+01,0.000000000000000000e+00,5.252366263552683279e+01,2.891066731403189749e+01,2.389746385396635020e+01,1.624198505012944693e+01,2.993929302586168717e+01,4.691661634094297284e+01,6.671692457084281713e+00,2.017377903478832835e+01,2.809581546157908249e+01,2.200529492560794154e+01,4.182905233933696110e+01,5.515196258184521838e+01,2.565354245512378384e+01,4.914027925492510462e+01,2.936179816710170698e+01,4.916673263214328671e+01,4.338726437266034708e+01,4.122253408234867322e+01,1.451898375133108665e+01,2.260924799587849066e+01,3.294416210121804056e+01,4.567076113758785283e+01,1.800933342304531237e+01,3.727863784487891508e+01,4.458398695646620524e+01,3.382582704304814314e+01,2.158284234222000464e+01,2.984843236140216405e+01,4.477589629514655201e+01,1.780881607129163768e+01,1.445533365701594519e+01,1.915927523532269916e+01,1.237612860637283418e+01,4.405298450377338781e+01,3.465304212018911301e+01,5.011137939827879251e+01,2.442842883556973277e+01,3.322772198055937309e+01,1.053376819478994619e+01,3.099297066704622239e+01,3.135945544747545100e+01,2.866898891667523230e+01,3.783063977523944033e+01,5.559743714236901724e+00,3.575841880287736529e+01,4.012217913333718400e+01,4.101058748739026782e+01,1.036951301860195152e+01,1.920031328744791210e+01,5.867265913836465785e+01,3.513329724475403282e+01,5.379533188038618619e+01,4.628547486006104350e+01,1.036968717632369597e+01
3.999618793130962757e+01,3.517218789014761260e+00,1.583159915671842732e+01,3.796117888535223273e+01,3.692127889913700756e+01,5.252366263552683279e+01,0.000000000000000000e+00,3.577659638106555207e+01,2.963648111297870713e+01,5.301430144689667401e+01,4.134451424215726689e+01,1.379488125618710548e+01,4.763516404915143454e+01,3.308360380294094938e+01,3.233254552637873047e+01,3.868626023723119545e+01,2.019971361579556657e+01,2.943049097388430457e+00,2.799616316743850319e+01,1.139223637075522610e+01,2.329552104563161308e+01,2.279239465737285286e+01,3.281653357488278289e+01,2.044563755179773423e+01,4.364167442577055311e+01,3.481826461962938879e+01,4.449880447678022222e+01,3.177832352897089052e+01,3.585758085518052951e+01,1.825437647362213056e+01,1.230410028533399824e+01,1.921076062195570344e+01,3.100879179098333793e+01,2.616900744235368137e+01,1.637311975935569919e+01,4.530173893297007481e+01,4.254871703702119135e+01,4.066402128384872583e+01,4.064637944080775611e+01,4.766630224622249301e+01,4.670184719958999153e+01,3.284968685829831969e+01,3.140033659640400998e+01,2.589918246345343533e+01,4.220391940613273363e+01,2.160069027883661619e+01,3.790428112692344342e+01,2.460596119645060753e+01,3.543261200020432256e+01,5.687495660866728997e+01,2.511699799080330564e+01,3.672060638149687861e+01,1.432256642340823127e+01,4.743163931305362979e+01,3.384107668005678704e+01,7.783641199931664367e+00,2.777429066583597361e+01,7.783905361901017450e+00,4.080582629412789686e+01,5.901459022777066821e+01
7.019939000565704745e+00,3.779150457258647577e+01,5.086708155025699796e+01,1.289240563526806049e+01,4.588134777263184816e+01,2.891066731403189749e+01,3.577659638106555207e+01,0.000000000000000000e+00,2.389746385396635375e+01,4.017441531256835674e+01,4.238493024390243846e+01,2.436821454574391410e+01,2.223897485694761400e+01,1.463209757677159395e+01,4.224040986769317385e+00,3.357345094352559300e+01,3.779150457258647577e+01,3.871271533027433520e+01,2.436821454574391410e+01,2.726011144817199039e+01,2.182542163416362513e+01,4.578095451138493388e+01,1.451899929946473478e+01,1.687665217046515309e+01,1.451898375133109376e+01,7.817772860163088033e+00,4.667249663872392773e+01,1.689900390858802837e+01,1.399097457804675670e+01,3.065348784597938447e+01,2.394276436100930638e+01,2.509644780343905524e+01,2.003808182485767730e+01,1.092687467851631311e+01,2.148991020565977550e+01,3.579901304648766569e+01,1.445533365701595230e+01,3.277675687719295183e+01,1.860246328661287762e+01,5.623396029383783201e+01,4.921814883579869360e+01,2.130095805395559694e+01,2.810037751388394867e+01,3.322772198055937309e+01,2.368587753974087207e+01,1.954264535889366883e+01,4.111755598045637328e+01,1.559684847523845264e+01,8.998652036045724500e+00,3.447041102826879921e+01,1.101662511807381684e+01,1.144635183674837897e+01,2.145403084321590370e+01,1.909723125588336501e+01,1.549397655985326949e+01,3.890565665663193329e+01,8.777818008961167706e+00,3.307106956747487914e+01,5.398034371152653677e+01,3.901289965924532055e+01
3.091377614820621389e+01,2.930104078875613283e+01,4.481350039749157332e+01,1.511916401778060859e+01,2.206863682202386201e+01,2.389746385396635020e+01,2.963648111297870713e+01,2.389746385396635375e+01,0.000000000000000000e+00,2.397631626868687604e+01,1.899757160570436909e+01,2.783199191280994356e+01,2.056008700967104375e+01,1.008655929407592744e+01,2.004218854160727403e+01,1.144761942691750356e+01,1.855252296882783725e+01,3.202294555801407228e+01,1.757114009254642006e+00,2.919743076115914349e+01,6.809001386158946900e+00,2.646911836923584715e+01,3.388379443901101240e+01,2.506053136118732638e+01,2.038778887740150125e+01,1.685907681039937955e+01,2.329454026267035616e+01,3.514943261308531675e+01,1.243761076398416243e+01,1.338478673442517319e+01,2.461375861431913492e+01,1.042874752063372767e+01,4.229351337209238615e+00,1.564050202182757410e+01,2.672141927567050601e+01,1.673461429933479039e+01,1.902976898220181567e+01,1.223143617132118344e+01,1.399927867891710243e+01,3.236263942911620006e+01,2.589596052729083553e+01,3.914365612247525661e+01,4.304980828300037032e+00,1.088886796672502477e+01,1.337607382809249401e+01,1.000753868562643056e+01,1.731151233069478934e+01,1.080748875877940840e+01,3.099883172432405232e+01,2.761766517454377379e+01,2.216335106678745603e+01,3.356999325542688695e+01,2.117078770524782172e+01,2.219585217382097042e+01,9.775301957449196166e+00,3.656551032397901224e+01,2.345957722693938763e+01,3.255960896229424151e+01,3.033465694486244857e+01,2.940329251981594538e+01
4.633769500829895804e+01,5.212039180717453490e+01,6.738912973740261236e+01,2.728723741463897667e+01,2.738620958158113083e+01,1.624198505012944693e+01,5.301430144689667401e+01,4.017441531256835674e+01,2.397631626868687604e+01,0.000000000000000000e+00,1.808951444810639586e+01,5.159979290422965903e+01,2.066424059228045707e+01,2.699663511552287432e+01,3.790770541045713315e+01,1.470442660191381279e+01,3.703105986630909285e+01,5.512933405989294755e+01,2.539064506452251635e+01,5.312204395926227818e+01,3.078327806519198973e+01,4.262287191477894055e+01,5.367378658995706786e+01,4.781379594243736619e+01,2.772525268968093570e+01,3.255584398286182335e+01,1.956544080328019675e+01,5.555975679391960398e+01,2.646256643582440304e+01,3.515688535560786931e+01,4.850537303539687883e+01,3.403363564216042647e+01,2.450063923602427707e+01,3.679492289801378746e+01,5.020376134108212796e+01,7.820381667572880779e+00,2.701733130607128786e+01,1.237905931501352974e+01,2.161289728422569567e+01,3.003793313672074916e+01,2.053614824935877081e+01,5.992787346253163605e+01,2.161516719933492325e+01,2.849405368848804443e+01,1.648967302279541514e+01,3.379918808049269785e+01,2.089544574142031408e+01,3.338616788086464737e+01,4.903556398775330649e+01,1.399279914809883607e+01,4.355737209601792159e+01,5.157120282466279804e+01,4.499489686944439626e+01,2.496374851088837943e+01,2.589799407762787453e+01,6.027223334480932238e+01,4.389539826720486815e+01,5.650395645780463383e+01,3.418060485761882461e+01,1.092952692808828630e+01
4.937420321237112120e+01,3.950970123478006713e+01,5.370029965719988496e+01,3.137541536277762333e+01,9.305501153316457774e+00,2.993929302586168717e+01,4.134451424215726689e+01,4.238493024390243846e+01,1.899757160570436909e+01,1.808951444810639586e+01,0.000000000000000000e+00,4.440044392151919084e+01,3.091455817589771016e+01,2.781740753592053750e+01,3.877779380017857136e+01,9.300188102274121960e+00,2.219776938918894871e+01,4.279947036042891995e+01,1.920901173197147571e+01,4.499578355376151961e+01,2.419424276341368341e+01,2.590452065494268652e+01,5.285818160517190734e+01,4.323261212728105107e+01,3.493665044995500324e+01,3.483039248171054680e+01,4.306678271836421601e+00,5.404643087375407617e+01,2.917772995270133052e+01,2.335092359979499577e+01,4.085491289109689461e+01,2.506169577725470532e+01,2.241161690213240831e+01,3.462183618713873301e+01,4.399373113945863878e+01,1.229958860589246150e+01,3.372632678188931976e+01,1.138838512069420794e+01,2.737002159740553608e+01,1.471680783606621112e+01,6.899777452095040786e+00,5.793306527844761433e+01,1.470777513573237449e+01,1.556728239986332518e+01,2.311684252292948472e+01,2.779638320270429830e+01,3.603129614566352057e+00,2.963368512707772950e+01,4.992850910629204719e+01,3.024744149492991951e+01,4.101931516930277866e+01,5.251365499964564520e+01,3.791123392247983759e+01,3.447686590881329494e+01,2.707408302782815568e+01,4.909607593005892312e+01,4.243722623303300168e+01,4.672169460925576345e+01,1.650399979037494091e+01,2.861967293257730560e+01
2.731070980449350927e+01,1.693390511025639711e+01,2.702691185889430514e+01,3.033575970564723434e+01,4.275499283415059892e+01,4.691661634094297284e+01,1.379488125618710548e+01,2.436821454574391410e+01,2.783199191280994356e+01,5.159979290422965903e+01,4.440044392151919084e+01,0.000000000000000000e+00,4.101058748739027493e+01,2.677303656147850219e+01,2.179778691747436881e+01,3.894198548542227201e+01,2.759612771501824113e+01,1.637713931620445607e+01,2.668676982833713751e+01,2.939939312520929438e+00,2.112702611410022868e+01,3.310150477411493597e+01,1.906455976443086797e+01,7.574998587499748304e+00,3.529529391553633388e+01,2.582228040939057934e+01,4.828229449322375899e+01,1.798581078408460954e+01,2.896495849862182936e+01,2.216737924032259599e+01,3.602685855785427105e+00,1.933896724503331299e+01,2.723580497022890867e+01,1.730866120776814299e+01,2.939319261217477219e+00,4.456109489750489416e+01,3.447510280448288000e+01,4.005326838528599609e+01,3.454069280744951698e+01,5.412820064875408121e+01,5.078465833157776643e+01,1.931182512943012952e+01,3.116428405375897626e+01,2.938635966578655001e+01,3.762830802577447997e+01,1.784312476431989225e+01,4.148505707949653498e+01,1.860460884367062562e+01,2.219846612925530849e+01,5.198002540981279651e+01,1.337716090204199837e+01,2.321293941015958850e+01,6.671692457084285266e+00,3.967029709599200515e+01,2.779271194080669360e+01,1.470590966290149737e+01,1.566787852905896372e+01,8.821680607645079775e+00,4.860598289818518225e+01,5.516915265204468000e+01
2.723380890244313335e+01,4.815005111833351492e+01,6.341702289792186775e+01,1.080541173650947329e+01,3.823812848373801643e+01,6.671692457084281713e+00,4.763516404915143454e+01,2.223897485694761400e+01,2.056008700967104375e+01,2.066424059228045707e+01,3.091455817589771016e+01,4.101058748739027493e+01,0.000000000000000000e+00,1.463209757677160106e+01,2.151644312327343300e+01,2.200529492560794154e+01,3.907828320688377488e+01,5.037137613652766532e+01,2.224624641618930809e+01,4.336622282778427717e+01,2.499441198178909218e+01,4.684880144156397108e+01,3.671943554631713624e+01,3.499297348883012404e+01,7.901220688288093541e+00,1.609181076101387475e+01,3.448445935658263295e+01,3.901289965924532765e+01,1.209504730766918890e+01,3.372632678188931976e+01,3.889656501998497617e+01,2.961617284010064566e+01,1.739569839592828160e+01,2.375944849231888512e+01,3.873522229563180730e+01,1.978230851706361193e+01,7.783641199931662591e+00,1.954264535889366883e+01,7.021996775633763122e+00,4.554338463943412307e+01,3.652899901324079224e+01,4.345100254092447756e+01,2.220108138830236655e+01,3.091455817589771016e+01,8.151612855113576472e+00,2.605106886936228960e+01,3.159513579718935716e+01,2.323800516335937516e+01,3.116416761770056354e+01,1.223143617132118344e+01,2.938067448211659283e+01,3.346883588872683646e+01,3.537782700679023407e+01,4.301608973294152705e+00,1.380601714356778764e+01,5.337597331329133254e+01,2.861657025274631039e+01,4.827137504833100934e+01,4.660493003087355390e+01,1.689900390858802481e+01
2.157776846663018588e+01,3.378562660255360584e+01,4.890022661296783468e+01,5.548306656715944030e+00,3.202907099070205277e+01,2.017377903478832835e+01,3.308360380294094938e+01,1.463209757677159395e+01,1.008655929407592744e+01,2.699663511552287432e+01,2.781740753592053750e+01,2.677303656147850219e+01,1.463209757677160106e+01,0.000000000000000000e+00,1.138850768514242162e+01,1.894145528574815174e+01,2.730953977599804361e+01,3.586266687954763910e+01,1.110446232362139085e+01,2.896652779452008630e+01,1.137942149365802713e+01,3.546739144443694158e+01,2.684281196711396689e+01,2.151710612782095922e+01,1.136921601339917132e+01,7.023543041639062068e+00,3.208814655113985026e+01,2.861696552910890290e+01,2.936845386416782944e+00,2.088690427480731060e+01,2.441666008348012085e+01,1.596164431411057727e+01,5.875543960453821768e+00,1.009943900783705750e+01,2.473517043508245550e+01,2.161403122201761917e+01,1.007884660487781581e+01,1.824694740633416856e+01,7.818814558437654938e+00,4.191358752817808409e+01,3.461769722489405865e+01,3.295450800035860794e+01,1.394035643189419282e+01,2.067867887796328930e+01,1.120224910286148834e+01,1.162421130977693018e+01,2.676303864960412682e+01,8.607425692171915443e+00,2.277574422222227213e+01,2.521350653494355143e+01,1.667923114271070517e+01,2.537840622830090354e+01,2.085400309749027770e+01,1.449401843278763913e+01,1.111948742847387539e+00,3.874674583498342884e+01,1.689927165084247918e+01,3.369754181869277687e+01,4.036819637610983591e+01,2.861696552910890645e+01
1.101260440387455830e+01,3.415365954270242099e+01,4.769867706668939178e+01,1.111948742847381055e+01,4.189997436381191420e+01,2.809581546157908249e+01,3.233254552637873047e+01,4.224040986769317385e+00,2.004218854160727403e+01,3.790770541045713315e+01,3.877779380017857136e+01,2.179778691747436881e+01,2.151644312327343300e+01,1.138850768514242162e+01,0.000000000000000000e+00,3.018062902745436915e+01,3.356943103395992978e+01,3.527559426263687925e+01,2.039104887388246112e+01,2.459144684212436260e+01,1.762663676388306300e+01,4.156857995254284788e+01,1.580258429887813953e+01,1.463437230768880681e+01,1.440709023758249963e+01,5.559743714236901724e+00,4.308060213784064274e+01,1.784297214732669090e+01,1.144674663178293805e+01,2.643485119372780545e+01,2.088255841395854873e+01,2.087709961917782664e+01,1.636628152025409122e+01,6.795092632667161681e+00,1.904868679520411590e+01,3.295700263302030919e+01,1.395177455447330139e+01,2.962625312327705984e+01,1.673447869411213418e+01,5.240299391766014026e+01,4.565079085689583138e+01,2.228043033735967882e+01,2.430298328914322781e+01,2.908498802534044358e+01,2.151672692039390355e+01,1.532224757110232893e+01,3.733908975996956059e+01,1.137431360775607558e+01,1.138723665734988622e+01,3.360644429717417125e+01,8.605739770185588000e+00,1.399016706268865740e+01,1.807683361911682240e+01,1.904318317270306338e+01,1.237700599588711903e+01,3.600539947812671215e+01,7.203921711273814310e+00,3.026365344106273625e+01,4.992770248163856195e+01,3.783065768788799943e+01
4.049965472781214260e+01,3.758416455383525800e+01,5.274797300682644874e+01,2.214687712089596516e+01,1.634136297499760815e+01,2.200529492560794154e+01,3.868626023723119545e+01,3.357345094352559300e+01,1.144761942691750356e+01,1.470442660191381279e+01,9.300188102274121960e+00,3.894198548542227201e+01,2.200529492560794154e+01,1.894145528574815174e+01,3.018062902745436915e+01,0.000000000000000000e+00,2.241778178732101878e+01,4.066538179484045656e+01,1.230688856405638276e+01,4.005327976564818471e+01,1.784313753338477326e+01,2.853879446078557081e+01,4.492526387975020441e+01,3.650638927310004078e+01,2.564505567948862819e+01,2.587984770400410284e+01,1.338697079732990325e+01,4.634344500589441651e+01,2.004493010650177354e+01,2.059220460689446952e+01,3.558235977111618809e+01,2.019930592222819143e+01,1.399543290934154705e+01,2.677358002590023389e+01,3.802594200221719234e+01,6.897095588420678602e+00,2.442842883556973277e+01,2.939629207616483608e+00,1.807864236067758057e+01,2.398173466068108084e+01,1.582103929484867066e+01,5.043185994155597029e+01,7.783641199931662591e+00,1.379686990959000603e+01,1.400252331337368439e+01,2.130155445730252950e+01,9.594174988790868497e+00,2.219493960191488213e+01,4.149982068141837743e+01,2.349971606493532406e+01,3.345419528960032807e+01,4.410327889398800494e+01,3.227520892211866510e+01,2.536017374003703395e+01,1.810712506650350662e+01,4.613504594748582832e+01,3.454148849246740127e+01,4.279866862903750757e+01,2.462177581942292548e+01,2.324555626950080622e+01
4.422185332609538477e+01,1.779117988555809049e+01,3.150264069748523710e+01,3.282452588652267877e+01,1.673480555528010782e+01,4.182905233933696110e+01,2.019971361579556657e+01,3.779150457258647577e+01,1.855252296882783725e+01,3.703105986630909285e+01,2.219776938918894871e+01,2.759612771501824113e+01,3.907828320688377488e+01,2.730953977599804361e+01,3.356943103395992978e+01,2.241778178732101878e+01,0.000000000000000000e+00,2.112702611410022868e+01,1.693390511025640066e+01,2.703165063228640363e+01,1.637713931620445607e+01,8.178760858029127334e+00,4.238402094695384648e+01,2.987977547140503276e+01,3.849130321971491497e+01,3.273022073927088371e+01,2.480194654522271236e+01,4.255540388262612339e+01,3.012232462178399217e+01,7.164876374133764436e+00,2.411821843947047483e+01,1.270261550815909501e+01,2.222993546237665541e+01,2.700552137361528082e+01,2.845423247721619830e+01,2.928931744048570707e+01,3.714804231177936344e+01,2.509604431102986766e+01,3.253558944964777311e+01,2.754325326946804253e+01,2.682552500611244994e+01,4.536792259909422853e+01,1.742101343728438323e+01,8.792069358105495169e+00,3.153964860659867142e+01,1.825015721708735583e+01,1.860696582450677639e+01,2.222993546237665541e+01,4.203802748826740299e+01,4.475642714722170723e+01,3.081918094118657692e+01,4.423292552843492587e+01,2.256799821634042047e+01,4.069519884668388698e+01,2.742249282633544638e+01,2.793195056172837099e+01,3.324429637840622576e+01,2.684891886535594097e+01,2.117515449667629213e+01,4.536792259909422853e+01
4.287320213089180498e+01,3.335846228542140857e+00,1.304570490414907802e+01,4.080139400641767367e+01,3.783080825503512301e+01,5.515196258184521838e+01,2.943049097388430457e+00,3.871271533027433520e+01,3.202294555801407228e+01,5.512933405989294755e+01,4.279947036042891995e+01,1.637713931620445607e+01,5.037137613652766532e+01,3.586266687954763910e+01,3.527559426263687925e+01,4.066538179484045656e+01,2.112702611410022868e+01,0.000000000000000000e+00,3.034873532341111257e+01,1.379819636653308379e+01,2.583752279830417109e+01,2.265487500735112292e+01,3.544129397602800680e+01,2.324690152055569570e+01,4.650648725989401555e+01,3.773128544797487649e+01,4.577273501196722094e+01,3.430267928553304557e+01,3.866081600033906085e+01,2.009273513914378029e+01,1.514285008770973207e+01,2.160450537290617845e+01,3.359253822069307205e+01,2.909912430467933220e+01,1.906022333136712987e+01,4.736984434914806741e+01,4.540099097266929107e+01,4.275408888717813483e+01,4.336808198784844848e+01,4.829706201437574720e+01,4.789137908233546881e+01,3.515711089507627918e+01,3.355171625492139498e+01,2.754221155427403644e+01,4.477625207314537903e+01,2.432040521563854441e+01,3.929783522925808370e+01,2.743326269450799870e+01,3.823346104454208927e+01,5.941488726980472990e+01,2.802457355593221777e+01,3.946118103444893421e+01,1.725934565224437023e+01,5.025245769009920593e+01,3.659641192797946019e+01,7.206704394162030347e+00,3.067145335326597433e+01,9.304614489121661336e+00,4.115181872924961937e+01,6.142619001922441413e+01
3.135712728097828972e+01,2.759612771501824824e+01,4.310543040913712787e+01,1.635308146407516006e+01,2.151675358481227462e+01,2.565354245512378384e+01,2.799616316743850319e+01,2.436821454574391410e+01,1.757114009254642006e+00,2.539064506452251635e+01,1.920901173197147571e+01,2.668676982833713751e+01,2.224624641618930809e+01,1.110446232362139085e+01,2.039104887388246112e+01,1.230688856405638276e+01,1.693390511025640066e+01,3.034873532341111257e+01,0.000000000000000000e+00,2.793162307053611570e+01,5.559743714236908829e+00,2.491827633947268339e+01,3.368960912810885588e+01,2.432115059991215489e+01,2.177671803534446937e+01,1.762663676388306655e+01,2.346744024928520744e+01,3.483847003528141073e+01,1.364308532842894373e+01,1.163188980557169216e+01,2.339053458727398294e+01,8.789337431894534092e+00,5.441083394481334601e+00,1.549971330324351548e+01,2.571914931072674193e+01,1.799803459917028903e+01,2.042058738593147993e+01,1.341256651810011746e+01,1.560388459511715453e+01,3.210460426714617910e+01,2.607537212646006708e+01,3.873720118901481868e+01,4.651274601925311281e+00,9.593008402673646629e+00,1.512999532159506444e+01,8.999029951326466659e+00,1.722331539361091046e+01,1.042769911992920484e+01,3.110564291365998812e+01,2.936179816710170343e+01,2.181035615050543086e+01,3.365006625974573495e+01,2.001507737125285402e+01,2.376563877115146184e+01,1.093616904937772638e+01,3.500272367254917327e+01,2.328573853701264795e+01,3.111352846563064034e+01,2.964499224885758011e+01,3.108750541705181902e+01
3.024647271869480036e+01,1.470901944762206170e+01,2.410207511935331937e+01,3.278082763358147389e+01,4.274141847738860633e+01,4.914027925492510462e+01,1.139223637075522610e+01,2.726011144817199039e+01,2.919743076115914349e+01,5.312204395926227818e+01,4.499578355376151961e+01,2.939939312520929438e+00,4.336622282778427717e+01,2.896652779452008630e+01,2.459144684212436260e+01,4.005327976564818471e+01,2.703165063228640363e+01,1.379819636653308379e+01,2.793162307053611570e+01,0.000000000000000000e+00,2.240488374981075737e+01,3.194300768526287015e+01,2.175365078829182153e+01,1.051002139260994106e+01,3.787612145227217297e+01,2.843853387391492760e+01,4.875441768136523280e+01,2.051618667562937048e+01,3.128100636789158528e+01,2.219648078617500175e+01,4.651323616332009081e+00,2.006129880382172104e+01,2.897235362211004883e+01,1.980401930005863065e+01,5.879258568278970642e+00,4.591360149870519791e+01,3.701329071527863590e+01,4.134411636145525648e+01,3.677434777051165327e+01,5.404885557283457587e+01,5.120962744518277532e+01,2.145879017848648473e+01,3.227521598576438322e+01,2.970116515236052379e+01,3.962676596545628627e+01,1.933886114671937406e+01,4.194519934297706953e+01,2.059021107581747501e+01,2.509351792580379481e+01,5.410993899498287618e+01,1.625176234584930413e+01,2.604224457725010922e+01,8.245719100470244811e+00,4.218835904143129056e+01,2.995282862746920571e+01,1.176597040512159964e+01,1.858626363601625897e+01,5.881741311531779814e+00,4.818509597915654297e+01,5.713757897535538177e+01
2.857186343954993646e+01,2.334889748334213522e+01,3.880329340200133714e+01,1.691063935726490186e+01,2.509758426097449302e+01,2.936179816710170698e+01,2.329552104563161308e+01,2.182542163416362513e+01,6.809001386158946900e+00,3.078327806519198973e+01,2.419424276341368341e+01,2.112702611410022868e+01,2.499441198178909218e+01,1.137942149365802713e+01,1.762663676388306300e+01,1.784313753338477326e+01,1.637713931620445607e+01,2.583752279830417109e+01,5.559743714236908829e+00,2.240488374981075737e+01,0.000000000000000000e+00,2.454330958997840639e+01,2.927102683017431417e+01,1.904675340472572387e+01,2.274863729162898096e+01,1.635308146407516006e+01,2.835822461352869794e+01,3.017935789165886717e+01,1.430664976084866780e+01,9.593008402673646629e+00,1.784313753338476971e+01,4.648989372896886962e+00,7.779211957113480125e+00,1.162516932829603888e+01,2.019917052479834041e+01,2.350890896396740715e+01,2.145403084321590725e+01,1.895202605466871049e+01,1.799580964820772522e+01,3.617875573678607992e+01,3.095354233436525249e+01,3.388492591172434487e+01,1.009961909476328401e+01,1.163188980557169216e+01,1.894048333958442143e+01,3.602622613496711867e+00,2.181570407120008426e+01,6.382261242395155243e+00,2.740776842240440558e+01,3.358493178570397930e+01,1.721654101257011149e+01,2.985336007847196171e+01,1.445533365701594519e+01,2.564250059383538272e+01,1.175356301626725575e+01,2.995891708183171431e+01,1.905107000248895588e+01,2.579004268967462465e+01,3.271807171085126953e+01,3.580115423794033802e+01
5.207791613721556701e+01,1.958106766479080463e+01,3.005357217901249101e+01,4.096937440335344149e+01,1.801819542158823850e+01,4.916673263214328671e+01,2.279239465737285286e+01,4.578095451138493388e+01,2.646911836923584715e+01,4.262287191477894055e+01,2.590452065494268652e+01,3.310150477411493597e+01,4.684880144156397108e+01,3.546739144443694158e+01,4.156857995254284788e+01,2.853879446078557081e+01,8.178760858029127334e+00,2.265487500735112292e+01,2.491827633947268339e+01,3.194300768526287015e+01,2.454330958997840639e+01,0.000000000000000000e+00,4.941544951611414405e+01,3.658156363064679795e+01,4.659927297278655800e+01,4.089385637193627332e+01,2.736573759644756265e+01,4.933786111814612241e+01,3.826150033845755871e+01,1.515383377114050489e+01,2.989304784904070189e+01,2.070601502060106824e+01,3.028755559454575774e+01,3.491686481754148019e+01,3.447192324335926372e+01,3.516438912249333271e+01,4.525124336094447841e+01,3.140429204419211828e+01,4.046455234425865655e+01,2.672158208116841038e+01,2.882834743634893115e+01,5.178330369006451406e+01,2.480720778711433283e+01,1.598761108184946522e+01,3.910380068539340925e+01,2.625807222901444504e+01,2.241083856806246644e+01,3.028755559454575774e+01,4.956922001751254214e+01,5.168012915133084562e+01,3.823541299609168931e+01,5.165921642043667816e+01,2.904269093833938342e+01,4.866438276132335972e+01,3.555443721825052705e+01,2.986065448445696191e+01,4.076482809021727149e+01,3.035525714753990556e+01,1.895225574337711549e+01,5.178330369006451406e+01
1.209318017708521609e+01,3.580573067033202506e+01,4.540674631466778521e+01,2.682471012101902730e+01,5.433057679856530342e+01,4.338726437266034708e+01,3.281653357488278289e+01,1.451899929946473478e+01,3.388379443901101240e+01,5.367378658995706786e+01,5.285818160517190734e+01,1.906455976443086797e+01,3.671943554631713624e+01,2.684281196711396689e+01,1.580258429887813953e+01,4.492526387975020441e+01,4.238402094695384648e+01,3.544129397602800680e+01,3.368960912810885588e+01,2.175365078829182153e+01,2.927102683017431417e+01,4.941544951611414405e+01,0.000000000000000000e+00,1.301477476438143377e+01,2.903798305032425731e+01,2.130100048429482484e+01,5.713903586217697494e+01,2.605924272452961432e+00,2.723447222546960944e+01,3.552535129002124847e+01,2.087220462873422733e+01,3.057599602568536667e+01,3.094324827983970039e+01,1.824329294786136657e+01,1.646213511193758094e+01,4.841998568476564913e+01,2.894255265288174073e+01,4.477675200639304620e+01,3.250304287741384002e+01,6.544834127190040363e+01,5.974585985169740354e+01,6.808568243676150544e+00,3.815368503313470683e+01,4.063897189147596833e+01,3.731786333909174402e+01,2.587688375721782208e+01,5.087256226248898372e+01,2.328184124698744739e+01,6.187772236943033910e+00,4.894459278134682734e+01,1.206634166502413130e+01,5.265532551485818225e+00,2.056224888804991835e+01,3.360632334900920881e+01,2.790427860772736324e+01,3.294813933924718441e+01,1.042421766653507298e+01,2.728952176816061126e+01,6.166576084300082528e+01,5.339082184017643584e+01
1.981635181224429587e+01,2.316698384093741225e+01,3.452254217986203599e+01,2.418871337744135275e+01,4.320301808108235520e+01,4.122253408234867322e+01,2.044563755179773423e+01,1.687665217046515309e+01,2.506053136118732638e+01,4.781379594243736619e+01,4.323261212728105107e+01,7.574998587499748304e+00,3.499297348883012404e+01,2.151710612782095922e+01,1.463437230768880681e+01,3.650638927310004078e+01,2.987977547140503276e+01,2.324690152055569570e+01,2.432115059991215489e+01,1.051002139260994106e+01,1.904675340472572387e+01,3.658156363064679795e+01,1.301477476438143377e+01,0.000000000000000000e+00,2.866803319022103125e+01,1.920204686172889907e+01,4.736700997466556373e+01,1.275655161503305379e+01,2.325441789216743871e+01,2.334185541363297745e+01,8.161625504638534423e+00,1.899449922185411310e+01,2.339048594375195478e+01,1.144714263145294275e+01,4.646784825174720801e+00,4.134391815471892784e+01,2.798397186231743916e+01,3.709542271184646722e+01,2.897037730236131026e+01,5.455062372141430416e+01,4.995224225386547801e+01,1.555188507985684865e+01,2.897207077648895535e+01,2.941220130985427872e+01,3.270178390750301389e+01,1.544521867725718423e+01,4.073633426535323565e+01,1.451915530797342591e+01,1.498867685120728233e+01,4.650761839409054943e+01,6.034691690347994353e+00,1.634309939330845296e+01,7.574998587499749192e+00,3.319167293637775629e+01,2.260987895540322157e+01,2.226924303434747188e+01,8.122735310418949695e+00,1.638719407015699758e+01,4.997475368280004204e+01,5.011932383696687765e+01
1.933696242125760634e+01,4.467589178010329931e+01,5.945363073159062139e+01,5.870608841769565878e+00,4.098748757913071472e+01,1.451898375133108665e+01,4.364167442577055311e+01,1.451898375133109376e+01,2.038778887740150125e+01,2.772525268968093570e+01,3.493665044995500324e+01,3.529529391553633388e+01,7.901220688288093541e+00,1.136921601339917132e+01,1.440709023758249963e+01,2.564505567948862819e+01,3.849130321971491497e+01,4.650648725989401555e+01,2.177671803534446937e+01,3.787612145227217297e+01,2.274863729162898096e+01,4.659927297278655800e+01,2.903798305032425731e+01,2.866803319022103125e+01,0.000000000000000000e+00,9.492280994337306765e+00,3.890200308341128022e+01,3.140005018526301228e+01,8.448563995912204305e+00,3.223064277476513695e+01,3.365201336301444002e+01,2.731969886059913577e+01,1.634509383456977005e+01,1.809900712927956334e+01,3.277540151816992875e+01,2.530296449664704284e+01,1.358019895199686244e+00,2.377540674988759051e+01,7.566763364195442598e+00,4.962478170467281302e+01,4.119314876961964700e+01,3.581489010523144145e+01,2.334852779497165187e+01,3.127665684412652780e+01,1.228894565758609936e+01,2.271151174743341272e+01,3.485514394506444802e+01,1.913312554180524927e+01,2.335092359979499932e+01,2.006109518976957418e+01,2.277574422222227568e+01,2.561084224273339416e+01,3.032062418239522827e+01,4.650445885598879947e+00,1.109400390867664754e+01,4.861390006138189790e+01,2.161101190928787830e+01,4.317714699613842555e+01,4.946388380682263630e+01,2.479988204853148659e+01
1.462907058771088131e+01,3.617543242217863053e+01,5.053078809423311668e+01,5.559743714236908829e+00,3.891662884137988243e+01,2.260924799587849066e+01,3.481826461962938879e+01,7.817772860163088033e+00,1.685907681039937955e+01,3.255584398286182335e+01,3.483039248171054680e+01,2.582228040939057934e+01,1.609181076101387475e+01,7.023543041639062068e+00,5.559743714236901724e+00,2.587984770400410284e+01,3.273022073927088371e+01,3.773128544797487649e+01,1.762663676388306655e+01,2.843853387391492760e+01,1.635308146407516006e+01,4.089385637193627332e+01,2.130100048429482484e+01,1.920204686172889907e+01,9.492280994337306765e+00,0.000000000000000000e+00,3.909327728367313881e+01,2.339040842510989648e+01,6.188356643588323713e+00,2.584357961789611835e+01,2.430298328914322070e+01,2.042808944586538900e+01,1.275768867111208493e+01,8.779751366327197104e+00,2.328378877236616873e+01,2.798640153550541143e+01,8.785850134190827276e+00,2.498492991278763498e+01,1.120218846135473889e+01,4.892536376583380076e+01,4.161264415949653284e+01,2.783189407011150962e+01,2.088255841395855228e+01,2.699028858304055234e+01,1.609219022563507551e+01,1.511916401778060859e+01,3.377483490300863167e+01,1.109922790170495155e+01,1.648813541499699298e+01,2.809581546157908249e+01,1.338489101798526981e+01,1.904318317270305982e+01,2.107683003517416864e+01,1.399016706268865917e+01,7.775475993033184707e+00,3.936822250187402972e+01,1.252968629269508583e+01,3.383235538421651967e+01,4.719049717528143617e+01,3.227511748981559236e+01
