0.000000000000000000e+00,2.412998716518818298e+01,4.528945935397498346e+01,1.498319861341781056e+01,6.813789268817878053e+01,5.744562210040146510e+01,5.367208004484190553e+01,3.032823226676211803e+01,7.176593427557703819e+01,1.206297054666981872e+01,3.330164790994081869e+01,6.027953558290595026e+01,4.837421895731685595e+01,3.024664221892485472e+01,3.402766628385906245e+01,4.129247701561436656e+01,3.529036487095069674e+01,4.534008317304901681e+01,6.607490834336371677e+01,9.282597593737961006e+00,5.601043825083689143e+01,2.984897421944558715e+01,3.679462786293620269e+01,3.457718320962275271e+01,4.538638639519170681e+01,1.755370700574339438e+01,4.532603808163850090e+01,2.223897485694761400e+01,4.438349421434719488e+01,6.872215505406417435e+01,3.192807404108573976e+01,1.341224574171774186e+01,4.534912644990512831e+01,3.232157972972908055e+01,1.513278259981993834e+01,5.712852043271151103e+01,6.465967907674085779e+01,5.899579858879899064e+01,2.251103203848650480e+01,3.704995095043032904e+01,4.857382040559182457e+01,2.321635719435383294e+01,2.641314255750691586e+01,3.357256015288082551e+01,2.934074344787820809e+00,6.943250157540857970e+01,2.635685725687313763e+01,5.818422911111788665e+01,2.457879838998919908e+01
2.412998716518818298e+01,0.000000000000000000e+00,2.446287234264237398e+01,1.673453283604541397e+01,4.400825921391889040e+01,3.488902484621916500e+01,3.471074323238087089e+01,7.783641199931666144e+00,4.765909550552837715e+01,1.206701702266173726e+01,1.975239801056984135e+01,3.616597397976138240e+01,2.682494655397258754e+01,8.159619018503930121e+00,1.544380769736870818e+01,2.044061761348004680e+01,1.139010068214301974e+01,2.588338355660321710e+01,4.240949018949727645e+01,1.563736871608512580e+01,3.898449107058553409e+01,6.889588423829741792e+00,2.327892415154630967e+01,2.151224742381359079e+01,2.226463426252186295e+01,7.204299011886255322e+00,2.350871554798992591e+01,1.689713227087299430e+01,2.461346313022950127e+01,4.533781573505652318e+01,1.338516177977505706e+01,1.821012469772652764e+01,2.150419994156416692e+01,8.815171727630147558e+00,1.144698408676874912e+01,3.354513203680081546e+01,4.077064977882743335e+01,4.332727451514698913e+01,4.226451146434690109e+00,1.689932529785496484e+01,2.521703223286004558e+01,7.819858688610556996e+00,2.521703223286004558e+01,1.596336927580177445e+01,2.151224742381359079e+01,4.592662732678389403e+01,6.894723305142561820e+00,3.650247588314626768e+01,3.512804261515270365e+00
4.528945935397498346e+01,2.446287234264237398e+01,0.000000000000000000e+00,4.116455413250839968e+01,3.094308183936014700e+01,3.488902484621916500e+01,1.080635414146643036e+01,1.667923114271070872e+01,3.518144253420066292e+01,3.434047736189786804e+01,3.914867243441498346e+01,2.337384841581156891e+01,3.512804261515270365e+00,2.578781700298705459e+01,1.138882590972204589e+01,3.101367523169825446e+01,1.544474778494953782e+01,3.637010568978772795e+01,3.541942482842321738e+01,3.867550215786869927e+01,1.638668292340017629e+01,2.432068320599797318e+01,1.467960448647715666e+01,1.565774913711026173e+01,2.566948966635070306e+01,3.125302496205972247e+01,2.937771903936762907e+00,2.581343683140812573e+01,2.718537108584307305e+00,2.531879949639017724e+01,1.338516177977506416e+01,3.387701943710313657e+01,2.150419994156417047e+01,2.264797154168567417e+01,3.568605849476651315e+01,1.596336927580177267e+01,2.396220936129045498e+01,2.151224742381358368e+01,2.370426316614675954e+01,8.244726456349145138e+00,9.584858458858928287e+00,3.140063430786551990e+01,4.875235547227107702e+01,3.354513203680082256e+01,4.332727451514699624e+01,2.635866403909275490e+01,1.933790917417190158e+01,3.867349876190021973e+01,2.682494655397258754e+01
1.498319861341781056e+01,1.673453283604541397e+01,4.116455413250839968e+01,0.000000000000000000e+00,5.808515830617218256e+01,4.465583255043466693e+01,5.122181688534918464e+01,2.450061144096466492e+01,6.129242122362092715e+01,1.033184553811961415e+01,1.853797108212500788e+01,5.077638081484159471e+01,4.355737209601792159e+01,1.920436304188195109e+01,3.140037429913375533e+01,2.811487218828136037e+01,2.753910538804084496e+01,3.135610824172914590e+01,5.434894493784721448e+01,7.569004687194174963e+00,5.509204594931499344e+01,1.957266219014167064e+01,3.762440467146106471e+01,3.552855902015443945e+01,3.358558366320170308e+01,1.009941655913267944e+01,4.023739445340601861e+01,2.587684376248925133e+01,4.116454862487959332e+01,6.131709898754159838e+01,2.919673038886295302e+01,2.037825202047712381e+01,3.462054671672967032e+01,2.216335106678745603e+01,5.723472237948801222e+00,4.947232762821469265e+01,5.613700241924861700e+01,5.909990049205872253e+01,1.799763074788691242e+01,3.338614069248581728e+01,4.148224502336872632e+01,1.138978170768234222e+01,1.276224289503074694e+01,1.975073846142342404e+01,1.222667166487732970e+01,6.178370897424044017e+01,2.240447797885382286e+01,4.478242959803551315e+01,1.501969689526707263e+01
6.813789268817878053e+01,4.400825921391889040e+01,3.094308183936014700e+01,5.808515830617218256e+01,0.000000000000000000e+00,2.019994108906645991e+01,3.409826359889638070e+01,3.866938539258780594e+01,4.238593135126684786e+00,5.607507282882743027e+01,4.545538434721500920e+01,8.136769770700983173e+00,2.779071776274929562e+01,3.891755309778254457e+01,3.960543009346554300e+01,3.256270813061486535e+01,3.309478268905566267e+01,3.360809173440951980e+01,1.043437008386134046e+01,5.941531751034323605e+01,3.984981949180846783e+01,3.879729542329521763e+01,4.553313781435517171e+01,4.623376471336175086e+01,2.522368863776065950e+01,5.081079154962959876e+01,2.864515253984282595e+01,5.396082292346873288e+01,3.358116808565989686e+01,1.406887644389756886e+01,4.065301136872073329e+01,6.010715413187168110e+01,2.347218012481819827e+01,3.620172631256616569e+01,5.429290763892639404e+01,1.514833784089323565e+01,8.472793166896936512e+00,4.443368360470996237e+01,4.612057009297826227e+01,3.618632422594430409e+01,2.228078568548149363e+01,4.673151608562120174e+01,5.923155330676345187e+01,4.066742562645352166e+01,6.549006956220972597e+01,1.304225271804319242e+01,4.324268197398939861e+01,2.397937012476290164e+01,4.392746840029126076e+01
5.744562210040146510e+01,3.488902484621916500e+01,3.488902484621916500e+01,4.465583255043466693e+01,2.019994108906645991e+01,0.000000000000000000e+00,4.295695863538733761e+01,3.297603529859997451e+01,2.117098244002503549e+01,4.597066729599752932e+01,2.850560840592771328e+01,1.825798782153933431e+01,3.326091367107772356e+01,2.739702956902842246e+01,3.817593783002122620e+01,1.655467499604265313e+01,2.732626687655191944e+01,1.498309172911511844e+01,1.144906032755746850e+01,4.817699132125452621e+01,4.933341753000915730e+01,2.816347213282402251e+01,4.673934140720711383e+01,4.647405120112802024e+01,1.270992264386733872e+01,4.012492378934918236e+01,3.195269484364681745e+01,4.959059481325689234e+01,3.744715300222623711e+01,3.196091937442249886e+01,3.811110742519516492e+01,5.302486895168679126e+01,1.498790881992643698e+01,2.607912419586181585e+01,4.240220359984254372e+01,2.510375262484995673e+01,2.476757007106582975e+01,5.455163828410822902e+01,3.839754280141396947e+01,3.567161500782597727e+01,2.568611712840420935e+01,3.427884257406270052e+01,4.245277304656622164e+01,2.510375262484995318e+01,5.455163828410822902e+01,3.140447337713602138e+01,3.735290849125868817e+01,4.308810946484193494e+00,3.326091367107771646e+01
5.367208004484190553e+01,3.471074323238087089e+01,1.080635414146643036e+01,5.122181688534918464e+01,3.409826359889638070e+01,4.295695863538733761e+01,0.000000000000000000e+00,2.699648390359611838e+01,3.813202024671691959e+01,4.355713801154205100e+01,4.994711067007583694e+01,2.801806474516507350e+01,1.033349017248685975e+01,3.657810380469837952e+01,2.006115152301851623e+01,4.138169356074278227e+01,2.624877951609731142e+01,4.650086985681883078e+01,4.101555381194473426e+01,4.798722031917080244e+01,6.376571460409507175e+00,3.508692380293228297e+01,1.824147050643372481e+01,2.017268070039982675e+01,3.540803622713561793e+01,4.116454312064357168e+01,1.303222734177070130e+01,3.241567161720559653e+01,1.009939412421016947e+01,2.406917787782526474e+01,2.228045064490883576e+01,4.121979166120667770e+01,3.111685707041779736e+01,3.345309502509257271e+01,4.561014988385725388e+01,1.955402883340866538e+01,2.584993821826996196e+01,1.161561213031462891e+01,3.335846228542141745e+01,1.784301019593129212e+01,1.756531661952212886e+01,4.194285415720555932e+01,5.939868757340183691e+01,4.432821282455691403e+01,5.202592487538537824e+01,2.538048534108937559e+01,2.891066731403189749e+01,4.703938910512506766e+01,3.731847030805989363e+01
3.032823226676211803e+01,7.783641199931666144e+00,1.667923114271070872e+01,2.450061144096466492e+01,3.866938539258780594e+01,3.297603529859997451e+01,2.699648390359611838e+01,0.000000000000000000e+00,4.257550765301576234e+01,1.856550917446400817e+01,2.497683924034462422e+01,3.059104839462184700e+01,1.909770524683221637e+01,1.127672172470371414e+01,8.606160892033223320e+00,2.147309709044566617e+01,5.876162270727803616e+00,2.734674815698549821e+01,3.867349876190021973e+01,2.264580782001405268e+01,3.149341091662157055e+01,9.525832188578815973e+00,1.755628202050168341e+01,1.623919819884822147e+01,2.044061761348004680e+01,1.470874281325253463e+01,1.580298563784498711e+01,1.663905252507901977e+01,1.689932529785496129e+01,3.841395400729166454e+01,7.024059023468169904e+00,2.148101003706148049e+01,1.823747417876669275e+01,9.293129862142732733e+00,1.909761021575193141e+01,2.680467144278331304e+01,3.444154948315554066e+01,3.601898171463604825e+01,7.819075362751952696e+00,9.301718359573225570e+00,1.824755772663109710e+01,1.501983291530171449e+01,3.255755222583568553e+01,2.004904809299625512e+01,2.798235445711852165e+01,3.910715311118508453e+01,4.644586021741735848e+00,3.541942482842321738e+01,1.037038592807181381e+01
7.176593427557703819e+01,4.765909550552837715e+01,3.518144253420066292e+01,6.129242122362092715e+01,4.238593135126684786e+00,2.117098244002503549e+01,3.813202024671691959e+01,4.257550765301576234e+01,0.000000000000000000e+00,5.971229350696685856e+01,4.787523221277581342e+01,1.223930889422264379e+01,3.202177393529180449e+01,4.221955095834753280e+01,4.376730226931080381e+01,3.500795965569658108e+01,3.692124368135495871e+01,3.542740980696478204e+01,1.010002754276629489e+01,6.293818870934017440e+01,4.377675065629793494e+01,4.221137163515999902e+01,4.976974974954097775e+01,5.046055955405416427e+01,2.800270927706614899e+01,5.434587928982531935e+01,3.287907170625909714e+01,5.805075462704880351e+01,3.781789031008186441e+01,1.689017549541012286e+01,4.477275631918421084e+01,6.404589065498758771e+01,2.671556466489776938e+01,3.963661125746507707e+01,5.770051401700945348e+01,1.936384559804490024e+01,1.231616421423188790e+01,4.825615390108861646e+01,4.992646766736777408e+01,4.036406890524396118e+01,2.648185126019545521e+01,4.999966432381455661e+01,6.178261942570247811e+01,4.334117447089182917e+01,6.907852113793413196e+01,1.569409678614041326e+01,4.717608814101936332e+01,2.450085404782342380e+01,4.740239289953794355e+01
1.206297054666981872e+01,1.206701702266173726e+01,3.434047736189786804e+01,1.033184553811961415e+01,5.607507282882743027e+01,4.597066729599752932e+01,4.355713801154205100e+01,1.856550917446400817e+01,5.971229350696685856e+01,0.000000000000000000e+00,2.457968745173594982e+01,4.822264378341245106e+01,3.720648405515138535e+01,1.858098512414019510e+01,2.350848423227612471e+01,3.026633058472116744e+01,2.328281472994008539e+01,3.489234867973053866e+01,5.419341284893472732e+01,4.447794971389521734e+00,4.672159728798589384e+01,1.799275774266709504e+01,2.832454512143404912e+01,2.614541213465654934e+01,3.365153812591046290e+01,5.872457146316865106e+00,3.403021840242136875e+01,1.563424635047731215e+01,3.379832893733552623e+01,5.695370858816275472e+01,2.130104294070093829e+01,1.049416392434977929e+01,3.337780164471170252e+01,2.038944625453451920e+01,5.872457146316865106e+00,4.526639212133989076e+01,5.268942173701646681e+01,5.033171828721896901e+01,1.080578835994431408e+01,2.614596539551103049e+01,3.677226067502277118e+01,1.243317771057572152e+01,2.283239344957232930e+01,2.335695544182802053e+01,9.491900361124107732e+00,5.761658355132709630e+01,1.501901803285609560e+01,4.704906420200043726e+01,1.275655161503305557e+01
3.330164790994081869e+01,1.975239801056984135e+01,3.914867243441498346e+01,1.853797108212500788e+01,4.545538434721500920e+01,2.850560840592771328e+01,4.994711067007583694e+01,2.497683924034462422e+01,4.787523221277581342e+01,2.457968745173594982e+01,0.000000000000000000e+00,3.950941138328737878e+01,4.018006874728587974e+01,1.379567865476741417e+01,3.358037805036057222e+01,1.289557944611295071e+01,2.376678941113687671e+01,1.382216576697079446e+01,3.939707898120366991e+01,2.457968745173594982e+01,5.532893282151150061e+01,1.550331207899302832e+01,4.237974243061194812e+01,4.083446886866712333e+01,2.042770815865412715e+01,1.955630894547248744e+01,3.705852227526408882e+01,3.615008374254261980e+01,4.035803100182659620e+01,5.233249307364438607e+01,3.191920972414244062e+01,3.463255259578551204e+01,2.339058338093091649e+01,1.660224141522090591e+01,1.904380055197095345e+01,4.116462048954824127e+01,4.591415848205517136e+01,6.021593624972062742e+01,2.378829657217611526e+01,3.369621779463042799e+01,3.513572156744107389e+01,1.302890791192562325e+01,1.399706127799878352e+01,5.723989082539289619e+00,3.042360668550363911e+01,5.242100555390081240e+01,2.635283238106811865e+01,2.765002564141020969e+01,1.625596374253217746e+01
6.027953558290595026e+01,3.616597397976138240e+01,2.337384841581156891e+01,5.077638081484159471e+01,8.136769770700983173e+00,1.825798782153933431e+01,2.801806474516507350e+01,3.059104839462184700e+01,1.223930889422264379e+01,4.822264378341245106e+01,3.950941138328737878e+01,0.000000000000000000e+00,2.044563755179773423e+01,3.157559648534055796e+01,3.153327445843752486e+01,2.682545663826283189e+01,2.509296697687305766e+01,2.903879805580029938e+01,1.304881532638944286e+01,5.168775266292249171e+01,3.414597833354960699e+01,3.128939603952318649e+01,3.778272691925373294e+01,3.836725079669921001e+01,1.909842171287242252e+01,4.308820074741180406e+01,2.089427062618553421e+01,4.583065788048634914e+01,2.606744477795901815e+01,1.395500267603355304e+01,3.253677547669070691e+01,5.199923546441805655e+01,1.649298983908403926e+01,2.868242776435685926e+01,4.672269861023981719e+01,8.467922968337713741e+00,6.809336924608596853e+00,3.906979464999132290e+01,3.811409392459687240e+01,2.814297084288456929e+01,1.432256642340822950e+01,3.938682878249953490e+01,5.293051032310823700e+01,3.434453385065381070e+01,5.767747345174389295e+01,1.361864020188269286e+01,3.514359791640995923e+01,2.253479472408703188e+01,3.630626860187572902e+01
4.837421895731685595e+01,2.682494655397258754e+01,3.512804261515270365e+00,4.355737209601792159e+01,2.779071776274929562e+01,3.326091367107772356e+01,1.033349017248685975e+01,1.909770524683221637e+01,3.202177393529180449e+01,3.720648405515138535e+01,4.018006874728587974e+01,2.044563755179773423e+01,0.000000000000000000e+00,2.723567132866897822e+01,1.470108967574705083e+01,3.109739740903512484e+01,1.689954021519159255e+01,3.616962074005552097e+01,3.285256136055216558e+01,4.148049442296992595e+01,1.653010837024515567e+01,2.589823088049463706e+01,1.806780390922241608e+01,1.913142175367917375e+01,2.508989306037273792e+01,3.379875798205454629e+01,3.335846228542140857e+00,2.926344223885134710e+01,5.874925966213672801e+00,2.180830423885896963e+01,1.659730935955916920e+01,3.721042318080607458e+01,2.080829931509857289e+01,2.397631626868687604e+01,3.819531545686961493e+01,1.269096218561117695e+01,2.058175561142482834e+01,2.179029919272558402e+01,2.646256643582440304e+01,1.138946292087215184e+01,7.574998587499748304e+00,3.338616788086464737e+01,5.049775734770685887e+01,3.449304693394807941e+01,4.633001735369588658e+01,2.284586008878438079e+01,2.219340400302491290e+01,3.721140953536500007e+01,2.891066731403189749e+01
3.024664221892485472e+01,8.159619018503930121e+00,2.578781700298705459e+01,1.920436304188195109e+01,3.891755309778254457e+01,2.739702956902842246e+01,3.657810380469837952e+01,1.127672172470371414e+01,4.221955095834753280e+01,1.858098512414019510e+01,1.379567865476741417e+01,3.157559648534055796e+01,2.723567132866897822e+01,0.000000000000000000e+00,1.984461147528875813e+01,1.230109175518227715e+01,1.037073658046458924e+01,1.773476214522223771e+01,3.588051175719617447e+01,2.107527956448285877e+01,4.173245653937341615e+01,1.756984417190331493e+00,2.881321303771305864e+01,2.740565133556518873e+01,1.513974731601439849e+01,1.276110343846576356e+01,2.397631626868687604e+01,2.486194207834292769e+01,2.677249342100441254e+01,4.255866685877592914e+01,1.828824661586255829e+01,2.619852552036349991e+01,1.550403306634235179e+01,3.335846228542140857e+00,1.555561896541871469e+01,3.078401797095296644e+01,3.706098447916519234e+01,4.653542363419610695e+01,1.228759014193649968e+01,1.991308695901462045e+01,2.339052484657541697e+01,7.820643385857013463e+00,2.339052484657541697e+01,8.786867343095977390e+00,2.740565133556518873e+01,4.292730025941761340e+01,1.344095203687194129e+01,2.865793103880497839e+01,5.877399840024124522e+00
3.402766628385906245e+01,1.544380769736870818e+01,1.138882590972204589e+01,3.140037429913375533e+01,3.960543009346554300e+01,3.817593783002122620e+01,2.006115152301851623e+01,8.606160892033223320e+00,4.376730226931080381e+01,2.350848423227612471e+01,3.358037805036057222e+01,3.153327445843752486e+01,1.470108967574705083e+01,1.984461147528875813e+01,0.000000000000000000e+00,2.908781234419445383e+01,1.174985315243575812e+01,3.495387448800281049e+01,4.179598416782114612e+01,2.793120033467289787e+01,2.370391937218514045e+01,1.810407657470230092e+01,9.284348395396531117e+00,8.447601141535015401e+00,2.643795862337723435e+01,2.130112793178548003e+01,1.206836887368479339e+01,1.477143417609059561e+01,1.037003612745527548e+01,3.621731264602588851e+01,2.223897485694767973e+00,2.251021974568754302e+01,2.322989525946212908e+01,1.756402385962542567e+01,2.571883147219620014e+01,2.566150746691052120e+01,3.377753065566775348e+01,2.790340353595290424e+01,1.341239722122528910e+01,3.511771457156294129e+00,1.740200720550041069e+01,2.317100133952481400e+01,4.065724316918680614e+01,2.857929331411902396e+01,3.218349530874424147e+01,3.715156241497866318e+01,8.998777621562954465e+00,4.121508852707562909e+01,1.856638786498933413e+01
4.129247701561436656e+01,2.044061761348004680e+01,3.101367523169825446e+01,2.811487218828136037e+01,3.256270813061486535e+01,1.655467499604265313e+01,4.138169356074278227e+01,2.147309709044566617e+01,3.500795965569658108e+01,3.026633058472116744e+01,1.289557944611295071e+01,2.682545663826283189e+01,3.109739740903512484e+01,1.230109175518227715e+01,2.908781234419445383e+01,0.000000000000000000e+00,1.741466469763251723e+01,5.885474959674523276e+00,2.682015179051673215e+01,3.201338169664330735e+01,4.734783193842410753e+01,1.361108620021725102e+01,3.837029518939574757e+01,3.739109188721525356e+01,7.783641199931662591e+00,2.440349410781200845e+01,2.841740056283475724e+01,3.686283027934069167e+01,3.286656488445673574e+01,4.005331399107740964e+01,2.813712683760367028e+01,3.847278149990813745e+01,1.144817789759305526e+01,1.245094969829904485e+01,2.616397303839472599e+01,2.941921943533265704e+01,3.338625670753526009e+01,5.251825168367690111e+01,2.448790631939237983e+01,2.787984461322976060e+01,2.476224292886412925e+01,1.809132974025314766e+01,2.677739336516066970e+01,8.612506480899613237e+00,3.837029518939574757e+01,4.003015474250570094e+01,2.488856034436012266e+01,1.689182079314374363e+01,1.800290315813346709e+01
3.529036487095069674e+01,1.139010068214301974e+01,1.544474778494953782e+01,2.753910538804084496e+01,3.309478268905566267e+01,2.732626687655191944e+01,2.624877951609731142e+01,5.876162270727803616e+00,3.692124368135495871e+01,2.328281472994008539e+01,2.376678941113687671e+01,2.509296697687305766e+01,1.689954021519159255e+01,1.037073658046458924e+01,1.174985315243575812e+01,1.741466469763251723e+01,0.000000000000000000e+00,2.325158414838873355e+01,3.279970484803468622e+01,2.701900854528410179e+01,3.156425808955146195e+01,8.998979361409450206e+00,2.100204726375823938e+01,2.016100069641828796e+01,1.501250998692811578e+01,1.856726759772181268e+01,1.361776886793752084e+01,2.243996097797206701e+01,1.659829345653033172e+01,3.397906935779985105e+01,1.110053552866554227e+01,2.724809826599399187e+01,1.244798032622114192e+01,7.205055649958036490e+00,2.264724943473959229e+01,2.216586643161060977e+01,2.941443496007563851e+01,3.648719767408072556e+01,1.302681170748791573e+01,1.053841329495835311e+01,1.395353001077701194e+01,1.673458711145854849e+01,3.360717311589709766e+01,1.825000256996855086e+01,3.277404693823618231e+01,3.454707153101801254e+01,1.050472193538650956e+01,2.998351458980832263e+01,1.253019308654144837e+01
4.534008317304901681e+01,2.588338355660321710e+01,3.637010568978772795e+01,3.135610824172914590e+01,3.360809173440951980e+01,1.498309172911511844e+01,4.650086985681883078e+01,2.734674815698549821e+01,3.542740980696478204e+01,3.489234867973053866e+01,1.382216576697079446e+01,2.903879805580029938e+01,3.616962074005552097e+01,1.773476214522223771e+01,3.495387448800281049e+01,5.885474959674523276e+00,2.325158414838873355e+01,0.000000000000000000e+00,2.625816100317165791e+01,3.614552471429518476e+01,5.259055387519891411e+01,1.918952405528786187e+01,4.423292552843492587e+01,4.327209794252087249e+01,1.139490789863550368e+01,2.911381567964008354e+01,3.367350343418327441e+01,4.252572328362010268e+01,3.835068430699602260e+01,4.279947036042891995e+01,3.402174277390299295e+01,4.364574294133002752e+01,1.564732857874838956e+01,1.825015721708735583e+01,3.027960276827239738e+01,3.298598011677556485e+01,3.581631968894646434e+01,5.780444021293109103e+01,3.001953181824351091e+01,3.366347568181792127e+01,2.941779028798844209e+01,2.247883228110192633e+01,2.759612771501824824e+01,1.176845950426190512e+01,4.240623373920309547e+01,4.260396724693098491e+01,3.067145335326597433e+01,1.382786051999285526e+01,2.316698384093741225e+01
6.607490834336371677e+01,4.240949018949727645e+01,3.541942482842321738e+01,5.434894493784721448e+01,1.043437008386134046e+01,1.144906032755746850e+01,4.101555381194473426e+01,3.867349876190021973e+01,1.010002754276629489e+01,5.419341284893472732e+01,3.939707898120366991e+01,1.304881532638944286e+01,3.285256136055216558e+01,3.588051175719617447e+01,4.179598416782114612e+01,2.682015179051673215e+01,3.279970484803468622e+01,2.625816100317165791e+01,0.000000000000000000e+00,5.695226631032001308e+01,4.718281256748414165e+01,3.623101647788971036e+01,4.918949121742573283e+01,4.944021284707015695e+01,2.082559028008732938e+01,4.852350217001747978e+01,3.268276178489765016e+01,5.505042329834036252e+01,3.813671745118639933e+01,2.416531338042408095e+01,4.232511987931837183e+01,5.990151318285592197e+01,2.091579383544266690e+01,3.380456793352147571e+01,5.139437736175720062e+01,2.149943940559528244e+01,1.759001289141061264e+01,5.211860750098732353e+01,4.531230138181568634e+01,3.869992594549530907e+01,2.588182555963098963e+01,4.338758002293278082e+01,5.339411415271367645e+01,3.540538234584651889e+01,6.326323146054616586e+01,2.326530939185413516e+01,4.330310307066728370e+01,1.445533365701595230e+01,4.149981194467244450e+01
9.282597593737961006e+00,1.563736871608512580e+01,3.867550215786869927e+01,7.569004687194174963e+00,5.941531751034323605e+01,4.817699132125452621e+01,4.798722031917080244e+01,2.264580782001405268e+01,6.293818870934017440e+01,4.447794971389521734e+00,2.457968745173594982e+01,5.168775266292249171e+01,4.148049442296992595e+01,2.107527956448285877e+01,2.793120033467289787e+01,3.201338169664330735e+01,2.701900854528410179e+01,3.614552471429518476e+01,5.695226631032001308e+01,0.000000000000000000e+00,5.116767549445768282e+01,2.079772035050128309e+01,3.270089811897595666e+01,3.051013892192265686e+01,3.620044114658364265e+01,8.605318887197837441e+00,3.827127390332108803e+01,1.956808165610616612e+01,3.819493579882834666e+01,6.089846142943215312e+01,2.571876108000778771e+01,1.301829930496599630e+01,3.635653839081297178e+01,2.333062877989828721e+01,5.872457146316865106e+00,4.914295003021270958e+01,5.640677446180823296e+01,5.475563485405536568e+01,1.501901803285609560e+01,3.051061303558540772e+01,4.072878339477321674e+01,1.393376001651358820e+01,2.031040004639802632e+01,2.439271546548957659e+01,6.374870367051645559e+00,6.151884575196227445e+01,1.933759301148002052e+01,4.890460472441854023e+01,1.555188507985685042e+01
5.601043825083689143e+01,3.898449107058553409e+01,1.638668292340017629e+01,5.509204594931499344e+01,3.984981949180846783e+01,4.933341753000915730e+01,6.376571460409507175e+00,3.149341091662157055e+01,4.377675065629793494e+01,4.672159728798589384e+01,5.532893282151150061e+01,3.414597833354960699e+01,1.653010837024515567e+01,4.173245653937341615e+01,2.370391937218514045e+01,4.734783193842410753e+01,3.156425808955146195e+01,5.259055387519891411e+01,4.718281256748414165e+01,5.116767549445768282e+01,0.000000000000000000e+00,4.015630024958409194e+01,1.933717236134384265e+01,2.151625421434109242e+01,4.160735027004180608e+01,4.499376243024116206e+01,1.893563184041450853e+01,3.404234396011855068e+01,1.497319497785458253e+01,2.875460349081551925e+01,2.589752177708135150e+01,4.303222547319868596e+01,3.733421690437398155e+01,3.873621145001555988e+01,4.939513275502817891e+01,2.568371378226008162e+01,3.146169427883032910e+01,5.265532551485818225e+00,3.709454233235892673e+01,2.219238336238497311e+01,2.389932384274698052e+01,4.650810542969554007e+01,6.405015050202804616e+01,4.979636656966756902e+01,5.463759153846997663e+01,3.010768642741906120e+01,3.270122978086055099e+01,5.341430347000056145e+01,4.185707551620171785e+01
2.984897421944558715e+01,6.889588423829741792e+00,2.432068320599797318e+01,1.957266219014167064e+01,3.879729542329521763e+01,2.816347213282402251e+01,3.508692380293228297e+01,9.525832188578815973e+00,4.221137163515999902e+01,1.799275774266709504e+01,1.550331207899302832e+01,3.128939603952318649e+01,2.589823088049463706e+01,1.756984417190331493e+00,1.810407657470230092e+01,1.361108620021725102e+01,8.998979361409450206e+00,1.918952405528786187e+01,3.623101647788971036e+01,2.079772035050128309e+01,4.015630024958409194e+01,0.000000000000000000e+00,2.705708883125775444e+01,2.564956638267752353e+01,1.567950056216772836e+01,1.229526815699490072e+01,2.261015019570950813e+01,2.334011268335188305e+01,2.521614922399139758e+01,4.186235467071138316e+01,1.653344091007707206e+01,2.508181304453365357e+01,1.556217329644749192e+01,2.606968404566740727e+00,1.549827666343079002e+01,3.004143827678939616e+01,3.656475450016483109e+01,4.492185729699115626e+01,1.087682011917512881e+01,1.824633744180551531e+01,2.240480239592825029e+01,8.245277259945019921e+00,2.461372159924340508e+01,1.054385173631676587e+01,2.705708883125775444e+01,4.228090533868327583e+01,1.175108914153963546e+01,2.964286798982920601e+01,5.270176396011182263e+00
3.679462786293620269e+01,2.327892415154630967e+01,1.467960448647715666e+01,3.762440467146106471e+01,4.553313781435517171e+01,4.673934140720711383e+01,1.824147050643372481e+01,1.755628202050168341e+01,4.976974974954097775e+01,2.832454512143404912e+01,4.237974243061194812e+01,3.778272691925373294e+01,1.806780390922241608e+01,2.881321303771305864e+01,9.284348395396531117e+00,3.837029518939574757e+01,2.100204726375823938e+01,4.423292552843492587e+01,4.918949121742573283e+01,3.270089811897595666e+01,1.933717236134384265e+01,2.705708883125775444e+01,0.000000000000000000e+00,2.223897485694760867e+00,3.543874012638413973e+01,2.778801426077774295e+01,1.690098659488129229e+01,1.470812814023866189e+01,1.220708864432352314e+01,3.949155966672186224e+01,1.053222318703414118e+01,2.370340525802797060e+01,3.197656062186095127e+01,2.674347125807885561e+01,3.192897959379787665e+01,3.063888607652075535e+01,3.863362752996248872e+01,2.223897485694760690e+01,2.017268070039983385e+01,1.109269953750010451e+01,2.353035733133644314e+01,3.108257651146525902e+01,4.815910885529708452e+01,3.759694751692546788e+01,3.558235977111618809e+01,4.062419813225889698e+01,1.638465397521895994e+01,4.999973996598377823e+01,2.668729473361270621e+01
3.457718320962275271e+01,2.151224742381359079e+01,1.565774913711026173e+01,3.552855902015443945e+01,4.623376471336175086e+01,4.647405120112802024e+01,2.017268070039982675e+01,1.623919819884822147e+01,5.046055955405416427e+01,2.614541213465654934e+01,4.083446886866712333e+01,3.836725079669921001e+01,1.913142175367917375e+01,2.740565133556518873e+01,8.447601141535015401e+00,3.739109188721525356e+01,2.016100069641828796e+01,4.327209794252087249e+01,4.944021284707015695e+01,3.051013892192265686e+01,2.151625421434109242e+01,2.564956638267752353e+01,2.223897485694760867e+00,0.000000000000000000e+00,3.487604538261689413e+01,2.575592933609343760e+01,1.761737630905222218e+01,1.252918165991405175e+01,1.336739815116050245e+01,4.078533321519785915e+01,9.284348395396532894e+00,2.151597128387929914e+01,3.158752647912069378e+01,2.551311220886735498e+01,2.984746249184836131e+01,3.151419141126250878e+01,3.958210424582134124e+01,2.446287234264236687e+01,1.824147050643373191e+01,1.086748650803742855e+01,2.405007934030106398e+01,2.928003965160811006e+01,4.622021337836739718e+01,3.618936780362401606e+01,3.335846228542142455e+01,4.188299887130214216e+01,1.463058322801877154e+01,4.960250232045716956e+01,2.496374851088837943e+01
4.538638639519170681e+01,2.226463426252186295e+01,2.566948966635070306e+01,3.358558366320170308e+01,2.522368863776065950e+01,1.270992264386733872e+01,3.540803622713561793e+01,2.044061761348004680e+01,2.800270927706614899e+01,3.365153812591046290e+01,2.042770815865412715e+01,1.909842171287242252e+01,2.508989306037273792e+01,1.513974731601439849e+01,2.643795862337723435e+01,7.783641199931662591e+00,1.501250998692811578e+01,1.139490789863550368e+01,2.082559028008732938e+01,3.620044114658364265e+01,4.160735027004180608e+01,1.567950056216772836e+01,3.543874012638413973e+01,3.487604538261689413e+01,0.000000000000000000e+00,2.787984461322975704e+01,2.284586008878438435e+01,3.698003875404291563e+01,2.787984461322976060e+01,3.227525845923308623e+01,2.606113535638631262e+01,4.033968377589663845e+01,4.306465669598453339e+00,1.345329619575404578e+01,3.058674184214427783e+01,2.181776844838847751e+01,2.561106410222681973e+01,4.685713506876503942e+01,2.569518683015577309e+01,2.440349410781200845e+01,1.809843483055348656e+01,2.256216795342125181e+01,3.403577981817875298e+01,1.544734471607598181e+01,4.254203738369720611e+01,3.224651354257403568e+01,2.471407343939513268e+01,1.499161563602834946e+01,2.089544574142031053e+01
1.755370700574339438e+01,7.204299011886255322e+00,3.125302496205972247e+01,1.009941655913267944e+01,5.081079154962959876e+01,4.012492378934918236e+01,4.116454312064357168e+01,1.470874281325253463e+01,5.434587928982531935e+01,5.872457146316865106e+00,1.955630894547248744e+01,4.308820074741180406e+01,3.379875798205454629e+01,1.276110343846576356e+01,2.130112793178548003e+01,2.440349410781200845e+01,1.856726759772181268e+01,2.911381567964008354e+01,4.852350217001747978e+01,8.605318887197837441e+00,4.499376243024116206e+01,1.229526815699490072e+01,2.778801426077774295e+01,2.575592933609343760e+01,2.787984461322975704e+01,0.000000000000000000e+00,3.051108831196287952e+01,1.755370700574339438e+01,3.113456479972666102e+01,5.253534448659956269e+01,1.909751530127572750e+01,1.510466375329884059e+01,2.781556573024632684e+01,1.478124187169727932e+01,4.447794971389521734e+00,4.073255434903465044e+01,4.787982696895226553e+01,4.903326774168142066e+01,7.901392374834649068e+00,2.335092359979499932e+01,3.242133114016453277e+01,6.797594557054806863e+00,2.068772557613300478e+01,1.771736821556301678e+01,1.477339140301525511e+01,5.311407098656420800e+01,1.230670394317364469e+01,4.117660827778315280e+01,7.025091827807671940e+00
4.532603808163850090e+01,2.350871554798992591e+01,2.937771903936762907e+00,4.023739445340601861e+01,2.864515253984282595e+01,3.195269484364681745e+01,1.303222734177070130e+01,1.580298563784498711e+01,3.287907170625909714e+01,3.403021840242136875e+01,3.705852227526408882e+01,2.089427062618553421e+01,3.335846228542140857e+00,2.397631626868687604e+01,1.206836887368479339e+01,2.841740056283475724e+01,1.361776886793752084e+01,3.367350343418327441e+01,3.268276178489765016e+01,3.827127390332108803e+01,1.893563184041450853e+01,2.261015019570950813e+01,1.690098659488129229e+01,1.761737630905222218e+01,2.284586008878438435e+01,3.051108831196287952e+01,0.000000000000000000e+00,2.681613918744985270e+01,5.550267118646817543e+00,2.414894499474589651e+01,1.378974283709596271e+01,3.446771275014067726e+01,1.864595532342230300e+01,2.074129771807622902e+01,3.489667995009564549e+01,1.394432254998604570e+01,2.206052117224637854e+01,2.413268632981263551e+01,2.325441789216743871e+01,8.607003852882110451e+00,6.800936225266661417e+00,3.005339705624275126e+01,4.719444104334742462e+01,3.139680454566621037e+01,4.322353243872822759e+01,2.508989306037273082e+01,1.904526267962444308e+01,3.573681000067052338e+01,2.557482108548975575e+01
2.223897485694761400e+01,1.689713227087299430e+01,2.581343683140812573e+01,2.587684376248925133e+01,5.396082292346873288e+01,4.959059481325689234e+01,3.241567161720559653e+01,1.663905252507901977e+01,5.805075462704880351e+01,1.563424635047731215e+01,3.615008374254261980e+01,4.583065788048634914e+01,2.926344223885134710e+01,2.486194207834292769e+01,1.477143417609059561e+01,3.686283027934069167e+01,2.243996097797206701e+01,4.252572328362010268e+01,5.505042329834036252e+01,1.956808165610616612e+01,3.404234396011855068e+01,2.334011268335188305e+01,1.470812814023866189e+01,1.252918165991405175e+01,3.698003875404291563e+01,1.755370700574339438e+01,2.681613918744985270e+01,0.000000000000000000e+00,2.418869469708392472e+01,5.095169264820023614e+01,1.336523502986540457e+01,8.998551844526760490e+00,3.486790594802006638e+01,2.448611267241250999e+01,2.065986230081392350e+01,4.039282408993592810e+01,4.848667536923635168e+01,3.679462786293619558e+01,1.267068117964468854e+01,1.827833854004794745e+01,3.200111906695183706e+01,2.321635719435383294e+01,3.794090278044401998e+01,3.282772600942694652e+01,2.130078859291118576e+01,5.190580568164737230e+01,1.227414850417099856e+01,5.189415876080785495e+01,2.015660014041445791e+01
4.438349421434719488e+01,2.461346313022950127e+01,2.718537108584307305e+00,4.116454862487959332e+01,3.358116808565989686e+01,3.744715300222623711e+01,1.009939412421016947e+01,1.689932529785496129e+01,3.781789031008186441e+01,3.379832893733552623e+01,4.035803100182659620e+01,2.606744477795901815e+01,5.874925966213672801e+00,2.677249342100441254e+01,1.037003612745527548e+01,3.286656488445673574e+01,1.659829345653033172e+01,3.835068430699602260e+01,3.813671745118639933e+01,3.819493579882834666e+01,1.497319497785458253e+01,2.521614922399139758e+01,1.220708864432352314e+01,1.336739815116050245e+01,2.787984461322976060e+01,3.113456479972666102e+01,5.550267118646817543e+00,2.418869469708392472e+01,0.000000000000000000e+00,2.742262003187546782e+01,1.252975855926691651e+01,3.254276926778009482e+01,2.379044883487311779e+01,2.376311244662998234e+01,3.558235977111618809e+01,1.853589643494803951e+01,2.645668123407800465e+01,1.990726034677665623e+01,2.339043744984869377e+01,7.783641199931662591e+00,1.228908735456530010e+01,3.186798420092616269e+01,4.935528665124392944e+01,3.484287848869418980e+01,4.255320131555178875e+01,2.851564843822971085e+01,1.895191818982616994e+01,4.117660827778315280e+01,2.723513757909545419e+01
6.872215505406417435e+01,4.533781573505652318e+01,2.531879949639017724e+01,6.131709898754159838e+01,1.406887644389756886e+01,3.196091937442249886e+01,2.406917787782526474e+01,3.841395400729166454e+01,1.689017549541012286e+01,5.695370858816275472e+01,5.233249307364438607e+01,1.395500267603355304e+01,2.180830423885896963e+01,4.255866685877592914e+01,3.621731264602588851e+01,4.005331399107740964e+01,3.397906935779985105e+01,4.279947036042891995e+01,2.416531338042408095e+01,6.089846142943215312e+01,2.875460349081551925e+01,4.186235467071138316e+01,3.949155966672186224e+01,4.078533321519785915e+01,3.227525845923308623e+01,5.253534448659956269e+01,2.414894499474589651e+01,5.095169264820023614e+01,2.742262003187546782e+01,0.000000000000000000e+00,3.788583819809155528e+01,5.853074628105825639e+01,2.894271756157910147e+01,3.934311290893160162e+01,5.661340144122097229e+01,1.184596229862726169e+01,7.206322773685926109e+00,3.263451060185069252e+01,4.623015392772805399e+01,3.274500665984149350e+01,2.018205792101820961e+01,5.010232432812889414e+01,6.519309720217847826e+01,4.688012749515900168e+01,6.639516564022439127e+01,1.361863781325518996e+00,4.243722623303300168e+01,3.615624323274235508e+01,4.633848835320265636e+01
3.192807404108573976e+01,1.338516177977505706e+01,1.338516177977506416e+01,2.919673038886295302e+01,4.065301136872073329e+01,3.811110742519516492e+01,2.228045064490883576e+01,7.024059023468169904e+00,4.477275631918421084e+01,2.130104294070093829e+01,3.191920972414244062e+01,3.253677547669070691e+01,1.659730935955916920e+01,1.828824661586255829e+01,2.223897485694767973e+00,2.813712683760367028e+01,1.110053552866554227e+01,3.402174277390299295e+01,4.232511987931837183e+01,2.571876108000778771e+01,2.589752177708135150e+01,1.653344091007707206e+01,1.053222318703414118e+01,9.284348395396532894e+00,2.606113535638631262e+01,1.909751530127572750e+01,1.378974283709596271e+01,1.336523502986540457e+01,1.252975855926691651e+01,3.788583819809155528e+01,0.000000000000000000e+00,2.067797070723018393e+01,2.312319860526872972e+01,1.624756763025086670e+01,2.350856124274475434e+01,2.706840900159255625e+01,3.514100535991087781e+01,3.003735889791605018e+01,1.120220866277081129e+01,5.212456124317607298e+00,1.863709567025409086e+01,2.116299465086238030e+01,3.859796187924128930e+01,2.706840900159255270e+01,3.003735889791605018e+01,3.877991220394963534e+01,6.808667894249635033e+00,4.097439007706110203e+01,1.659730935955916564e+01
1.341224574171774186e+01,1.821012469772652764e+01,3.387701943710313657e+01,2.037825202047712381e+01,6.010715413187168110e+01,5.302486895168679126e+01,4.121979166120667770e+01,2.148101003706148049e+01,6.404589065498758771e+01,1.049416392434977929e+01,3.463255259578551204e+01,5.199923546441805655e+01,3.721042318080607458e+01,2.619852552036349991e+01,2.251021974568754302e+01,3.847278149990813745e+01,2.724809826599399187e+01,4.364574294133002752e+01,5.990151318285592197e+01,1.301829930496599630e+01,4.303222547319868596e+01,2.508181304453365357e+01,2.370340525802797060e+01,2.151597128387929914e+01,4.033968377589663845e+01,1.510466375329884059e+01,3.446771275014067726e+01,8.998551844526760490e+00,3.254276926778009482e+01,5.853074628105825639e+01,2.067797070723018393e+01,0.000000000000000000e+00,3.908315043039652181e+01,2.696599580328701862e+01,1.636204838384411175e+01,4.745983825257741273e+01,5.540242120720010632e+01,4.577143901123217518e+01,1.467498608276816441e+01,2.587578751457071036e+01,3.887739836729370069e+01,2.185110954009772755e+01,3.310606623492702028e+01,3.264143747615498370e+01,1.289161815583868709e+01,5.939430113628561259e+01,1.686995248676628734e+01,5.471259862557804610e+01,2.049878503846437994e+01
