0.000000000000000000e+00,3.390197742119867996e+01,5.808515830617218256e+01,6.139964083124255012e+01,4.440246474861677939e+01,3.735618713353390774e+01,3.496423034703480681e+01,2.842691314956269721e+01,5.534380119253194152e+01,3.089706213390226353e+01,5.439159064777575736e+01,2.815760710892917729e+01,3.321142444785267855e+01,3.781679431331747310e+01,5.790741629612833918e+01,4.042559332895717006e+01,3.676002325037740093e+01,4.661992567310002045e+01,2.568096586123764169e+01,1.139716583898025171e+01,3.411421756565406582e+01,3.445173417025561946e+01,4.399218299095850426e+01,4.220486795681517123e+01,2.758978295870248942e+01,4.787380961255862388e+01,4.981267588444524819e+01,4.642768017696058536e+01,6.632489337994549317e+01,6.467623209806669138e+01,2.780059779066622738e+01,5.892950982695330708e+01,2.182040411875148322e+01,3.449895003164710516e+01,3.038270349778952095e+01,6.049337611417064409e+01,5.518512290844210355e+01,5.258861143010821593e+01,4.838979180239643085e+01,2.533294065305597087e+01,5.352279549494223687e+01,4.355831567222870859e+01,4.184096320041886230e+01,4.275680234485120934e+01,2.681601055345307572e+01,1.514833784089323387e+01,4.915769570591148607e+01,3.951013667941072072e+01,3.946007302783056758e+01
3.390197742119867996e+01,0.000000000000000000e+00,2.419899958868406387e+01,3.449679893083779803e+01,1.660372668584492573e+01,1.008987312239750089e+01,1.905345585146051590e+01,6.671692457084289707e+00,2.161554631236305468e+01,6.806800045921932885e+00,2.067192637934326882e+01,1.957433528692509483e+01,1.361024437319487301e+00,2.355536668388370813e+01,2.410677447327095990e+01,1.400414684928619202e+01,3.369225030584707525e+01,2.857759023035249157e+01,1.860500048390456485e+01,2.989526411923931448e+01,1.054229578633560749e+01,4.648548003078936119e+00,1.054229578633560394e+01,1.008987312239750089e+01,2.625090080012527594e+01,1.799007749720947658e+01,1.597598721918559583e+01,2.220369795161309057e+01,3.336797663908777167e+01,3.100377120038552903e+01,7.580263644863657113e+00,2.521791630030251596e+01,1.210303091830605915e+01,6.385689539069287157e+00,5.557480619455183124e+00,2.842060102918826914e+01,2.159047440146233754e+01,1.905345585146050880e+01,2.697509412198792589e+01,1.230690708868131367e+01,2.150697112603824834e+01,1.985953609926942320e+01,2.101262708235229937e+01,1.000753868562642346e+01,7.205688262620044249e+00,3.125334523478283799e+01,1.544592607846677979e+01,1.479209282052370078e+01,3.618076847113093208e+01
5.808515830617218256e+01,2.419899958868406387e+01,0.000000000000000000e+00,2.860343407347301792e+01,2.246843801004214569e+01,2.370443537934409051e+01,3.335846228542142455e+01,2.995282862746920571e+01,5.438409400214906597e+00,2.858466743299078416e+01,4.447794971389521734e+00,3.819541051713564173e+01,2.498933094781490283e+01,3.581517426648191815e+01,1.756079240038379563e+00,2.335092359979499221e+01,4.812178674130127121e+01,3.448665155755375622e+01,3.867655764487430048e+01,5.353523405552680714e+01,2.723527089409964574e+01,2.419055210242995813e+01,1.440910190719765716e+01,1.717065447797514466e+01,4.466455680337407586e+01,1.717029796972935074e+01,8.782334078761287799e+00,2.578560071046325675e+01,1.227713036533513602e+01,7.569004687194174075e+00,3.101202223398062685e+01,5.269012597300942069e+00,3.630202976386074454e+01,2.531703619965418639e+01,2.844480273878697218e+01,1.220827395117139602e+01,4.650834806579546843e+00,6.671692457084285266e+00,3.036873810682019581e+01,3.449144376302258053e+01,1.138850768514242517e+01,2.778085659078814018e+01,2.941723918543123872e+01,1.688606198792966140e+01,3.128310011763873888e+01,5.369110320452364249e+01,9.872880717253259775e+00,2.645947218759909347e+01,4.960033844397328551e+01
6.139964083124255012e+01,3.449679893083779803e+01,2.860343407347301792e+01,0.000000000000000000e+00,1.825448943129809720e+01,4.171779681163531706e+01,5.241170910472691702e+01,4.080218448876337334e+01,2.380122715188598903e+01,3.270356857261430861e+01,3.076922425889842927e+01,5.404314153276351362e+01,3.403706943680870722e+01,5.641068191748598082e+01,3.031053813458809998e+01,4.398468752717881358e+01,6.770983609167998907e+01,5.855425669982962944e+01,5.307521901931399810e+01,5.229918978266660901e+01,4.394902890115334770e+01,3.814600447707579889e+01,3.272555357327637182e+01,3.619526113289383318e+01,6.074721961879511412e+01,4.161529330082116473e+01,2.607160588390760125e+01,5.003077629405277804e+01,3.967311391345198501e+01,3.384066721063069139e+01,3.599708444601343871e+01,2.352449286096970127e+01,4.260388117807776354e+01,2.970193533315505618e+01,3.404651647437921724e+01,4.080760461833886410e+01,3.191989274030582990e+01,3.202930973225079470e+01,5.525148193149846776e+01,4.651544649399643561e+01,3.838963410420808486e+01,1.784327851362419892e+01,5.169008302533988797e+01,2.539219375145025026e+01,4.006876283795786264e+01,6.409399417235229635e+01,2.509450521649509369e+01,2.228066539174952609e+01,6.997718963773282042e+01
4.440246474861677939e+01,1.660372668584492573e+01,2.246843801004214569e+01,1.825448943129809720e+01,0.000000000000000000e+00,2.508989306037273082e+01,3.530847930232946652e+01,2.265123177993758219e+01,1.725172141003010395e+01,1.451934379008032927e+01,2.179808217366448986e+01,3.614621386940415704e+01,1.597812959012902745e+01,3.961580973427395946e+01,2.355267149281073813e+01,2.811487218828135681e+01,5.025476176693850761e+01,4.321963853471850570e+01,3.500141858841088549e+01,3.657233305965443293e+01,2.670322777993640884e+01,2.069485877880455860e+01,1.809132974025314411e+01,2.089544574142031053e+01,4.275047848027544717e+01,2.813712683760367028e+01,1.497127336270688147e+01,3.539312339838571120e+01,3.464484018498274054e+01,2.991707634361001666e+01,1.784322713746515277e+01,1.980172145271023609e+01,2.450075093157969874e+01,1.144817789759305526e+01,1.580373556536699731e+01,3.263852062545204546e+01,2.315560157602176261e+01,2.179808217366448986e+01,4.062419813225890408e+01,2.833717430477967625e+01,2.756662893165883688e+01,5.449137131149880631e+00,3.585250038019266583e+01,9.301072455910603054e+00,2.181776844838847751e+01,4.591407876607919292e+01,1.361108620021725102e+01,5.215776077267134880e+00,5.268733198950425134e+01
3.735618713353390774e+01,1.008987312239750089e+01,2.370443537934409051e+01,4.171779681163531706e+01,2.508989306037273082e+01,0.000000000000000000e+00,1.080673189425678160e+01,1.008987312239750267e+01,2.339048594375195123e+01,1.666653331378349634e+01,1.933812027142451129e+01,1.451915530797343123e+01,1.138325917443684610e+01,1.470108967574705616e+01,2.289412670903959679e+01,4.078556569429579781e+00,2.624793278375421224e+01,1.857395994942680417e+01,1.502010520336834354e+01,3.620087290667810720e+01,3.602370022897944946e+00,5.552885633556303269e+00,1.009950643673760595e+01,6.671692457084281713e+00,2.112702611410023223e+01,1.053686324686657549e+01,1.799788292253268196e+01,1.228160869213727224e+01,2.939885356651269532e+01,2.881669329981724559e+01,1.632928236754378304e+01,2.668676982833713041e+01,1.763964123447219379e+01,1.638719407015699758e+01,1.513189906383045091e+01,2.323682606259908212e+01,1.966970531105269870e+01,1.717065447797514111e+01,1.690098659488129584e+01,1.207243352883079623e+01,1.638803750104701251e+01,2.918901834594342759e+01,1.101964619831593417e+01,1.639279080978165481e+01,1.269096218561117873e+01,3.037600048288208754e+01,1.825302634920798894e+01,2.438921043946324829e+01,2.834912618785407545e+01
3.496423034703480681e+01,1.905345585146051590e+01,3.335846228542142455e+01,5.241170910472691702e+01,3.530847930232946652e+01,1.080673189425678160e+01,0.000000000000000000e+00,1.514924879846551420e+01,3.379886540776523418e+01,2.438289997201127690e+01,2.891066731403190104e+01,7.025608650634034724e+00,2.004767467837213246e+01,4.644146949031727090e+00,3.227514554486137399e+01,1.000753868562643056e+01,1.544357302847681446e+01,1.227713036533513602e+01,9.292249652082769984e+00,3.717936628448894254e+01,8.607425692171915443e+00,1.463741128083848331e+01,2.074077189936729226e+01,1.717065447797514821e+01,1.184388552638128722e+01,1.717029796972935429e+01,2.861795583026317402e+01,1.206634166502412953e+01,3.657459140521613250e+01,3.731801494201195624e+01,2.272951210698891700e+01,3.692027763990915901e+01,2.067867887796328574e+01,2.531703619965418639e+01,2.263545010013571712e+01,2.984794728115774731e+01,2.894259955209978230e+01,2.668676982833713396e+01,1.343139047785860818e+01,1.229058530799319904e+01,2.397525619703992561e+01,3.890544945055716397e+01,7.023543041639062068e+00,2.702321024377667058e+01,1.763406219058668611e+01,2.414487007254026096e+01,2.897122326877195064e+01,3.384107668005678704e+01,1.757285867649655486e+01
2.842691314956269721e+01,6.671692457084289707e+00,2.995282862746920571e+01,4.080218448876337334e+01,2.265123177993758219e+01,1.008987312239750267e+01,1.514924879846551420e+01,0.000000000000000000e+00,2.790720702749237248e+01,9.531212258001509952e+00,2.606837665839286444e+01,1.379389433324255521e+01,6.809101832172598456e+00,1.979006161499239980e+01,2.962903604773394406e+01,1.400414684928619380e+01,2.843853387391492404e+01,2.641933728784336211e+01,1.237994192061453802e+01,2.619172723647944423e+01,8.162629490836524226e+00,6.037065397821002044e+00,1.564207279014950558e+01,1.381406891939917259e+01,2.017929015812715221e+01,2.031417851746492786e+01,2.219519607748029699e+01,2.186703095177369960e+01,3.794521559776348596e+01,3.629498134151852895e+01,7.580263644863660666e+00,3.149658941003590940e+01,7.580263644863657113e+00,1.139297991629976003e+01,7.782024864834145461e+00,3.232839501352506772e+01,2.680261752611215442e+01,2.419899958868406742e+01,2.585163558786085147e+01,5.723869446827618113e+00,2.530999265080700056e+01,2.513554724624869863e+01,1.916623845460587816e+01,1.667923114271071228e+01,2.722216577744111632e+00,2.461386979628684202e+01,2.181676405225292115e+01,1.992114281306798418e+01,3.110937680679086625e+01
5.534380119253194152e+01,2.161554631236305468e+01,5.438409400214906597e+00,2.380122715188598903e+01,1.725172141003010395e+01,2.339048594375195123e+01,3.379886540776523418e+01,2.790720702749237248e+01,0.000000000000000000e+00,2.499374207343138821e+01,7.025608650634034724e+00,3.780625725681094451e+01,2.216536276085999901e+01,3.683270825681346139e+01,6.887940313970569939e+00,2.397586139782695369e+01,4.903474505299427477e+01,3.676809384082470444e+01,3.790399206590597458e+01,4.995749576969858197e+01,2.668676982833713751e+01,2.261024071996540385e+01,1.334338491416856698e+01,1.673457353007137982e+01,4.449873268389997349e+01,1.920262539764701160e+01,5.723670539699213577e+00,2.798478127769272206e+01,1.770004291076719483e+01,1.267935558363895332e+01,2.773714934198248372e+01,3.602370022897938284e+00,3.354759746322771008e+01,2.152596502858366989e+01,2.513009453475473265e+01,1.722894113467707200e+01,8.123433502504902037e+00,8.607425692171918996e+00,3.293666411821633488e+01,3.295605782186618171e+01,1.477829389785626546e+01,2.247883228110192633e+01,3.088808547854234732e+01,1.291430798567943583e+01,2.882123449485363054e+01,5.229498798313219510e+01,6.189529621230484224e+00,2.152356558817445986e+01,5.077838470173654883e+01
3.089706213390226353e+01,6.806800045921932885e+00,2.858466743299078416e+01,3.270356857261430861e+01,1.451934379008032927e+01,1.666653331378349634e+01,2.438289997201127690e+01,9.531212258001509952e+00,2.499374207343138821e+01,0.000000000000000000e+00,2.566749250305803898e+01,2.325101938359399156e+01,5.445775608602445139e+00,2.901465720539252047e+01,2.882935326785339925e+01,2.067867887796328574e+01,3.795601878051034817e+01,3.485138896852476620e+01,2.160022063747883792e+01,2.499529077638144159e+01,1.638887735318963124e+01,1.111364771907270210e+01,1.638887735318962413e+01,1.666653331378349634e+01,2.941220130985427517e+01,2.471108903892784880e+01,1.985378302212081536e+01,2.890470951179165837e+01,3.887624614913557508e+01,3.584996222175260527e+01,3.335846228542140857e+00,2.849405368848804088e+01,1.000753868562643056e+01,3.603066106413537639e+00,1.758023126533621694e+00,3.445556463738338948e+01,2.676085983704076909e+01,2.438289997201127335e+01,3.354990838365402794e+01,1.470777513573237982e+01,2.771356054372741440e+01,1.597956208928763822e+01,2.733170554313446843e+01,1.210303091830605204e+01,7.822742636085311396e+00,3.140135263610294913e+01,1.894729851464682469e+01,1.080957951378090520e+01,4.063897189147597544e+01
5.439159064777575736e+01,2.067192637934326882e+01,4.447794971389521734e+00,3.076922425889842927e+01,2.179808217366448986e+01,1.933812027142451129e+01,2.891066731403190104e+01,2.606837665839286444e+01,7.025608650634034724e+00,2.566749250305803898e+01,0.000000000000000000e+00,3.379886540776523418e+01,2.159174889533676378e+01,3.140037429913375178e+01,3.602118036801782441e+00,1.890312862840546870e+01,4.370534654903404004e+01,3.036873810682019581e+01,3.434166608563128875e+01,5.039448147968179370e+01,2.289428530206379264e+01,2.017763341060386395e+01,1.042630410233739369e+01,1.289351210893065769e+01,4.023739445340601861e+01,1.289303733301139232e+01,6.888764164180317451e+00,2.161176538194563435e+01,1.343139047785860818e+01,1.033184553811961237e+01,2.781740753592053395e+01,8.787473699494684709e+00,3.271928122120438331e+01,2.263545010013571712e+01,2.531703619965418639e+01,1.092554953792133787e+01,1.359185156839899822e+00,2.223897485694764420e+00,2.635824601456206651e+01,3.037418001208028429e+01,7.775475993033182043e+00,2.724154314198554516e+01,2.505951715422018822e+01,1.469350227426702737e+01,2.758660312157899597e+01,4.947232762821469265e+01,8.234042354508163797e+00,2.511699799080330564e+01,4.521894615643777371e+01
2.815760710892917729e+01,1.957433528692509483e+01,3.819541051713564173e+01,5.404314153276351362e+01,3.614621386940415704e+01,1.451915530797343123e+01,7.025608650634034724e+00,1.379389433324255521e+01,3.780625725681094451e+01,2.325101938359399156e+01,3.379886540776523418e+01,0.000000000000000000e+00,2.017984305844741044e+01,9.771887774492027390e+00,3.731862228271617710e+01,1.544451255106499232e+01,1.477829389785626191e+01,1.851933689969154884e+01,2.720207117866724644e+00,3.134263957222380981e+01,1.111948742847380345e+01,1.609320552419337957e+01,2.446287234264237398e+01,2.117074472349208847e+01,6.808867744589417015e+00,2.317100133952481045e+01,3.227518071104226749e+01,1.904630622655072258e+01,4.273969872692273952e+01,4.292214891120178066e+01,2.080962497960101842e+01,4.116457067577527340e+01,1.687213356351976401e+01,2.513009453475473265e+01,2.152596502858367344e+01,3.613534693489992833e+01,3.404400531385789463e+01,3.160597130405461996e+01,2.030285496132476553e+01,8.784922405734324258e+00,2.984988934966133556e+01,3.891304133841666868e+01,1.404915159065407160e+01,2.897235362211004528e+01,1.556029802441721444e+01,1.721992435826465950e+01,3.236104390181972690e+01,3.370284556656984876e+01,1.756014978808183713e+01
3.321142444785267855e+01,1.361024437319487301e+00,2.498933094781490283e+01,3.403706943680870722e+01,1.597812959012902745e+01,1.138325917443684610e+01,2.004767467837213246e+01,6.809101832172598456e+00,2.216536276085999901e+01,5.445775608602445139e+00,2.159174889533676378e+01,2.017984305844741044e+01,0.000000000000000000e+00,2.459325769073430124e+01,2.497421518402608243e+01,1.532942298661827252e+01,3.447954701850758852e+01,2.981334166688105825e+01,1.904764999207834819e+01,2.885369632523230266e+01,1.162804645609901222e+01,5.879878778166426123e+00,1.162804645609900867e+01,1.138325917443684610e+01,2.677466792743355484e+01,1.932914671128154538e+01,1.660125268698624623e+01,2.353871472474670412e+01,3.443223116440400844e+01,3.191556383876416447e+01,6.386261977066722828e+00,2.576269303344245643e+01,1.139330077385648998e+01,5.273289142318775546e+00,4.232745955610627497e+00,2.960052527472118911e+01,2.255489821376037440e+01,2.004767467837212891e+01,2.828095438386680982e+01,1.253062920908720379e+01,2.272050261208731214e+01,1.895218303582210240e+01,2.225313301159252077e+01,1.009966425497849229e+01,6.809135355173164150e+00,3.116430601363572706e+01,1.597634375056112255e+01,1.382054277900916617e+01,3.701506308691263314e+01
3.781679431331747310e+01,2.355536668388370813e+01,3.581517426648191815e+01,5.641068191748598082e+01,3.961580973427395946e+01,1.470108967574705616e+01,4.644146949031727090e+00,1.979006161499239980e+01,3.683270825681346139e+01,2.901465720539252047e+01,3.140037429913375178e+01,9.771887774492027390e+00,2.459325769073430124e+01,0.000000000000000000e+00,3.457739225560848695e+01,1.289303733301139587e+01,1.230666715503536857e+01,8.805913642550843079e+00,1.243613234417769497e+01,4.097439007706110203e+01,1.302595835554754622e+01,1.904987806882672530e+01,2.418917264683386392e+01,2.058743011605127293e+01,1.206836887368479339e+01,1.890312862840547226e+01,3.193170280293664476e+01,1.184285275225434653e+01,3.758840941483855147e+01,3.901294600728780892e+01,2.737002159740553964e+01,3.976356076954242269e+01,2.510818196519489476e+01,2.986654626301380944e+01,2.726974486265611830e+01,3.078125261661774559e+01,3.125296696329480639e+01,2.919673038886295302e+01,1.126948602860209547e+01,1.665473234058389451e+01,2.561088634168160993e+01,4.336808198784844848e+01,6.808634657083419306e+00,3.108997413717057512e+01,2.225543090095722576e+01,2.566150746691052120e+01,3.242019652244273686e+01,3.834544237139921563e+01,1.395192035553718490e+01
5.790741629612833918e+01,2.410677447327095990e+01,1.756079240038379563e+00,3.031053813458809998e+01,2.355267149281073813e+01,2.289412670903959679e+01,3.227514554486137399e+01,2.962903604773394406e+01,6.887940313970569939e+00,2.882935326785339925e+01,3.602118036801782441e+00,3.731862228271617710e+01,2.497421518402608243e+01,3.457739225560848695e+01,0.000000000000000000e+00,2.228047097748433814e+01,4.687942871660000321e+01,3.297670978540391218e+01,3.790858512317596762e+01,5.368878724382843615e+01,2.646278075556143961e+01,2.376311244662997879e+01,1.399340282330232377e+01,1.648967302279541158e+01,4.370559546903044890e+01,1.580275609055308728e+01,9.291369901201733228e+00,2.431905178744951357e+01,1.109269953750010451e+01,7.023027339827637050e+00,3.111872973931608044e+01,7.025091827807668388e+00,3.618881073540936200e+01,2.566549641578564334e+01,2.858287506757934793e+01,1.049838059670864432e+01,3.335846228542140857e+00,5.723472237948802999e+00,2.881468283485037674e+01,3.397504840834628226e+01,9.785183972261439322e+00,2.892207449972387678e+01,2.809603280075052822e+01,1.740516658906710390e+01,3.109244570685834930e+01,5.307013727216899213e+01,1.050578073398912338e+01,2.734072653792389218e+01,4.829399268337863305e+01
4.042559332895717006e+01,1.400414684928619202e+01,2.335092359979499221e+01,4.398468752717881358e+01,2.811487218828135681e+01,4.078556569429579781e+00,1.000753868562643056e+01,1.400414684928619380e+01,2.397586139782695369e+01,2.067867887796328574e+01,1.890312862840546870e+01,1.544451255106499232e+01,1.532942298661827252e+01,1.289303733301139587e+01,2.228047097748433814e+01,0.000000000000000000e+00,2.505951715422018466e+01,1.512028506446839238e+01,1.659878593827791349e+01,3.992160829006380141e+01,6.379981729192078177e+00,9.583696486176430440e+00,1.138978170768234222e+01,7.819597427742203344e+00,2.151710612782096277e+01,7.818814558437647833e+00,1.904585843230127651e+01,8.228092777414792280e+00,2.734819232148866064e+01,2.753807629020105807e+01,2.040783893697336282e+01,2.699663511552286366e+01,2.147070959049471028e+01,2.018085852149370041e+01,1.917553885682249160e+01,2.084843601853961559e+01,1.895193014530753217e+01,1.667923114271070517e+01,1.301054880119328949e+01,1.513121203461276565e+01,1.440809486774361226e+01,3.251755409729069157e+01,7.775475993033184707e+00,1.905345585146050880e+01,1.666062841431986286e+01,3.223689537315097198e+01,1.957266219014166353e+01,2.789262911361497288e+01,2.684281196711397399e+01
3.676002325037740093e+01,3.369225030584707525e+01,4.812178674130127121e+01,6.770983609167998907e+01,5.025476176693850761e+01,2.624793278375421224e+01,1.544357302847681446e+01,2.843853387391492404e+01,4.903474505299427477e+01,3.795601878051034817e+01,4.370534654903404004e+01,1.477829389785626191e+01,3.447954701850758852e+01,1.230666715503536857e+01,4.687942871660000321e+01,2.505951715422018466e+01,0.000000000000000000e+00,1.698402263734739392e+01,1.688068062011812742e+01,4.312450940769580399e+01,2.376127884632851917e+01,2.962625312327705984e+01,3.614493569568082165e+01,3.255584398286182335e+01,1.008214869105493960e+01,3.116419661919909601e+01,4.398954246392939638e+01,2.350844576252368157e+01,4.939478956973602664e+01,5.116767991172977759e+01,3.558542862913066784e+01,5.202699055670343142e+01,3.137541536277762333e+01,3.960711758193014020e+01,3.621527746340081677e+01,4.260191612885125068e+01,4.355718477084869988e+01,4.149963802191219742e+01,2.113575325854444387e+01,2.355373699771436335e+01,3.780625725681093741e+01,5.340155952140359119e+01,1.890312862840546515e+01,4.232861991891660836e+01,3.032828953088730373e+01,2.201321838132567166e+01,4.438706430208709719e+01,4.821927578438335615e+01,2.935612238149849951e+00
4.661992567310002045e+01,2.857759023035249157e+01,3.448665155755375622e+01,5.855425669982962944e+01,4.321963853471850570e+01,1.857395994942680417e+01,1.227713036533513602e+01,2.641933728784336211e+01,3.676809384082470444e+01,3.485138896852476620e+01,3.036873810682019581e+01,1.851933689969154884e+01,2.981334166688105825e+01,8.805913642550843079e+00,3.297670978540391218e+01,1.512028506446839238e+01,1.698402263734739392e+01,0.000000000000000000e+00,2.112985386769825880e+01,4.944021284707015695e+01,1.851933689969154884e+01,2.393791561850999727e+01,2.587244404725465330e+01,2.254330829958047389e+01,2.038304438953964137e+01,1.757146910012588847e+01,3.277404693823618231e+01,8.785387488298484371e+00,3.335846228542142455e+01,3.599465834005626164e+01,3.382518000916442702e+01,3.914032185169133982e+01,3.271019722119059026e+01,3.493321099296094445e+01,3.319084135169851635e+01,2.672129208511465137e+01,2.984746249184836131e+01,2.834718634283701633e+01,4.447794971389521734e+00,2.446685373894544213e+01,2.325271481605497215e+01,4.762491010487555343e+01,7.566017029409402461e+00,3.408287891667576730e+01,2.908623539590552198e+01,3.424071569462403630e+01,3.358189479724054394e+01,4.292988394711517941e+01,1.716958690540482380e+01
2.568096586123764169e+01,1.860500048390456485e+01,3.867655764487430048e+01,5.307521901931399810e+01,3.500141858841088549e+01,1.502010520336834354e+01,9.292249652082769984e+00,1.237994192061453802e+01,3.790399206590597458e+01,2.160022063747883792e+01,3.434166608563128875e+01,2.720207117866724644e+00,1.904764999207834819e+01,1.243613234417769497e+01,3.790858512317596762e+01,1.659878593827791349e+01,1.688068062011812742e+01,2.112985386769825880e+01,0.000000000000000000e+00,2.862430754341294659e+01,1.144738081117596629e+01,1.562660697504817975e+01,2.461364763736797201e+01,2.151739114322337798e+01,7.820381667572873674e+00,2.441439944133167472e+01,3.227518775729139122e+01,2.107372993526465876e+01,4.393389047801398561e+01,4.377512055770377941e+01,1.894729851464683179e+01,4.134391815471892784e+01,1.451304655118123144e+01,2.376740350695779469e+01,1.991820746323944036e+01,3.744169996752312102e+01,3.468970387263377120e+01,3.218577556557387709e+01,2.270926693767536975e+01,6.897095588420678602e+00,3.094471363341469328e+01,3.745837355109004818e+01,1.624617087452283215e+01,2.832646669610809553e+01,1.379508353970724244e+01,1.564312149678496766e+01,3.224651354257403568e+01,3.224300505299409991e+01,1.974079970742816315e+01
1.139716583898025171e+01,2.989526411923931448e+01,5.353523405552680714e+01,5.229918978266660901e+01,3.657233305965443293e+01,3.620087290667810720e+01,3.717936628448894254e+01,2.619172723647944423e+01,4.995749576969858197e+01,2.499529077638144159e+01,5.039448147968179370e+01,3.134263957222380981e+01,2.885369632523230266e+01,4.097439007706110203e+01,5.368878724382843615e+01,3.992160829006380141e+01,4.312450940769580399e+01,4.944021284707015695e+01,2.862430754341294659e+01,0.000000000000000000e+00,3.362636846524932821e+01,3.194279641025189065e+01,4.043755802348135830e+01,3.953144217678270422e+01,3.315227998277589450e+01,4.650101907286153136e+01,4.483928771957034343e+01,4.718281256748414165e+01,6.326323146054616586e+01,6.068355040921027665e+01,2.257823222422231879e+01,5.341879676286109913e+01,1.861633179452623210e+01,2.843236595471264039e+01,2.510684195224562743e+01,5.814995173114998295e+01,5.139437736175720062e+01,4.890022661296783468e+01,5.023411357627078644e+01,2.541254817441484448e+01,5.115093817093685402e+01,3.469648256039724998e+01,4.336752957880678849e+01,3.704355854071888388e+01,2.381853155268083100e+01,2.381853155268083100e+01,4.394202496905496957e+01,3.140565850061626207e+01,4.601534484481226883e+01
3.411421756565406582e+01,1.054229578633560749e+01,2.723527089409964574e+01,4.394902890115334770e+01,2.670322777993640884e+01,3.602370022897944946e+00,8.607425692171915443e+00,8.162629490836524226e+00,2.668676982833713751e+01,1.638887735318963124e+01,2.289428530206379264e+01,1.111948742847380345e+01,1.162804645609901222e+01,1.302595835554754622e+01,2.646278075556143961e+01,6.379981729192078177e+00,2.376127884632851917e+01,1.851933689969154884e+01,1.144738081117596629e+01,3.362636846524932821e+01,0.000000000000000000e+00,6.036046954286528710e+00,1.334338491416857053e+01,1.009950643673761306e+01,1.784307376663789668e+01,1.380923246218619127e+01,2.117075545900280531e+01,1.377176749494279839e+01,3.293666411821633488e+01,3.241906326306580866e+01,1.533661275237969157e+01,3.005339705624275126e+01,1.533661275237968979e+01,1.689145492384081493e+01,1.469969962508871397e+01,2.668851616107654934e+01,2.325466177887886587e+01,2.074077189936729226e+01,1.770004291076719483e+01,8.784922405734324258e+00,1.991089881193405731e+01,3.034367121789626864e+01,1.109922790170495155e+01,1.856947149804336661e+01,1.088484606858063408e+01,2.677521236496756885e+01,2.130142622431573329e+01,2.532409517823113276e+01,2.606315143254613531e+01
3.445173417025561946e+01,4.648548003078936119e+00,2.419055210242995813e+01,3.814600447707579889e+01,2.069485877880455860e+01,5.552885633556303269e+00,1.463741128083848331e+01,6.037065397821002044e+00,2.261024071996540385e+01,1.111364771907270210e+01,2.017763341060386395e+01,1.609320552419337957e+01,5.879878778166426123e+00,1.904987806882672530e+01,2.376311244662997879e+01,9.583696486176430440e+00,2.962625312327705984e+01,2.393791561850999727e+01,1.562660697504817975e+01,3.194279641025189065e+01,6.036046954286528710e+00,0.000000000000000000e+00,9.786853588202152565e+00,7.778744051621242939e+00,2.289476166158067372e+01,1.468886257126469452e+01,1.689964787174713479e+01,1.781096743777273517e+01,3.190828429386415621e+01,3.033468248240384568e+01,1.094549567646391530e+01,2.614707598198022964e+01,1.338478673442517319e+01,1.103076428345423388e+01,9.591842394235463587e+00,2.634119752064182407e+01,2.085330579178260990e+01,1.824694740633416146e+01,2.244512694957620269e+01,1.037091222679382341e+01,1.931971613100918717e+01,2.432040521563854085e+01,1.637543528617141320e+01,1.289462327185846391e+01,8.129032392892019843e+00,2.970058874971676488e+01,1.673461429933479039e+01,1.933539681563935275e+01,3.200731986457421385e+01
4.399218299095850426e+01,1.054229578633560394e+01,1.440910190719765716e+01,3.272555357327637182e+01,1.809132974025314411e+01,1.009950643673760595e+01,2.074077189936729226e+01,1.564207279014950558e+01,1.334338491416856698e+01,1.638887735318962413e+01,1.042630410233739369e+01,2.446287234264237398e+01,1.162804645609900867e+01,2.418917264683386392e+01,1.399340282330232377e+01,1.138978170768234222e+01,3.614493569568082165e+01,2.587244404725465330e+01,2.461364763736797201e+01,4.043755802348135830e+01,1.334338491416857053e+01,9.786853588202152565e+00,0.000000000000000000e+00,3.602370022897938284e+00,3.116424754409727882e+01,1.008325050322891414e+01,7.901564693672863626e+00,1.756014978808183713e+01,2.282568203081648051e+01,2.068417122990060975e+01,1.800651690917169034e+01,1.673457353007137982e+01,2.241161690213241542e+01,1.401064912701461118e+01,1.567659048483151629e+01,1.806960798643525123e+01,1.119548177579566506e+01,8.607425692171915443e+00,2.282568203081648406e+01,2.008960884260365276e+01,1.137431360775607558e+01,2.312946650667038284e+01,1.898913956197596775e+01,8.817958395521774406e+00,1.721992435826466306e+01,3.934199997083098310e+01,8.245277259945016368e+00,1.934530731584838747e+01,3.808963358696209411e+01
4.220486795681517123e+01,1.008987312239750089e+01,1.717065447797514466e+01,3.619526113289383318e+01,2.089544574142031053e+01,6.671692457084281713e+00,1.717065447797514821e+01,1.381406891939917259e+01,1.673457353007137982e+01,1.666653331378349634e+01,1.289351210893065769e+01,2.117074472349208847e+01,1.138325917443684610e+01,2.058743011605127293e+01,1.648967302279541158e+01,7.819597427742203344e+00,3.255584398286182335e+01,2.254330829958047389e+01,2.151739114322337798e+01,3.953144217678270422e+01,1.009950643673761306e+01,7.778744051621242939e+00,3.602370022897938284e+00,0.000000000000000000e+00,2.779871857118451572e+01,8.155611984471324405e+00,1.144730136953220345e+01,1.449781198627350243e+01,2.413268632981264261e+01,2.277765244800975708e+01,1.763964123447219023e+01,2.001507737125285047e+01,2.108770693097373439e+01,1.496758662079740354e+01,1.561446538817744312e+01,1.862973441612048831e+01,1.338570378779974668e+01,1.080673189425677450e+01,1.973584222790672627e+01,1.757704219130911838e+01,1.162038434863396752e+01,2.567324893642256711e+01,1.549612477302523494e+01,1.162708690117674948e+01,1.581402800302451794e+01,3.658062174969049352e+01,1.184440331365753352e+01,2.147787571280449370e+01,3.448824608053406848e+01
2.758978295870248942e+01,2.625090080012527594e+01,4.466455680337407586e+01,6.074721961879511412e+01,4.275047848027544717e+01,2.112702611410023223e+01,1.184388552638128722e+01,2.017929015812715221e+01,4.449873268389997349e+01,2.941220130985427517e+01,4.023739445340601861e+01,6.808867744589417015e+00,2.677466792743355484e+01,1.206836887368479339e+01,4.370559546903044890e+01,2.151710612782096277e+01,1.008214869105493960e+01,2.038304438953964137e+01,7.820381667572873674e+00,3.315227998277589450e+01,1.784307376663789668e+01,2.289476166158067372e+01,3.116424754409727882e+01,2.779871857118451572e+01,0.000000000000000000e+00,2.897037730236130670e+01,3.901313197123178611e+01,2.345644483371893685e+01,4.841796473488886221e+01,4.903444923000693478e+01,2.670199796016862948e+01,4.781379594243736619e+01,2.180830423885896963e+01,3.157209849615626140e+01,2.773615478422588154e+01,4.168993597950274932e+01,4.039780097716414531e+01,3.802561914628356021e+01,2.332503417542640989e+01,1.470442660191380746e+01,3.575934966726683939e+01,4.527802412331368487e+01,1.824450968059039013e+01,3.576152829540980349e+01,2.159765572594443839e+01,1.394432254998604570e+01,3.913149176068343849e+01,4.006241257526257726e+01,1.301477476438143555e+01
4.787380961255862388e+01,1.799007749720947658e+01,1.717029796972935074e+01,4.161529330082116473e+01,2.813712683760367028e+01,1.053686324686657549e+01,1.717029796972935429e+01,2.031417851746492786e+01,1.920262539764701160e+01,2.471108903892784880e+01,1.289303733301139232e+01,2.317100133952481045e+01,1.932914671128154538e+01,1.890312862840547226e+01,1.580275609055308728e+01,7.818814558437647833e+00,3.116419661919909601e+01,1.757146910012588847e+01,2.441439944133167472e+01,4.650101907286153136e+01,1.380923246218619127e+01,1.468886257126469452e+01,1.008325050322891414e+01,8.155611984471324405e+00,2.897037730236130670e+01,0.000000000000000000e+00,1.555375098387117383e+01,8.786081661859576286e+00,1.956891225234225828e+01,2.019867619704197637e+01,2.537757931070764172e+01,2.161289728422568857e+01,2.788469064553169474e+01,2.312319860526872972e+01,2.354708461458062274e+01,1.302962157628679840e+01,1.252975855926691295e+01,1.080616543467805002e+01,1.378619765169393396e+01,2.255199593368859468e+01,6.808634657083419306e+00,3.321258889454338004e+01,1.230666715503537745e+01,1.889514484032972774e+01,2.272275323770250210e+01,4.005473655655477216e+01,1.653344091007707206e+01,2.933961413081982883e+01,3.250304287741384002e+01
4.981267588444524819e+01,1.597598721918559583e+01,8.782334078761287799e+00,2.607160588390760125e+01,1.497127336270688147e+01,1.799788292253268196e+01,2.861795583026317402e+01,2.219519607748029699e+01,5.723670539699213577e+00,1.985378302212081536e+01,6.888764164180317451e+00,3.227518071104226749e+01,1.660125268698624623e+01,3.193170280293664476e+01,9.291369901201733228e+00,1.904585843230127651e+01,4.398954246392939638e+01,3.277404693823618231e+01,3.227518775729139122e+01,4.483928771957034343e+01,2.117075545900280531e+01,1.689964787174713479e+01,7.901564693672863626e+00,1.144730136953220345e+01,3.901313197123178611e+01,1.555375098387117383e+01,0.000000000000000000e+00,2.410107687398923204e+01,2.016100069641828441e+01,1.624477485952773392e+01,2.239960068559440742e+01,9.302108814832184436e+00,2.799371630216702656e+01,1.654235457385362906e+01,1.980774534095699835e+01,1.766724726274516399e+01,8.233049528586564136e+00,6.888764164180317451e+00,2.926647350684758209e+01,2.723593869356603392e+01,1.301759565318701029e+01,2.042041049385676033e+01,2.636172508478567522e+01,8.127630441859512445e+00,2.317484724680267050e+01,4.657425419459624294e+01,1.360187162489630230e+00,1.824592530100002108e+01,4.587094586734416879e+01
4.642768017696058536e+01,2.220369795161309057e+01,2.578560071046325675e+01,5.003077629405277804e+01,3.539312339838571120e+01,1.228160869213727224e+01,1.206634166502412953e+01,2.186703095177369960e+01,2.798478127769272206e+01,2.890470951179165837e+01,2.161176538194563435e+01,1.904630622655072258e+01,2.353871472474670412e+01,1.184285275225434653e+01,2.431905178744951357e+01,8.228092777414792280e+00,2.350844576252368157e+01,8.785387488298484371e+00,2.107372993526465876e+01,4.718281256748414165e+01,1.377176749494279839e+01,1.781096743777273517e+01,1.756014978808183713e+01,1.449781198627350243e+01,2.345644483371893685e+01,8.786081661859576286e+00,2.410107687398923204e+01,0.000000000000000000e+00,2.589728627762162816e+01,2.783188594915549885e+01,2.858208847968008470e+01,3.037054883040444864e+01,2.909656512410937523e+01,2.829058763329786430e+01,2.740255733263797921e+01,1.909727852418581762e+01,2.113655527881557816e+01,1.957016000106571596e+01,5.265532551485818225e+00,2.182776022145905515e+01,1.470843500654347125e+01,4.010570870350506567e+01,5.211935275267066459e+00,2.611853735863874348e+01,2.457669227838974990e+01,3.621121051815898539e+01,2.496766797998666121e+01,3.570369276344658971e+01,2.446287234264237398e+01
6.632489337994549317e+01,3.336797663908777167e+01,1.227713036533513602e+01,3.967311391345198501e+01,3.464484018498274054e+01,2.939885356651269532e+01,3.657459140521613250e+01,3.794521559776348596e+01,1.770004291076719483e+01,3.887624614913557508e+01,1.343139047785860818e+01,4.273969872692273952e+01,3.443223116440400844e+01,3.758840941483855147e+01,1.109269953750010451e+01,2.734819232148866064e+01,4.939478956973602664e+01,3.335846228542142455e+01,4.393389047801398561e+01,6.326323146054616586e+01,3.293666411821633488e+01,3.190828429386415621e+01,2.282568203081648051e+01,2.413268632981264261e+01,4.841796473488886221e+01,1.956891225234225828e+01,2.016100069641828441e+01,2.589728627762162816e+01,0.000000000000000000e+00,5.869993369937807515e+00,4.078533321519786625e+01,1.645618995392671735e+01,4.510401764245268907e+01,3.597936951479165657e+01,3.837396189670257485e+01,6.808468775670561079e+00,1.220708864432352314e+01,1.449401843278763735e+01,2.891066731403190104e+01,4.136923903011550152e+01,1.302918816737333430e+01,4.000574782289099574e+01,3.078106915829305379e+01,2.811963074495859871e+01,3.984805005941883138e+01,5.955142503905531015e+01,2.144927631749382968e+01,3.836725079669921001e+01,5.020327406253515790e+01
6.467623209806669138e+01,3.100377120038552903e+01,7.569004687194174075e+00,3.384066721063069139e+01,2.991707634361001666e+01,2.881669329981724559e+01,3.731801494201195624e+01,3.629498134151852895e+01,1.267935558363895332e+01,3.584996222175260527e+01,1.033184553811961237e+01,4.292214891120178066e+01,3.191556383876416447e+01,3.901294600728780892e+01,7.023027339827637050e+00,2.753807629020105807e+01,5.116767991172977759e+01,3.599465834005626164e+01,4.377512055770377941e+01,6.068355040921027665e+01,3.241906326306580866e+01,3.033468248240384568e+01,2.068417122990060975e+01,2.277765244800975708e+01,4.903444923000693478e+01,2.019867619704197637e+01,1.624477485952773392e+01,2.783188594915549885e+01,5.869993369937807515e+00,0.000000000000000000e+00,3.810692643350119369e+01,1.087281605036556797e+01,4.304347992885229246e+01,3.268531371097857630e+01,3.558312146875627491e+01,9.784352139959452188e+00,9.493424210353300197e+00,1.209598249166218231e+01,3.160493992091446103e+01,4.035361560247129376e+01,1.341236348663615274e+01,3.515711089507627918e+01,3.227511748981559236e+01,2.437240481877104159e+01,3.789164779143084871e+01,5.918688996378732270e+01,1.739885114230445140e+01,3.401465885631677821e+01,5.227924068051365225e+01
2.780059779066622738e+01,7.580263644863657113e+00,3.101202223398062685e+01,3.599708444601343871e+01,1.784322713746515277e+01,1.632928236754378304e+01,2.272951210698891700e+01,7.580263644863660666e+00,2.773714934198248372e+01,3.335846228542140857e+00,2.781740753592053395e+01,2.080962497960101842e+01,6.386261977066722828e+00,2.737002159740553964e+01,3.111872973931608044e+01,2.040783893697336282e+01,3.558542862913066784e+01,3.382518000916442702e+01,1.894729851464683179e+01,2.257823222422231879e+01,1.533661275237969157e+01,1.094549567646391530e+01,1.800651690917169034e+01,1.763964123447219023e+01,2.670199796016862948e+01,2.537757931070764172e+01,2.239960068559440742e+01,2.858208847968008470e+01,4.078533321519786625e+01,3.810692643350119369e+01,0.000000000000000000e+00,3.128624532457708085e+01,6.671692457084289707e+00,6.809236047356742816e+00,2.607668562832833992e+00,3.598270897341573260e+01,2.882935326785339925e+01,2.635671909759287246e+01,3.293621353965606602e+01,1.207651187471924814e+01,2.908498802534044003e+01,1.905034947579774141e+01,2.643485119372780545e+01,1.497926726621913396e+01,5.273679187151075531e+00,2.809719872706940080e+01,2.160022063747883436e+01,1.395500267603355304e+01,3.833759023997664883e+01
5.892950982695330708e+01,2.521791630030251596e+01,5.269012597300942069e+00,2.352449286096970127e+01,1.980172145271023609e+01,2.668676982833713041e+01,3.692027763990915901e+01,3.149658941003590940e+01,3.602370022897938284e+00,2.849405368848804088e+01,8.787473699494684709e+00,4.116457067577527340e+01,2.576269303344245643e+01,3.976356076954242269e+01,7.025091827807668388e+00,2.699663511552286366e+01,5.202699055670343142e+01,3.914032185169133982e+01,4.134391815471892784e+01,5.341879676286109913e+01,3.005339705624275126e+01,2.614707598198022964e+01,1.673457353007137982e+01,2.001507737125285047e+01,4.781379594243736619e+01,2.161289728422568857e+01,9.302108814832184436e+00,3.037054883040444864e+01,1.645618995392671735e+01,1.087281605036556797e+01,3.128624532457708085e+01,0.000000000000000000e+00,3.714071174179164814e+01,2.499263834468684919e+01,2.867857689118291020e+01,1.739412326543849829e+01,9.494951574962655627e+00,1.080673189425677805e+01,3.514571941277085187e+01,3.650638927310004078e+01,1.638803750104701606e+01,2.479121277206113660e+01,3.362081926157470946e+01,1.639279080978165837e+01,3.242360445778537326e+01,5.584443658298060598e+01,9.786644451223631691e+00,2.438921043946324829e+01,5.367378658995706786e+01
