0.000000000000000000e+00,2.623920719913305533e+01,1.991454783977878407e+01,3.404433880531288281e+01,8.998878367691050428e+00,9.522854830797477632e+00,1.563736871608512757e+01,1.856814837400600737e+01,2.575705327083717577e+01,2.150419994156417047e+01,3.335846228542140857e+00,1.567223108319546121e+01,9.785600631363967850e+00,2.316956384333263941e+01,1.463285539245095102e+01,2.074094706570275193e+01,2.019894541628543649e+01,1.363145141641650326e+01,2.937771903936766016e+00,1.533121908160255131e+01,2.446287234264237753e+01,3.156078678014138461e+01,2.646213818725423650e+01,6.671692457084285266e+00,2.161214245678512569e+01,3.529421970910612316e+01,1.127672172470371237e+01,1.932375881248101734e+01,1.381245496694737618e+01,8.787009139391683377e+00,1.991454783977878407e+01,2.935492841021242327e+01,2.080565018458383264e+01,1.042525997218863232e+01,2.355826393884693459e+01,2.130121302735183164e+01,2.606474511954267115e+01,6.378275246344077942e+00,1.594444286106055486e+01,1.303353364652256907e+01,1.859155041748934778e+01,1.470874281325253463e+01,2.668485396807959020e+01,1.597278795396050199e+01,7.783641199931662591e+00,1.162516932829604066e+01,2.008875980704362973e+01,4.650883554361390892e+00,1.977263972840509609e+01
2.623920719913305533e+01,0.000000000000000000e+00,2.589809686401385491e+01,4.233916864098493704e+01,2.490042900181870422e+01,3.273022073927088371e+01,3.838511440361883587e+01,2.756150559687842971e+01,4.606338080981107908e+01,1.857389894975273137e+01,2.588338355660321710e+01,1.731579052485763981e+01,3.026564802985677360e+01,4.364872360359660064e+01,3.864556740410799307e+01,3.186573846610231797e+01,3.367350343418327441e+01,3.983540044727590157e+01,2.379881216463401827e+01,1.095217736354987537e+01,3.878839773532996560e+01,5.200710241840632619e+01,3.889309530032794271e+01,2.814882084570337994e+01,3.740629903339427642e+01,1.120618745271951511e+01,1.801147490910631888e+01,1.471057447881486624e+01,2.181584133860777897e+01,3.233936612509217667e+01,2.589809686401385491e+01,4.919380853981948576e+01,1.479407278406605109e+01,3.402174277390299295e+01,9.303581483116637685e+00,3.835068430699602970e+01,1.498117666932080283e+01,3.224931209708562108e+01,4.081834754511644547e+01,2.019414751069000502e+01,1.639961453549964432e+01,3.426414722712506489e+01,4.931123466495078134e+01,3.773128544797487649e+01,2.607376045744067383e+01,1.976403963889055149e+01,3.014229165815125455e+01,2.721883984944876289e+01,4.374478125385585514e+01
1.991454783977878407e+01,2.589809686401385491e+01,0.000000000000000000e+00,1.717136945324356034e+01,2.728968380723821596e+01,2.928658187982794558e+01,1.932453971952102378e+01,2.721211103819776156e+00,2.275118930835096265e+01,8.130435832240753058e+00,2.278147901976745970e+01,9.302696275413739002e+00,2.962810786333969659e+01,2.087220462873422733e+01,2.113709526222165991e+01,6.382831872258662109e+00,8.817029031280608109e+00,2.899943470483593799e+01,1.757704219130911127e+01,2.042730551306189568e+01,1.337824855801911639e+01,2.811671996019012454e+01,4.580221801336586651e+01,1.478320989146729403e+01,4.133741939972554036e+01,3.709892507458657462e+01,2.461375861431912782e+01,1.120056369763317505e+01,6.809034847679431124e+00,1.740358648201432601e+01,0.000000000000000000e+00,2.518286541830366332e+01,3.140115624646820791e+01,1.807864236067758057e+01,1.731365024014117537e+01,1.430823780864061234e+01,3.542484798962387060e+01,2.107838134780926254e+01,3.408047745169827891e+01,2.809676016176480928e+01,9.498785423240914128e+00,1.378000395892447472e+01,2.754355529485489740e+01,1.781527337054594184e+01,2.677358002590023389e+01,1.009961909476328046e+01,4.648106863519245735e+00,2.441666008348012440e+01,3.832192467522859403e+01
3.404433880531288281e+01,4.233916864098493704e+01,1.717136945324356034e+01,0.000000000000000000e+00,4.260276708607421625e+01,4.227552289875401215e+01,2.498383122780081678e+01,1.673461429933479749e+01,2.030662552908595231e+01,2.376740350695779469e+01,3.731892651136937644e+01,2.646428465035937450e+01,4.363152696856236901e+01,2.038784449690336587e+01,2.757948830389637607e+01,1.341253257534395971e+01,1.395323654756328757e+01,3.814967378567865808e+01,3.250360787414230401e+01,3.759166937651816909e+01,1.119649583901680323e+01,2.244254331649069201e+01,6.048089315255057130e+01,2.753931158387395328e+01,5.542854171024688270e+01,5.339101697625003595e+01,4.116458724966196314e+01,2.779585779556888880e+01,2.350890896396740715e+01,2.779166582736098334e+01,1.717136945324356034e+01,2.016320264860038236e+01,4.850588017571224952e+01,2.735221729416904779e+01,3.320646481018592766e+01,1.549827666343078825e+01,5.259590615329985042e+01,3.242019652244273686e+01,4.458008253218477535e+01,4.447794971389522800e+01,2.625217663086175435e+01,2.116404547021154059e+01,2.613887948677580297e+01,2.328378877236616873e+01,4.170015201222355472e+01,2.682511605908331376e+01,1.445533365701595052e+01,3.867655764487430048e+01,4.882203933815582531e+01
8.998878367691050428e+00,2.490042900181870422e+01,2.728968380723821596e+01,4.260276708607421625e+01,0.000000000000000000e+00,8.452420252079129170e+00,2.418825438231938207e+01,2.646342449763444549e+01,3.448771425349448094e+01,2.670076884209656853e+01,5.723551486133676924e+00,2.069039669194482656e+01,5.437074381845537374e+00,3.193033996869866087e+01,2.277701599848249714e+01,2.919708003736302970e+01,2.894262306679483032e+01,1.798666365778875331e+01,1.009948394663020821e+01,1.469659936544060486e+01,3.338615427829790860e+01,4.015305207045289393e+01,1.856594838953423476e+01,1.562653425310682387e+01,1.463361363600363241e+01,3.162947131296649772e+01,6.890413093124928778e+00,2.334044934968417806e+01,2.058941532915670791e+01,1.754304789213356486e+01,2.728968380723821596e+01,3.808844458310912273e+01,1.469659936544060486e+01,1.904496507161310248e+01,2.553819356138525620e+01,3.029831703459640124e+01,1.979977562655404455e+01,1.399259245714605271e+01,1.664100908343725393e+01,5.876780897198306874e+00,2.324864713447002629e+01,2.370434924636387564e+01,3.483187666126465132e+01,2.473384970145854211e+01,1.756337511170946497e+00,1.757657625851989636e+01,2.832595255038591375e+01,5.212977885042782589e+00,1.901810771371843245e+01
9.522854830797477632e+00,3.273022073927088371e+01,2.928658187982794558e+01,4.227552289875401215e+01,8.452420252079129170e+00,0.000000000000000000e+00,2.006112896890968500e+01,2.772920903186989605e+01,3.029791357750518088e+01,3.093042045984024924e+01,7.569752568413736782e+00,2.500054158487801814e+01,3.511513606285244560e+00,2.793116795635252814e+01,1.799742956442230835e+01,2.935742836750182860e+01,2.833205845043221416e+01,1.032965701067116626e+01,1.229255557226957229e+01,2.201321838132567166e+01,3.186745062214588131e+01,3.542046333619702381e+01,1.890312862840547226e+01,1.497395087657859492e+01,1.341236348663614919e+01,4.002968917339286037e+01,1.499599381756315175e+01,2.843095687830643215e+01,2.333202937757300077e+01,1.470855801619944891e+01,2.928658187982794558e+01,3.379800784357070143e+01,2.310928349760609279e+01,1.562646175462688802e+01,3.192848994353218828e+01,2.809603280075052822e+01,2.813420708210065158e+01,1.009934929567404183e+01,8.224136216029135582e+00,1.430347607267688659e+01,2.787276711057969081e+01,2.151672692039390355e+01,2.937916710507906615e+01,2.112702611410023223e+01,6.885471217952146006e+00,2.107683003517417220e+01,2.896339105161779415e+01,5.873073878057217811e+00,1.108879032379301677e+01
1.563736871608512757e+01,3.838511440361883587e+01,1.932453971952102378e+01,2.498383122780081678e+01,2.418825438231938207e+01,2.006112896890968500e+01,0.000000000000000000e+00,1.665080652142491147e+01,1.036968717632369952e+01,2.586431596262631061e+01,1.856550917446400817e+01,2.245547444056269981e+01,2.260942799416974935e+01,7.901277847041811242e+00,2.605924272452961432e+00,1.514175254217912325e+01,1.275655161503305557e+01,1.338353962706946021e+01,1.636539518857370368e+01,2.850642469625104525e+01,1.378855975318392346e+01,1.597066459481404621e+01,3.894190970614859992e+01,1.053531488077370071e+01,3.335846228542141745e+01,4.877637443562270647e+01,2.669218462732716901e+01,2.643174531459932197e+01,1.798581078408460954e+01,6.893836501077993617e+00,1.932453971952102378e+01,1.395162884169152129e+01,3.615505845177102628e+01,5.212108790425437732e+00,3.252818188239268693e+01,9.493424210353301973e+00,4.134386633596336225e+01,1.036986154584629105e+01,2.008565977025478588e+01,2.867090204186841618e+01,2.487967434082818130e+01,5.547653820775806821e+00,1.126804367709965504e+01,1.755563538214798935e+00,2.264580782001405268e+01,1.889108254553800847e+01,1.595303265244555035e+01,1.904437039165578227e+01,2.418504908102430662e+01
1.856814837400600737e+01,2.756150559687842971e+01,2.721211103819776156e+00,1.673461429933479749e+01,2.646342449763444549e+01,2.772920903186989605e+01,1.665080652142491147e+01,0.000000000000000000e+00,2.016540571766126533e+01,1.051427080765236610e+01,2.161440965431091854e+01,1.042874752063372590e+01,2.835171802632613947e+01,1.822272540401241159e+01,1.852553889123115383e+01,4.304557670371690570e+00,6.381690913317172864e+00,2.674347125807885206e+01,1.649055457435348160e+01,2.114004753339991183e+01,1.127672172470371414e+01,2.563994682813641290e+01,4.482240879597129890e+01,1.291240539448171631e+01,4.015711350522327905e+01,3.876011704435241967e+01,2.446287234264237398e+01,1.303451306874194238e+01,6.809001386158939795e+00,1.512877926071918289e+01,2.721211103819776156e+00,2.271151174743341272e+01,3.186941186789533376e+01,1.566642919745203777e+01,1.933539681563935275e+01,1.175232576270864371e+01,3.614936627459138663e+01,1.904987806882672530e+01,3.206767648841467633e+01,2.783198373158925065e+01,1.128108235954741190e+01,1.110315273929827740e+01,2.486194207834292769e+01,1.511916401778060859e+01,2.578781700298705459e+01,1.009959653546162883e+01,2.606968404566740727e+00,2.317244140694509724e+01,3.634076681756221916e+01
2.575705327083717577e+01,4.606338080981107908e+01,2.275118930835096265e+01,2.030662552908595231e+01,3.448771425349448094e+01,3.029791357750518088e+01,1.036968717632369952e+01,2.016540571766126533e+01,0.000000000000000000e+00,3.064542203163107104e+01,2.881568746540548176e+01,2.900450350376366515e+01,3.295416475169500359e+01,2.605837590694957129e+00,1.230661205756091725e+01,1.664688461504954375e+01,1.399279914809883607e+01,2.240419541930916836e+01,2.606228233724944943e+01,3.714272476699637338e+01,1.092687467851631311e+01,6.031316790042093423e+00,4.909515847067667949e+01,1.990871446741983775e+01,4.345100254092447756e+01,5.694406238376150498e+01,3.648963185323125202e+01,3.252443961303386999e+01,2.436821454574391410e+01,1.698468781425024687e+01,2.275118930835096265e+01,3.601678510949720469e+00,4.578986139981612524e+01,1.544286986751980351e+01,3.890565665663192618e+01,8.449527333912376648e+00,5.087039921291351874e+01,2.073954871222445107e+01,2.919624268047103044e+01,3.873522229563180730e+01,3.079849316959989380e+01,1.206566668567156420e+01,5.868763369827155962e+00,9.784559912497799772e+00,3.297758762404642141e+01,2.634313403321090874e+01,1.822062265516010626e+01,2.938067448211659638e+01,3.295330846266781322e+01
2.150419994156417047e+01,1.857389894975273137e+01,8.130435832240753058e+00,2.376740350695779469e+01,2.670076884209656853e+01,3.093042045984024924e+01,2.586431596262631061e+01,1.051427080765236610e+01,3.064542203163107104e+01,0.000000000000000000e+00,2.356189435573376656e+01,6.038425989074982070e+00,3.033212857151201192e+01,2.861649522108017152e+01,2.722147513113042905e+01,1.451177330667699117e+01,1.687049849827642234e+01,3.319084135169851635e+01,1.864595532342229944e+01,1.580361980245718279e+01,2.150419994156417047e+01,3.615369937450771687e+01,4.504082287934615181e+01,1.854004677668480738e+01,4.132268197805240817e+01,2.964302421058350845e+01,2.216687467114773114e+01,4.447794971389521734e+00,8.464035604231701981e+00,2.221417726048795060e+01,8.130435832240753058e+00,3.322441223849453706e+01,2.682532015492391864e+01,2.336258084628452281e+01,9.500710649436086896e+00,2.226003021969383866e+01,3.005348050069230226e+01,2.477526658118481961e+01,3.716551868150734350e+01,2.576439151232062841e+01,3.603002636315661533e+00,2.052615757950061948e+01,3.513285236499837083e+01,2.458268410705676033e+01,2.671003381673078536e+01,9.879520679203986688e+00,1.276909226525487107e+01,2.531703619965418639e+01,4.117823610208318286e+01
3.335846228542140857e+00,2.588338355660321710e+01,2.278147901976745970e+01,3.731892651136937644e+01,5.723551486133676924e+00,7.569752568413736782e+00,1.856550917446400817e+01,2.161440965431091854e+01,2.881568746540548176e+01,2.356189435573376656e+01,0.000000000000000000e+00,1.756919911287340241e+01,6.894723305142561820e+00,2.624708706726921648e+01,1.730416503042119913e+01,2.397601292893604708e+01,2.350871554798992591e+01,1.429555587652755655e+01,5.213152008176852092e+00,1.496390351705113453e+01,2.779871857118451928e+01,3.453513621299337899e+01,2.325393056183138540e+01,1.000753868562642701e+01,1.856550917446400106e+01,3.417289648904966981e+01,9.293129862142730957e+00,2.089175878153036692e+01,1.639143076846255909e+01,1.184354085391975708e+01,2.278147901976745970e+01,3.241736591700252035e+01,1.864299893095535054e+01,1.338516177977506416e+01,2.440889161830441978e+01,2.461346313022950838e+01,2.391237185145160282e+01,8.606160892033226872e+00,1.510828342362254162e+01,1.033513758845631081e+01,2.039907491307095455e+01,1.799768112093990879e+01,2.939663793912965772e+01,1.904466764233008291e+01,4.447794971389521734e+00,1.381245496694737440e+01,2.325514999588256870e+01,1.756208340553932823e+00,1.851314429175197063e+01
1.567223108319546121e+01,1.731579052485763981e+01,9.302696275413739002e+00,2.646428465035937450e+01,2.069039669194482656e+01,2.500054158487801814e+01,2.245547444056269981e+01,1.042874752063372590e+01,2.900450350376366515e+01,6.038425989074982070e+00,1.756919911287340241e+01,0.000000000000000000e+00,2.430614305497859107e+01,2.668958845230009658e+01,2.335414483225553894e+01,1.470554148797705452e+01,1.637249981478167982e+01,2.799533516096917651e+01,1.276566487159353080e+01,1.120249279022936406e+01,2.152279043961946314e+01,3.486404409828289630e+01,3.910060631818182486e+01,1.364808363113752954e+01,3.530023139276407562e+01,2.846211490216271756e+01,1.649143825553572285e+01,4.084079861856065641e+00,4.648989372896888739e+00,1.768026692946441614e+01,9.302696275413739002e+00,3.200879093851862933e+01,2.228059350042322961e+01,1.907156187973306061e+01,1.009873468423602993e+01,2.108148650080581632e+01,2.614819201271974336e+01,1.955174986115783042e+01,3.151101663985847523e+01,2.009017571955203252e+01,2.940870579087043968e+00,1.763220441005354644e+01,3.274586711471123124e+01,2.146117165122799619e+01,2.067302682513857093e+01,4.231289657911474933e+00,1.303571590563488769e+01,1.932540736583025520e+01,3.543255064967041079e+01
9.785600631363967850e+00,3.026564802985677360e+01,2.962810786333969659e+01,4.363152696856236901e+01,5.437074381845537374e+00,3.511513606285244560e+00,2.260942799416974935e+01,2.835171802632613947e+01,3.295416475169500359e+01,3.033212857151201192e+01,6.894723305142561820e+00,2.430614305497859107e+01,0.000000000000000000e+00,3.051049439828885923e+01,2.073972313475925233e+01,3.043670460767566155e+01,2.969886585979742932e+01,1.380441217380539598e+01,1.209738729478057628e+01,1.983652977912861459e+01,3.360674731857223918e+01,3.826938225853067621e+01,1.689916445544624324e+01,1.609244358708688338e+01,1.184302462243431719e+01,3.702041561924917801e+01,1.228759014193649968e+01,2.742049494018722200e+01,2.328573853701264795e+01,1.667923114271071228e+01,2.962810786333969659e+01,3.650392910971765303e+01,1.983652977912861459e+01,1.784299750525559247e+01,3.030753029842597002e+01,3.005335931357103973e+01,2.477792089547768128e+01,1.230668554345055199e+01,1.136667106905457025e+01,1.110184380775429247e+01,2.707029930963062725e+01,2.339043744984869377e+01,3.241567161720560364e+01,2.350852272567780687e+01,4.226451146434690109e+00,2.066972734675442780e+01,2.985086213335909378e+01,5.212629943177970127e+00,1.358103333187289508e+01
2.316956384333263941e+01,4.364872360359660064e+01,2.087220462873422733e+01,2.038784449690336587e+01,3.193033996869866087e+01,2.793116795635252814e+01,7.901277847041811242e+00,1.822272540401241159e+01,2.605837590694957129e+00,2.861649522108017152e+01,2.624708706726921648e+01,2.668958845230009658e+01,3.051049439828885923e+01,0.000000000000000000e+00,1.000753868562642701e+01,1.499233352585967260e+01,1.228160869213727047e+01,2.042550575059319939e+01,2.345644483371893685e+01,3.460491593072002559e+01,1.007994674216449127e+01,8.603218050153381924e+00,4.678080718692128670e+01,1.730416503042119913e+01,4.116452113758136022e+01,5.447865497690998637e+01,3.388379443901101240e+01,3.029551450752559560e+01,2.204232314609382115e+01,1.440759225189592740e+01,2.087220462873422733e+01,6.187772236943033910e+00,4.318764186895285917e+01,1.289256341666372130e+01,3.666052041805872364e+01,6.793426740400493102e+00,4.827345140017835945e+01,1.825202022680991121e+01,2.723394140493099869e+01,3.613715273881189205e+01,2.858619150867719938e+01,9.521666194480030043e+00,6.789269198605790478e+00,7.203670553819812028e+00,3.043524504266436992e+01,2.389932384274698762e+01,1.646213511193758094e+01,2.684281196711397399e+01,3.110827822897794448e+01
1.463285539245095102e+01,3.864556740410799307e+01,2.113709526222165991e+01,2.757948830389637607e+01,2.277701599848249714e+01,1.799742956442230835e+01,2.605924272452961432e+00,1.852553889123115383e+01,1.230661205756091725e+01,2.722147513113042905e+01,1.730416503042119913e+01,2.335414483225553894e+01,2.073972313475925233e+01,1.000753868562642701e+01,0.000000000000000000e+00,1.739727435473637129e+01,1.512392153147237117e+01,1.080503556378170238e+01,1.580355379667406801e+01,2.842577623312054769e+01,1.638668292340017985e+01,1.754139766633606712e+01,3.679475052944365387e+01,1.050049219665019784e+01,3.116418210951890799e+01,4.876624585599983419e+01,2.587688375721782563e+01,2.740255733263797566e+01,1.906455976443086797e+01,6.376571460409507175e+00,2.113709526222165991e+01,1.580246994635271562e+01,3.539971125411327080e+01,4.642831104667807907e+00,3.332129178247514290e+01,1.209551476463478181e+01,4.063897189147596833e+01,8.786081661859570957e+00,1.754139766633607067e+01,2.757948830389637607e+01,2.593275986439822844e+01,7.568257192885776696e+00,1.209318017708521609e+01,4.302238866745327073e+00,2.116142075113191368e+01,1.954491977758809540e+01,1.807321893703726090e+01,1.757285867649655486e+01,2.160950766792144506e+01
2.074094706570275193e+01,3.186573846610231797e+01,6.382831872258662109e+00,1.341253257534395971e+01,2.919708003736302970e+01,2.935742836750182860e+01,1.514175254217912325e+01,4.304557670371690570e+00,1.664688461504954375e+01,1.451177330667699117e+01,2.397601292893604708e+01,1.470554148797705452e+01,3.043670460767566155e+01,1.499233352585967260e+01,1.739727435473637129e+01,0.000000000000000000e+00,2.719872786162421008e+00,2.681944706329915462e+01,1.909780039467764112e+01,2.521880142770918809e+01,7.026125754109685317e+00,2.181841301387631304e+01,4.720289988738465325e+01,1.440935404425565913e+01,4.227498644015897611e+01,4.306467400816524105e+01,2.793152521573063041e+01,1.730937679375584892e+01,1.080767825845601493e+01,1.549755895763513003e+01,6.382831872258662109e+00,1.888499685159867170e+01,3.576215246520488478e+01,1.555375098387117561e+01,2.356843633547311256e+01,8.233049528586564136e+00,4.018120352754463198e+01,1.991162777143690121e+01,3.270366263386450356e+01,3.116426213446068161e+01,1.556123539952538692e+01,9.872052709615985577e+00,2.176872822494764392e+01,1.343821664694955942e+01,2.832582421051441557e+01,1.395353001077701194e+01,1.756854895465607136e+00,2.538997370923003771e+01,3.700444395637149597e+01
2.019894541628543649e+01,3.367350343418327441e+01,8.817029031280608109e+00,1.395323654756328757e+01,2.894262306679483032e+01,2.833205845043221416e+01,1.275655161503305557e+01,6.381690913317172864e+00,1.399279914809883607e+01,1.687049849827642234e+01,2.350871554798992591e+01,1.637249981478167982e+01,2.969886585979742932e+01,1.228160869213727047e+01,1.512392153147237117e+01,2.719872786162421008e+00,0.000000000000000000e+00,2.496374851088837588e+01,1.890312862840546870e+01,2.636661305703857039e+01,5.213152008176845875e+00,1.930190844737835221e+01,4.657210209410956026e+01,1.361763543059153037e+01,4.148049442296992595e+01,4.483434747096371353e+01,2.832608096882721327e+01,1.932968391009479703e+01,1.209973405015390568e+01,1.399299752121443063e+01,8.817029031280608109e+00,1.636873495371931853e+01,3.658062174969050062e+01,1.378974283709596094e+01,2.567348722339558620e+01,5.550267118646817543e+00,4.118201731832896684e+01,1.856638786498933058e+01,3.108134606056362159e+01,3.140076455204511419e+01,1.757179095711180139e+01,7.776875031116866843e+00,1.905291261160248339e+01,1.101964619831593239e+01,2.793139502339185753e+01,1.497660357049640822e+01,4.228867365065314132e+00,2.480053924700941792e+01,3.537062556089338017e+01
1.363145141641650326e+01,3.983540044727590157e+01,2.899943470483593799e+01,3.814967378567865808e+01,1.798666365778875331e+01,1.032965701067116626e+01,1.338353962706946021e+01,2.674347125807885206e+01,2.240419541930916836e+01,3.319084135169851635e+01,1.429555587652755655e+01,2.799533516096917651e+01,1.380441217380539598e+01,2.042550575059319939e+01,1.080503556378170238e+01,2.681944706329915462e+01,2.496374851088837588e+01,0.000000000000000000e+00,1.630522823430690948e+01,2.889431119520845215e+01,2.701565602895599127e+01,2.672128364744988360e+01,2.753725526445001037e+01,1.467960448647715666e+01,2.181426905862553767e+01,4.846659907681998902e+01,2.349477588836861131e+01,3.197656062186095127e+01,2.475936906431447326e+01,1.161561213031462891e+01,2.899943470483593799e+01,2.561084224273338705e+01,3.251828132997076182e+01,1.126948602860209547e+01,3.687181583656150963e+01,2.277510889501109403e+01,3.771391724767327247e+01,8.447601141535015401e+00,6.808435660175025106e+00,2.377326239949811182e+01,3.090744512112734910e+01,1.720895650439145186e+01,2.019840796773993574e+01,1.497206280365185549e+01,1.623919819884822502e+01,2.376563877115146184e+01,2.705708883125775088e+01,1.343139047785861173e+01,1.080447214847421122e+01
2.937771903936766016e+00,2.379881216463401827e+01,1.757704219130911127e+01,3.250360787414230401e+01,1.009948394663020821e+01,1.229255557226957229e+01,1.636539518857370368e+01,1.649055457435348160e+01,2.606228233724944943e+01,1.864595532342229944e+01,5.213152008176852092e+00,1.276566487159353080e+01,1.209738729478057628e+01,2.345644483371893685e+01,1.580355379667406801e+01,1.909780039467764112e+01,1.890312862840546870e+01,1.630522823430690948e+01,0.000000000000000000e+00,1.302749136417491549e+01,2.350871554798992236e+01,3.200253557536257176e+01,2.833205845043221771e+01,6.189089102673920095e+00,2.376066836793444281e+01,3.326091367107772356e+01,1.042735006042800272e+01,1.638719407015699758e+01,1.119751106140181562e+01,9.524044784519034579e+00,1.757704219130911127e+01,2.962255014845968049e+01,1.980588125919240028e+01,1.127382265119182669e+01,2.068611937878249307e+01,2.074059683950416400e+01,2.497946625892993211e+01,8.453385527002289734e+00,1.888094488164237816e+01,1.289398774614350884e+01,1.567513658944388943e+01,1.440884992111699958e+01,2.761123632066986389e+01,1.638803750104701251e+01,9.301913468900480098e+00,8.784274796939190111e+00,1.825302634920798894e+01,6.895315355952475578e+00,2.270253947404565409e+01
1.533121908160255131e+01,1.095217736354987537e+01,2.042730551306189568e+01,3.759166937651816909e+01,1.469659936544060486e+01,2.201321838132567166e+01,2.850642469625104525e+01,2.114004753339991183e+01,3.714272476699637338e+01,1.580361980245718279e+01,1.496390351705113453e+01,1.120249279022936406e+01,1.983652977912861459e+01,3.460491593072002559e+01,2.842577623312054769e+01,2.521880142770918809e+01,2.636661305703857039e+01,2.889431119520845215e+01,1.302749136417491549e+01,0.000000000000000000e+00,3.157035259016810969e+01,4.317205751921024159e+01,3.111311485742634275e+01,1.800192320314484462e+01,2.850642469625104169e+01,2.034264350259532250e+01,8.129032392892014514e+00,1.144801809115923774e+01,1.441112323934460626e+01,2.205040054471225730e+01,2.042730551306189568e+01,4.050637393524337426e+01,1.111948742847380345e+01,2.378614544162871525e+01,1.128472727628344963e+01,3.018444681837883437e+01,1.502133460263000586e+01,2.146355432818910813e+01,2.999018414749230743e+01,1.128035458329162388e+01,1.230696273099649041e+01,2.508375546443174642e+01,3.969812196638670088e+01,2.810658277279083705e+01,1.561093490394259575e+01,1.139233876762038200e+01,2.369036369251141139e+01,1.636108490003897842e+01,3.309286570653880233e+01
2.446287234264237753e+01,3.878839773532996560e+01,1.337824855801911639e+01,1.119649583901680323e+01,3.338615427829790860e+01,3.186745062214588131e+01,1.378855975318392346e+01,1.127672172470371414e+01,1.092687467851631311e+01,2.150419994156417047e+01,2.779871857118451928e+01,2.152279043961946314e+01,3.360674731857223918e+01,1.007994674216449127e+01,1.638668292340017985e+01,7.026125754109685317e+00,5.213152008176845875e+00,2.701565602895599127e+01,2.350871554798992236e+01,3.157035259016810969e+01,0.000000000000000000e+00,1.531151129190410742e+01,5.049697067641052683e+01,1.779117988555809404e+01,4.521912637531743684e+01,4.996948180314824839e+01,3.326284741537534018e+01,2.431088924382723349e+01,1.730866120776814299e+01,1.717041673339496910e+01,1.337824855801911639e+01,1.242875126973464539e+01,4.169586510314250205e+01,1.648923304386050859e+01,3.059104839462184700e+01,4.303291074425334983e+00,4.634921559346964415e+01,2.181526432302665697e+01,3.353612951550035604e+01,3.622615526831678778e+01,2.255780370100491439e+01,1.037021092143546674e+01,1.663905252507901977e+01,1.209645048891769115e+01,3.224651354257404279e+01,2.017818533441316475e+01,8.782980633648561408e+00,2.894260738550249812e+01,3.774404280740360207e+01
3.156078678014138461e+01,5.200710241840632619e+01,2.811671996019012454e+01,2.244254331649069201e+01,4.015305207045289393e+01,3.542046333619702381e+01,1.597066459481404621e+01,2.563994682813641290e+01,6.031316790042093423e+00,3.615369937450771687e+01,3.453513621299337899e+01,3.486404409828289630e+01,3.826938225853067621e+01,8.603218050153381924e+00,1.754139766633606712e+01,2.181841301387631304e+01,1.930190844737835221e+01,2.672128364744988360e+01,3.200253557536257176e+01,4.317205751921024159e+01,1.531151129190410742e+01,0.000000000000000000e+00,5.399198757200611709e+01,2.587790061823990939e+01,4.829352481326485957e+01,6.293000700218436805e+01,4.242485355966267235e+01,3.827992971940287248e+01,3.024906848674196169e+01,2.277447394142927806e+01,2.811671996019012454e+01,2.934381609050153550e+00,5.176746425002013297e+01,2.115932655779221605e+01,4.466790921110367663e+01,1.392718078843208929e+01,5.686746334100961775e+01,2.624539867652357827e+01,3.335846228542142455e+01,4.458008253218477535e+01,3.653870625274636552e+01,1.809698332428413181e+01,6.808402564909958876e+00,1.563476598675987361e+01,3.859298945226679223e+01,3.232385025056873218e+01,2.349230769368211469e+01,3.499103392394310674e+01,3.679460337488993815e+01
2.646213818725423650e+01,3.889309530032794271e+01,4.580221801336586651e+01,6.048089315255057130e+01,1.856594838953423476e+01,1.890312862840547226e+01,3.894190970614859992e+01,4.482240879597129890e+01,4.909515847067667949e+01,4.504082287934615181e+01,2.325393056183138540e+01,3.910060631818182486e+01,1.689916445544624324e+01,4.678080718692128670e+01,3.679475052944365387e+01,4.720289988738465325e+01,4.657210209410956026e+01,2.753725526445001037e+01,2.833205845043221771e+01,3.111311485742634275e+01,5.049697067641052683e+01,5.399198757200611709e+01,0.000000000000000000e+00,3.295467978205733317e+01,5.723314031047590511e+00,4.132157506545019032e+01,2.324154646941462232e+01,4.137813001971385773e+01,3.914449093097400123e+01,3.346897091080229814e+01,4.580221801336586651e+01,5.254324136357003283e+01,2.443556658061037723e+01,3.449717759628340730e+01,4.239272277527164334e+01,4.687942871660000321e+01,2.699028858304055234e+01,2.894257608082519795e+01,2.161025933834021018e+01,1.984346791238316854e+01,4.150614534669912814e+01,4.023719167200766123e+01,4.765951360895421374e+01,4.003015474250570804e+01,1.904466764233008291e+01,3.613896067978947713e+01,4.650908038658596411e+01,2.181509819313476584e+01,1.990508232412357970e+01
6.671692457084285266e+00,2.814882084570337994e+01,1.478320989146729403e+01,2.753931158387395328e+01,1.562653425310682387e+01,1.497395087657859492e+01,1.053531488077370071e+01,1.291240539448171631e+01,1.990871446741983775e+01,1.854004677668480738e+01,1.000753868562642701e+01,1.364808363113752954e+01,1.609244358708688338e+01,1.730416503042119913e+01,1.050049219665019784e+01,1.440935404425565913e+01,1.361763543059153037e+01,1.467960448647715666e+01,6.189089102673920095e+00,1.800192320314484462e+01,1.779117988555809404e+01,2.587790061823990939e+01,3.295467978205733317e+01,0.000000000000000000e+00,2.790457065188033781e+01,3.831761143500769151e+01,1.659927870911230485e+01,1.772171025382098719e+01,1.008766334341697402e+01,4.226451146434690997e+00,1.478320989146729403e+01,2.345488137414659846e+01,2.588956625541432999e+01,5.873690925178668643e+00,2.324122715632153202e+01,1.470874281325253463e+01,3.100446709232161524e+01,6.378275246344072613e+00,1.931120241711355590e+01,1.904615657720306743e+01,1.647604159143985925e+01,8.244726456349148691e+00,2.178730983870008941e+01,1.033239344081521160e+01,1.445533365701594875e+01,9.520140842951834159e+00,1.399421414214293158e+01,1.120226934155300391e+01,2.354073156714392212e+01
2.161214245678512569e+01,3.740629903339427642e+01,4.133741939972554036e+01,5.542854171024688270e+01,1.463361363600363241e+01,1.341236348663614919e+01,3.335846228542141745e+01,4.015711350522327905e+01,4.345100254092447756e+01,4.132268197805240817e+01,1.856550917446400106e+01,3.530023139276407562e+01,1.184302462243431719e+01,4.116452113758136022e+01,3.116418210951890799e+01,4.227498644015897611e+01,4.148049442296992595e+01,2.181426905862553767e+01,2.376066836793444281e+01,2.850642469625104169e+01,4.521912637531743684e+01,4.829352481326485957e+01,5.723314031047590511e+00,2.790457065188033781e+01,0.000000000000000000e+00,4.136982595389227413e+01,2.038944625453451920e+01,3.795385572517982808e+01,3.483847003528141073e+01,2.809596030990073601e+01,4.133741939972554036e+01,4.687925509457790696e+01,2.377667444406507968e+01,2.903807642524456867e+01,3.971628405825959618e+01,4.149955074585688664e+01,2.729285397983336381e+01,2.350848423227612116e+01,1.597066459481404266e+01,1.739885114230444785e+01,3.788194820413514918e+01,3.489626440417718811e+01,4.194110653260420207e+01,3.449717104035901372e+01,1.469997993904211597e+01,3.200851766906834683e+01,4.169190879383957338e+01,1.698535378528757533e+01,1.462831490758909680e+01
3.529421970910612316e+01,1.120618745271951511e+01,3.709892507458657462e+01,5.339101697625003595e+01,3.162947131296649772e+01,4.002968917339286037e+01,4.877637443562270647e+01,3.876011704435241967e+01,5.694406238376150498e+01,2.964302421058350845e+01,3.417289648904966981e+01,2.846211490216271756e+01,3.702041561924917801e+01,5.447865497690998637e+01,4.876624585599983419e+01,4.306467400816524105e+01,4.483434747096371353e+01,4.846659907681998902e+01,3.326091367107772356e+01,2.034264350259532250e+01,4.996948180314824839e+01,6.293000700218436805e+01,4.132157506545019032e+01,3.831761143500769151e+01,4.136982595389227413e+01,0.000000000000000000e+00,2.513762018491627970e+01,2.590344848124090760e+01,3.288463540052672585e+01,4.239197477047163432e+01,3.709892507458657462e+01,6.015547369541285860e+01,1.774566832035621289e+01,4.412514602653133977e+01,2.018761797970901739e+01,4.940536887441315628e+01,1.433375606124302060e+01,4.160112090661424844e+01,4.825036966101654201e+01,2.597082751725958971e+01,2.760210282417957472e+01,4.500499962625215034e+01,5.989032693232809379e+01,4.827663295297683987e+01,3.314433245782739590e+01,3.060615844302174082e+01,4.134459816657768982e+01,3.517738217462891015e+01,5.052942564426301431e+01
1.127672172470371237e+01,1.801147490910631888e+01,2.461375861431912782e+01,4.116458724966196314e+01,6.890413093124928778e+00,1.499599381756315175e+01,2.669218462732716901e+01,2.446287234264237398e+01,3.648963185323125202e+01,2.216687467114773114e+01,9.293129862142730957e+00,1.649143825553572285e+01,1.228759014193649968e+01,3.388379443901101240e+01,2.587688375721782563e+01,2.793152521573063041e+01,2.832608096882721327e+01,2.349477588836861131e+01,1.042735006042800272e+01,8.129032392892014514e+00,3.326284741537534018e+01,4.242485355966267235e+01,2.324154646941462232e+01,1.659927870911230485e+01,2.038944625453451920e+01,2.513762018491627970e+01,0.000000000000000000e+00,1.825122713206505054e+01,1.784312476431989580e+01,1.980123033567837965e+01,2.461375861431912782e+01,4.004836041297186711e+01,9.529415920143536667e+00,2.151856605309645332e+01,1.933539681563935630e+01,3.088949603454125636e+01,1.478912695668949340e+01,1.756402385962542567e+01,2.321011832594902913e+01,3.602559409088017528e+00,1.857079697766331705e+01,2.475694414529498388e+01,3.787030457155042740e+01,2.679954110162374903e+01,8.159619018503930121e+00,1.451921798067847469e+01,2.672141927567050246e+01,1.008655929407592389e+01,2.584214173284287597e+01
1.932375881248101734e+01,1.471057447881486624e+01,1.120056369763317505e+01,2.779585779556888880e+01,2.334044934968417806e+01,2.843095687830643215e+01,2.643174531459932197e+01,1.303451306874194238e+01,3.252443961303386999e+01,4.447794971389521734e+00,2.089175878153036692e+01,4.084079861856065641e+00,2.742049494018722200e+01,3.029551450752559560e+01,2.740255733263797566e+01,1.730937679375584892e+01,1.932968391009479703e+01,3.197656062186095127e+01,1.638719407015699758e+01,1.144801809115923774e+01,2.431088924382723349e+01,3.827992971940287248e+01,4.137813001971385773e+01,1.772171025382098719e+01,3.795385572517982808e+01,2.590344848124090760e+01,1.825122713206505054e+01,0.000000000000000000e+00,8.464035604231701981e+00,2.176434679132048089e+01,1.120056369763317505e+01,3.538690675094123606e+01,2.240504675807373047e+01,2.314991887124923764e+01,6.387981103252693416e+00,2.438079871372701035e+01,2.561104622739021153e+01,2.354708461458062274e+01,3.525330648482275819e+01,2.181436473928862796e+01,1.757893040983622868e+00,2.146832329720992760e+01,3.651344568564244497e+01,2.537467473924300521e+01,2.356189435573376656e+01,8.242002711085595124e+00,1.556217329644749192e+01,2.263545010013571712e+01,3.908315043039652892e+01
1.381245496694737618e+01,2.181584133860777897e+01,6.809034847679431124e+00,2.350890896396740715e+01,2.058941532915670791e+01,2.333202937757300077e+01,1.798581078408460954e+01,6.809001386158939795e+00,2.436821454574391410e+01,8.464035604231701981e+00,1.639143076846255909e+01,4.648989372896888739e+00,2.328573853701264795e+01,2.204232314609382115e+01,1.906455976443086797e+01,1.080767825845601493e+01,1.209973405015390568e+01,2.475936906431447326e+01,1.119751106140181562e+01,1.441112323934460626e+01,1.730866120776814299e+01,3.024906848674196169e+01,3.914449093097400123e+01,1.008766334341697402e+01,3.483847003528141073e+01,3.288463540052672585e+01,1.784312476431989580e+01,8.464035604231701981e+00,0.000000000000000000e+00,1.377835502877439744e+01,6.809034847679431124e+00,2.740776842240440558e+01,2.506125845412265107e+01,1.499782532092357812e+01,1.470590966290149737e+01,1.653566565558834611e+01,2.938635966578654291e+01,1.637711252303445164e+01,2.899690231580631661e+01,2.130151168669766903e+01,6.895369722768210252e+00,1.302183236372419373e+01,2.811381066784033678e+01,1.691063935726489831e+01,2.017818533441316475e+01,3.335846228542144853e+00,9.302402278052474216e+00,1.809198813302467101e+01,3.310606623492702028e+01
8.787009139391683377e+00,3.233936612509217667e+01,1.740358648201432601e+01,2.779166582736098334e+01,1.754304789213356486e+01,1.470855801619944891e+01,6.893836501077993617e+00,1.512877926071918289e+01,1.698468781425024687e+01,2.221417726048795060e+01,1.184354085391975708e+01,1.768026692946441614e+01,1.667923114271071228e+01,1.440759225189592740e+01,6.376571460409507175e+00,1.549755895763513003e+01,1.399299752121443063e+01,1.161561213031462891e+01,9.524044784519034579e+00,2.205040054471225730e+01,1.717041673339496910e+01,2.277447394142927806e+01,3.346897091080229814e+01,4.226451146434690997e+00,2.809596030990073601e+01,4.239197477047163432e+01,1.980123033567837965e+01,2.176434679132048089e+01,1.377835502877439744e+01,0.000000000000000000e+00,1.740358648201432601e+01,2.058545082110632052e+01,2.927710993589031929e+01,1.755821249156733543e+00,2.741584107560491290e+01,1.341241410408591328e+01,3.448021631352229832e+01,4.650737399573142028e+00,1.720811616939125344e+01,2.180902308327760863e+01,2.043309699970665960e+01,6.808701151742289071e+00,1.809597227184504220e+01,7.203921711273814310e+00,1.609244358708688694e+01,1.364308532842894373e+01,1.555468471480151216e+01,1.252983086997195095e+01,2.150909616588790030e+01
1.991454783977878407e+01,2.589809686401385491e+01,0.000000000000000000e+00,1.717136945324356034e+01,2.728968380723821596e+01,2.928658187982794558e+01,1.932453971952102378e+01,2.721211103819776156e+00,2.275118930835096265e+01,8.130435832240753058e+00,2.278147901976745970e+01,9.302696275413739002e+00,2.962810786333969659e+01,2.087220462873422733e+01,2.113709526222165991e+01,6.382831872258662109e+00,8.817029031280608109e+00,2.899943470483593799e+01,1.757704219130911127e+01,2.042730551306189568e+01,1.337824855801911639e+01,2.811671996019012454e+01,4.580221801336586651e+01,1.478320989146729403e+01,4.133741939972554036e+01,3.709892507458657462e+01,2.461375861431912782e+01,1.120056369763317505e+01,6.809034847679431124e+00,1.740358648201432601e+01,0.000000000000000000e+00,2.518286541830366332e+01,3.140115624646820791e+01,1.807864236067758057e+01,1.731365024014117537e+01,1.430823780864061234e+01,3.542484798962387060e+01,2.107838134780926254e+01,3.408047745169827891e+01,2.809676016176480928e+01,9.498785423240914128e+00,1.378000395892447472e+01,2.754355529485489740e+01,1.781527337054594184e+01,2.677358002590023389e+01,1.009961909476328046e+01,4.648106863519245735e+00,2.441666008348012440e+01,3.832192467522859403e+01
2.935492841021242327e+01,4.919380853981948576e+01,2.518286541830366332e+01,2.016320264860038236e+01,3.808844458310912273e+01,3.379800784357070143e+01,1.395162884169152129e+01,2.271151174743341272e+01,3.601678510949720469e+00,3.322441223849453706e+01,3.241736591700252035e+01,3.200879093851862933e+01,3.650392910971765303e+01,6.187772236943033910e+00,1.580246994635271562e+01,1.888499685159867170e+01,1.636873495371931853e+01,2.561084224273338705e+01,2.962255014845968049e+01,4.050637393524337426e+01,1.242875126973464539e+01,2.934381609050153550e+00,5.254324136357003283e+01,2.345488137414659846e+01,4.687925509457790696e+01,6.015547369541285860e+01,4.004836041297186711e+01,3.538690675094123606e+01,2.740776842240440558e+01,2.058545082110632052e+01,2.518286541830366332e+01,0.000000000000000000e+00,4.931613867368856319e+01,1.904347971011438645e+01,4.177434949604950987e+01,1.101561914800195652e+01,5.437386572699276854e+01,2.431858693906194446e+01,3.236065204955275476e+01,4.232441787638408215e+01,3.364260149079259321e+01,1.549326130480393537e+01,6.892067462458771665e+00,1.338380958319744707e+01,3.657509226995669849e+01,2.955659555093271251e+01,2.055792623626915727e+01,3.297714857241650321e+01,3.599435758111348349e+01
