0.000000000000000000e+00,3.527187488351371059e+01,4.932166701904071715e+01,2.568657987213205729e+01,4.116452662826930009e+01,2.937879082881944015e+01,8.120642954951687642e+00,1.395162884169151774e+01,1.903444155500410062e+01,3.527187488351371059e+01,3.337780164471170252e+01,1.495287599901761943e+01,3.599943091754096969e+01,3.581506049718115747e+01,4.238020425755334486e+01,2.042558752371917663e+01,3.051013892192265331e+01,1.223266888115089301e+01,3.530023139276407562e+01,5.770516777066843161e+01,1.009930452215347430e+01,1.580264152769425046e+01,2.354150329861240110e+01,8.603637740987798210e+00,3.014532588701766969e+01,1.120216827234694357e+01,4.085210726638332090e+01,8.223148301378962799e+00,8.605318887197837441e+00,3.043806618246727425e+01,4.131656752960139301e+01,3.273789402871212673e+01,4.072878339477321674e+01,5.687995927701356180e+01,2.679851681212871384e+01,2.042590398765343807e+01,3.099583985897598026e+01,2.130104294070093829e+01,3.914365612247525661e+01,2.317004272334683534e+01,3.404250963886581616e+01,8.120642954951687642e+00,8.895589942779043469e+00,5.131167431090027264e+01,2.397450176958214030e+01,3.599943091754096969e+01,2.615391994069273451e+01,3.692000147418114153e+01,1.637375891125530458e+01,4.345100254092447756e+01,1.544240179738541485e+01,5.701011761188446059e+01,1.511734833457497018e+01,3.403021840242136165e+01,3.985463061037440013e+01,4.136982595389227413e+01,3.904121833533644548e+01,2.969829366204261945e+01,1.690870686542780632e+01,5.111612601466549677e+01
3.527187488351371059e+01,0.000000000000000000e+00,2.832762813813035763e+01,2.265232244972941089e+01,4.185643030845973556e+01,4.456507855462092493e+01,2.734373658468214074e+01,3.672512100683105984e+01,1.906422494495157949e+01,2.668676982833712685e+01,1.034230865530352261e+01,2.216425120115889769e+01,2.019975905450213460e+01,3.620876186616131776e+01,8.791914476320505045e+00,1.731472008541706487e+01,4.157534988944436094e+01,2.439131616149960280e+01,1.810085996107325457e+01,3.236146750896989488e+01,4.125375052320790559e+01,3.001585700921461708e+01,2.018427801168419933e+01,3.866295962752548832e+01,3.426664126351909800e+01,3.971931680202273185e+01,3.622546479225470506e+01,4.259225122560457777e+01,2.802131833591298715e+01,1.909846971246341596e+01,6.900973844151071290e+00,1.556687061893667412e+01,2.774113335599083996e+01,3.227528686233303290e+01,1.980756498842006508e+01,2.934303858557161604e+01,1.757958339825036731e+01,3.092880570439169929e+01,2.759493474888534337e+01,2.441159242331701051e+01,4.422860135701002093e+01,2.734373658468214074e+01,3.295211855007354984e+01,5.270718737263973708e+01,3.937592916315829683e+01,2.019975905450213460e+01,9.597678216078698199e+00,3.690214175567445665e+01,1.891347642773078164e+01,4.639169447152305992e+01,3.809920467574710301e+01,2.862174662994540242e+01,2.357007406983497333e+01,2.883744988513695517e+01,2.009387712441066398e+01,1.055400670289245646e+01,1.009984545205849038e+01,3.018093257835992560e+01,1.860214884193121776e+01,3.362613020827824784e+01
4.932166701904071715e+01,2.832762813813035763e+01,0.000000000000000000e+00,4.900147384996203925e+01,2.584357961789611835e+01,3.905707797428239303e+01,4.198752394932791532e+01,4.184492821770836457e+01,4.194500325223096127e+01,5.475722973148553763e+01,2.006134435883959810e+01,4.292686954655536624e+01,4.850740720788832760e+01,2.378496570610255745e+01,2.217091963163090895e+01,4.060475114532922447e+01,3.447686590881329494e+01,4.378077774383957887e+01,1.441188374040363485e+01,9.305501153316459551e+00,5.858314814067939125e+01,3.540595324213362716e+01,4.577250990938352970e+01,4.746810001127178680e+01,2.689150520334122874e+01,5.830235408892791327e+01,1.908091419280420098e+01,5.340426944643729001e+01,4.076778844085662712e+01,4.678121566965185707e+01,2.419748660135896756e+01,1.754574659258534197e+01,1.051533453174767985e+01,8.134655096392142681e+00,2.252491335853530430e+01,3.132355464978952142e+01,1.857168194165875619e+01,3.162456914499515293e+01,1.222612758663867183e+01,2.671147537312475251e+01,3.487197464833680982e+01,4.198752394932791532e+01,4.218757866942635104e+01,3.283869811502210467e+01,3.716903770536159612e+01,4.850740720788832760e+01,2.919778256394043225e+01,2.354987735806697913e+01,3.658213616405247137e+01,3.000117592542948941e+01,4.215679027265893097e+01,1.226283324200101177e+01,4.506277277408041471e+01,1.859507953919659684e+01,4.828498328647300042e+01,3.706592666012140569e+01,1.825437647362213056e+01,2.379260223032677146e+01,3.827583732480204048e+01,6.038766613806952677e+00
2.568657987213205729e+01,2.265232244972941089e+01,4.900147384996203925e+01,0.000000000000000000e+00,5.411357831536542307e+01,4.920372491935017223e+01,2.150241038783351044e+01,3.551970982108196040e+01,9.498785423240914128e+00,9.883685047017573666e+00,2.894270966028321013e+01,1.230161472875900408e+01,1.095351568627719629e+01,4.792582876918901036e+01,3.140269834934818860e+01,9.788111027912528073e+00,4.820786431023879004e+01,1.451050073564636911e+01,3.568636457580635835e+01,5.447456113972265257e+01,2.593275986439822844e+01,3.191920972414244417e+01,3.602939204248534200e+00,3.322110420684241916e+01,4.362205181119403363e+01,2.335976744627388513e+01,5.052398746062128509e+01,3.381744806613623666e+01,2.390863882781508920e+01,5.883606703889721956e+00,2.936811984019692900e+01,3.236124109807333582e+01,4.499552982640321375e+01,5.421841173833747263e+01,3.149765276182230522e+01,3.448251407877071273e+01,3.270289726979723355e+01,3.618559106872456255e+01,4.412808390463539610e+01,3.255457258827777167e+01,5.167612080915078110e+01,2.150241038783351044e+01,2.962114222493988791e+01,6.548610877296121657e+01,4.317460154830155972e+01,1.095351568627719629e+01,2.006132156729137250e+01,4.893427258828410942e+01,1.731188394546373033e+01,5.792992667526412731e+01,3.727273931808839791e+01,5.116942828426213197e+01,1.102975089353987315e+01,4.227928719216302511e+01,1.515016890847939912e+01,2.182339911114425490e+01,3.187048720823663217e+01,4.073349848701489861e+01,1.470665766538143160e+01,5.339089844094790749e+01
4.116452662826930009e+01,4.185643030845973556e+01,2.584357961789611835e+01,5.411357831536542307e+01,0.000000000000000000e+00,1.720643692883066223e+01,3.709473755222131075e+01,2.832467267853421333e+01,4.477846496296971424e+01,6.283200179925383111e+01,3.162223837835803408e+01,4.332988837804253279e+01,5.867993533449673293e+01,6.188356643588317496e+00,4.064921900576219116e+01,4.432620291859980455e+01,1.302918816737333430e+01,4.255490358568103915e+01,2.437450162299156275e+01,3.430683034824400579e+01,5.122174619656480132e+01,2.561088634168160638e+01,5.051626227997829233e+01,3.513297567936182730e+01,1.120218846135473534e+01,5.226159091382689326e+01,6.885471217952146006e+00,4.114340766510708391e+01,3.471062577077407951e+01,5.474635309097182301e+01,4.178908573167314700e+01,2.634894988255751613e+01,1.691063935726489831e+01,3.295609973467789899e+01,2.328378877236616873e+01,2.130108542319193532e+01,2.430298328914322070e+01,2.006114024249270500e+01,1.595475323336807705e+01,2.161251975749509668e+01,1.126876465378329861e+01,3.709473755222131075e+01,3.227511748981559236e+01,1.138723665734988622e+01,1.904318317270305982e+01,5.867993533449673293e+01,3.618398261642971647e+01,5.212282406754725983e+00,3.705422761456400593e+01,4.642392947399725855e+00,2.753725526445000682e+01,3.810641285989712657e+01,4.544685454324694263e+01,1.302510547358959769e+01,6.027571014017822648e+01,5.240299391766014026e+01,3.481826461962938879e+01,1.338489101798527336e+01,3.962468520868792154e+01,2.220893499362302848e+01
2.937879082881944015e+01,4.456507855462092493e+01,3.905707797428239303e+01,4.920372491935017223e+01,1.720643692883066223e+01,0.000000000000000000e+00,2.847684599039083508e+01,1.544170074608274668e+01,3.984052197774272486e+01,5.890468771365635092e+01,3.596953400163739900e+01,3.702641421516348430e+01,5.659058073369183717e+01,1.565341932903850442e+01,4.672244828879637879e+01,4.007755204878399269e+01,4.640205587010647115e+00,3.528872372736635299e+01,3.126130026133731121e+01,4.827847007765454634e+01,3.867402988105698114e+01,1.729132013092704767e+01,4.587008443587635753e+01,2.151597128387929914e+01,1.242285961781659687e+01,4.040596873049831572e+01,2.148101003706148049e+01,2.672126678769570418e+01,2.587578751457071036e+01,5.164870301794671548e+01,4.709147708755172346e+01,3.143877803111894309e+01,2.859746265037169621e+01,4.701434981535390278e+01,2.508181304453365357e+01,1.565341932903850264e+01,2.873371377527731241e+01,1.392455389946170463e+01,2.696599580328702217e+01,2.015440153545899804e+01,6.187189213651032915e+00,2.847684599039083508e+01,2.115828131738608420e+01,2.397405021600182451e+01,6.030644075914549873e+00,5.659058073369183717e+01,3.614646997730358891e+01,1.623502346137862418e+01,3.231931044838078293e+01,1.698302635873293198e+01,1.395104687220664097e+01,5.075527479385172569e+01,3.872394698802960278e+01,2.085754894837381102e+01,5.925233332519169238e+01,5.458746383793133106e+01,4.103493308560524611e+01,1.633712198043754427e+01,3.481157124142893622e+01,3.715848614009055950e+01
8.120642954951687642e+00,2.734373658468214074e+01,4.198752394932791532e+01,2.150241038783351044e+01,3.709473755222131075e+01,2.847684599039083508e+01,0.000000000000000000e+00,1.404502485326832328e+01,1.302324603598720110e+01,3.138589638201686682e+01,2.531703619965418639e+01,9.292249652082769984e+00,3.066835042945349343e+01,3.125299595375419415e+01,3.427630329668409814e+01,1.400414684928619202e+01,2.834718634283701633e+01,7.025608650634034724e+00,2.773317457496787597e+01,5.009568241466799066e+01,1.659583537766881278e+01,1.184336867319886721e+01,1.858978723734177763e+01,1.242727725721099574e+01,2.589775771012102012e+01,1.648901325329485346e+01,3.560831594739997286e+01,1.530972503812150087e+01,2.606358439941325766e+00,2.520372942530111970e+01,3.325093814180232243e+01,2.498933094781490638e+01,3.403235224196615150e+01,4.933090230220244621e+01,1.957266219014167064e+01,1.580281342464348349e+01,2.346114616517224505e+01,1.717029796972935074e+01,3.255721016304696747e+01,1.689937897777306119e+01,3.194309790796375736e+01,0.000000000000000000e+00,8.120642954951687642e+00,4.794990859795986182e+01,2.251265803815170941e+01,3.066835042945349343e+01,1.808407419330160693e+01,3.236087555163501150e+01,8.456284261777978983e+00,4.006347509959688580e+01,1.580007375125266833e+01,4.913089758943905849e+01,1.053918895034289349e+01,2.809632320945137351e+01,3.416904521888663737e+01,3.410663302433571431e+01,3.093995975828125111e+01,2.446287234264237398e+01,9.518970970248338048e+00,4.426196277052189743e+01
1.395162884169151774e+01,3.672512100683105984e+01,4.184492821770836457e+01,3.551970982108196040e+01,2.832467267853421333e+01,1.544170074608274668e+01,1.404502485326832328e+01,0.000000000000000000e+00,2.668467352432377382e+01,4.539733689146345341e+01,3.091100075680244430e+01,2.323981888428288656e+01,4.423725194397415095e+01,2.368553390266077230e+01,4.154883102266868633e+01,2.735657000681451834e+01,1.673441120384390857e+01,2.107063319935668488e+01,2.960052527472119266e+01,5.095261301472986304e+01,2.350836889390136264e+01,7.146590640027664421e+00,3.249515250315445059e+01,6.808468775670558415e+00,1.800901966408006416e+01,2.505893955055961086e+01,2.935492841021242327e+01,1.289177546159528731e+01,1.161656555474749197e+01,3.890200308341128022e+01,4.119018134445391155e+01,2.812254302291557195e+01,3.191010265335478735e+01,4.990498280768614592e+01,2.100416104577095311e+01,1.053299548125128027e+01,2.564505567948863174e+01,1.033020368039881198e+01,3.017008349337874407e+01,1.565919391950622419e+01,2.019845260404989418e+01,1.404502485326832328e+01,6.031990258295789609e+00,3.780625725681094451e+01,1.009923746486214746e+01,4.423725194397415095e+01,2.721479899778240252e+01,2.473253214957189527e+01,2.016320264860038236e+01,3.005331417555381179e+01,1.755048954897129754e+00,5.165709971688225721e+01,2.458421327038359294e+01,2.409880237035109829e+01,4.746594009289229632e+01,4.539580605135756031e+01,3.675153199084976308e+01,1.898608659034156787e+01,2.224395323991596385e+01,4.218111532587052892e+01
1.903444155500410062e+01,1.906422494495157949e+01,4.194500325223096127e+01,9.498785423240914128e+00,4.477846496296971424e+01,3.984052197774272486e+01,1.302324603598720110e+01,2.668467352432377382e+01,0.000000000000000000e+00,1.906422494495157949e+01,2.219622353330718312e+01,4.081565555986482963e+00,1.765082502668184361e+01,3.859867392654866336e+01,2.756431079903897086e+01,1.757373404558584928e+00,3.872963215396880088e+01,6.801772673853207607e+00,2.793165572898326943e+01,4.843014541767064429e+01,2.271600485341879505e+01,2.255199593368859468e+01,6.037745312138371290e+00,2.536017374003703395e+01,3.417030456660867799e+01,2.088255841395855228e+01,4.148259578256668334e+01,2.720479715380967889e+01,1.514774799509847902e+01,1.222851859250689266e+01,2.589919437631576216e+01,2.461383271282516461e+01,3.671952821909530940e+01,4.798748826567268111e+01,2.261042193493441488e+01,2.498712917051733129e+01,2.446287234264237398e+01,2.669463376227299634e+01,3.568626229731406596e+01,2.317340288283318372e+01,4.218641898402434265e+01,1.302324603598720110e+01,2.101050893579064649e+01,5.612763823956367304e+01,3.382148081983418564e+01,1.765082502668184361e+01,1.289494161133873185e+01,3.962607196436228918e+01,7.821167280510662678e+00,4.851510254470695571e+01,2.841801546587317162e+01,4.593558103612247834e+01,4.648106863519245735e+00,3.326333967793037516e+01,2.117346632213699209e+01,2.279219706462977868e+01,2.637081884940813126e+01,3.139504326719379890e+01,5.214198881810125030e+00,4.577237518026383611e+01
3.527187488351371059e+01,2.668676982833712685e+01,5.475722973148553763e+01,9.883685047017573666e+00,6.283200179925383111e+01,5.890468771365635092e+01,3.138589638201686682e+01,4.539733689146345341e+01,1.906422494495157949e+01,0.000000000000000000e+00,3.513669754615659713e+01,2.216425120115889769e+01,7.206831753594534540e+00,5.665889979696126488e+01,3.471198534062053653e+01,1.895120502656490658e+01,5.771414910694493017e+01,2.439131616149960280e+01,4.256004158120887837e+01,5.899626117440678996e+01,3.417212561910793056e+01,4.161529330082116473e+01,1.303880813428678920e+01,4.302227666099259551e+01,5.269360485098415836e+01,3.137096944619192485e+01,5.872678563506452321e+01,4.328335135808650591e+01,3.378292650463982483e+01,8.246717149576173966e+00,3.250462006363205347e+01,3.934459998478693876e+01,5.223098324289082939e+01,5.894903218264564515e+01,3.974056412812429073e+01,4.392367743302366279e+01,4.018347719588516043e+01,4.565320567527031415e+01,5.158136208086173013e+01,4.151565982578946290e+01,6.112796731181171594e+01,3.138589638201686682e+01,3.950482552193506081e+01,7.421647428685915315e+01,5.288464091052986760e+01,7.206831753594534540e+00,2.729378080602763745e+01,5.762181181462594992e+01,2.671724971844314567e+01,6.683402044257654495e+01,4.714956756024034945e+01,5.490996332254539425e+01,2.090098349390285293e+01,5.052434151210526636e+01,1.034508077678205140e+01,2.162126035688071113e+01,3.671959047877707150e+01,4.953739334771163527e+01,2.415438889368924080e+01,5.969933740008164591e+01
3.337780164471170252e+01,1.034230865530352261e+01,2.006134435883959810e+01,2.894270966028321013e+01,3.162223837835803408e+01,3.596953400163739900e+01,2.531703619965418639e+01,3.091100075680244430e+01,2.219622353330718312e+01,3.513669754615659713e+01,0.000000000000000000e+00,2.376740350695779114e+01,2.938864819636085457e+01,2.612744653402854667e+01,1.089827559148101166e+01,2.074252836580290094e+01,3.251338907883496177e+01,2.513009453475473265e+01,7.822479693801295930e+00,2.625559010690794892e+01,4.134166667632560177e+01,2.378220056905370328e+01,2.571936218296117360e+01,3.445207715214412048e+01,2.477526658118481961e+01,4.048703833984244937e+01,2.588727208988437667e+01,3.944349270853098943e+01,2.500668102902240975e+01,2.699769881265083171e+01,1.112286522865175620e+01,5.273289142318777323e+00,1.757937598437205651e+01,2.579195793141870041e+01,1.094416132206558423e+01,2.179273322141079916e+01,7.579510325551732208e+00,2.312319860526872972e+01,1.731252961426466541e+01,1.632727240947494352e+01,3.484763590199899852e+01,2.531703619965418639e+01,2.858906156243941155e+01,4.238233561705339270e+01,3.135178892804225015e+01,2.938864819636085457e+01,9.302990807992546962e+00,2.675868219045842267e+01,1.809682038846422358e+01,3.619490148505366989e+01,3.197656062186095127e+01,2.421220998468450603e+01,2.576439151232062486e+01,1.864595532342230300e+01,2.996350236597622896e+01,2.082292203150381127e+01,5.884229137441382207e+00,2.057524339471840236e+01,1.920842945222496922e+01,2.461394403170567102e+01
1.495287599901761943e+01,2.216425120115889769e+01,4.292686954655536624e+01,1.230161472875900408e+01,4.332988837804253279e+01,3.702641421516348430e+01,9.292249652082769984e+00,2.323981888428288656e+01,4.081565555986482963e+00,2.216425120115889769e+01,2.376740350695779114e+01,0.000000000000000000e+00,2.148505271167839936e+01,3.720765435748456440e+01,3.034752729129180082e+01,5.554852949675813889e+00,3.628935724425375042e+01,2.720207117866724644e+00,2.861914818264782667e+01,4.995532855539823203e+01,1.913653581401603176e+01,1.980030173942098770e+01,9.297537808636899825e+00,2.144927631749382613e+01,3.242019652244273686e+01,1.756273180134882850e+01,4.060348861061080328e+01,2.312724410771427230e+01,1.162325380283225229e+01,1.597200725574083968e+01,2.884353397577817901e+01,2.539131764507018829e+01,3.679504647409190454e+01,4.941387411180885891e+01,2.223897485694761400e+01,2.277956404504113763e+01,2.480103426553482393e+01,2.441439944133167117e+01,3.560835423207139883e+01,2.181609649118440686e+01,3.981889006982047619e+01,9.292249652082769984e+00,1.739885114230444785e+01,5.457407035420627039e+01,3.099718708634299702e+01,2.148505271167839936e+01,1.470609941516168817e+01,3.827241164628683379e+01,6.671692457084281713e+00,4.682753730504241219e+01,2.499033103898274177e+01,4.789064159021265965e+01,2.223897485694760867e+00,3.250360787414230401e+01,2.513466973904174750e+01,2.672170732094571122e+01,2.849751311274278365e+01,3.003980206379107898e+01,4.651176662205779522e+00,4.631522611940501832e+01
3.599943091754096969e+01,2.019975905450213460e+01,4.850740720788832760e+01,1.095351568627719629e+01,5.867993533449673293e+01,5.659058073369183717e+01,3.066835042945349343e+01,4.423725194397415095e+01,1.765082502668184361e+01,7.206831753594534540e+00,2.938864819636085457e+01,2.148505271167839936e+01,0.000000000000000000e+00,5.258402034141776227e+01,2.783210698116556614e+01,1.688196182555741487e+01,5.487971235976078077e+01,2.408560167201610369e+01,3.706345260223520199e+01,5.226159091382689326e+01,3.688531085156161282e+01,3.951146905598611880e+01,1.245838606965766004e+01,4.293432743551250752e+01,4.912287106422159866e+01,3.430683034824400579e+01,5.405654751167243433e+01,4.421395360879724734e+01,3.277946378802573690e+01,5.562091670428388035e+00,2.561110888590998869e+01,3.398310473762981587e+01,4.683986223546510530e+01,5.227935395837688048e+01,3.539664806622678839e+01,4.113220088244475647e+01,3.516249805046565768e+01,4.288767816604344318e+01,4.635500685162168821e+01,3.796902256456984048e+01,5.814100776512276525e+01,3.066835042945349343e+01,3.864955145227411748e+01,6.999741334897980494e+01,5.066229393020934424e+01,0.000000000000000000e+00,2.252984543612767254e+01,5.348162587079853125e+01,2.439553095854536480e+01,6.288717964327955912e+01,4.595282128224570783e+01,4.798833236433200966e+01,2.090164801849849141e+01,4.598938141207187869e+01,4.237616156670497070e+00,1.441442864384055333e+01,3.029960450449322451e+01,4.563999391184140109e+01,2.206863682202386201e+01,5.367997343775380159e+01
3.581506049718115747e+01,3.620876186616131776e+01,2.378496570610255745e+01,4.792582876918901036e+01,6.188356643588317496e+00,1.565341932903850442e+01,3.125299595375419415e+01,2.368553390266077230e+01,3.859867392654866336e+01,5.665889979696126488e+01,2.612744653402854667e+01,3.720765435748456440e+01,5.258402034141776227e+01,0.000000000000000000e+00,3.571839262980828522e+01,3.813826047390237051e+01,1.101461370579984589e+01,3.650526896948248634e+01,1.931778737398221324e+01,3.286069226458038628e+01,4.591265223035293275e+01,2.006115152301851978e+01,4.432821282455691403e+01,3.043415268185775346e+01,5.723393086296556298e+00,4.678084586274705714e+01,6.034015196699220596e+00,3.657359058054758805e+01,2.894259172352147758e+01,4.858901094988327429e+01,3.667483677446234935e+01,2.088623564381815711e+01,1.364308532842894373e+01,3.156544631561487435e+01,1.721485221756359607e+01,1.556728239986332873e+01,1.863857029599821757e+01,1.451906158771732080e+01,1.223717457134183562e+01,1.544404250736766215e+01,1.109139581650942752e+01,3.125299595375419415e+01,2.699625743332293837e+01,1.757193201908199498e+01,1.549254645734849412e+01,5.258402034141776227e+01,3.013042974259946760e+01,1.111948742847380434e+00,3.088902556649408382e+01,1.033075065809449633e+01,2.316812891335574420e+01,3.582294347405125023e+01,3.933978016808257649e+01,7.571249492394748870e+00,5.426827073140047020e+01,4.676061352310363617e+01,2.983468623323280156e+01,7.204173169692203338e+00,3.345309502509257271e+01,2.151111326860069539e+01
4.238020425755334486e+01,8.791914476320505045e+00,2.217091963163090895e+01,3.140269834934818860e+01,4.064921900576219116e+01,4.672244828879637879e+01,3.427630329668409814e+01,4.154883102266868633e+01,2.756431079903897086e+01,3.471198534062053653e+01,1.089827559148101166e+01,3.034752729129180082e+01,2.783210698116556614e+01,3.571839262980828522e+01,0.000000000000000000e+00,2.584007330538276648e+01,4.309909964122396531e+01,3.235576808285811978e+01,1.640068459461539163e+01,2.450080709004385682e+01,4.920106575899665557e+01,3.447276398387725038e+01,2.897598252953372011e+01,4.457978847627855146e+01,3.516521330733229433e+01,4.787058929293215925e+01,3.427002068303325188e+01,4.914654859575551171e+01,3.448002741700083362e+01,2.754262785930753665e+01,2.223897485694756870e+00,1.534922945918192028e+01,2.461324204990741649e+01,2.461424188896323884e+01,2.181416077406021614e+01,3.268154419436457658e+01,1.801576719045354125e+01,3.402147419674973605e+01,2.502310111545569882e+01,2.722554800095595340e+01,4.521462769882330690e+01,3.427630329668409814e+01,3.872129273796490168e+01,5.066633758147305144e+01,4.222968848429928101e+01,2.783210698116556614e+01,1.626860812814371826e+01,3.618269174948955680e+01,2.614532178814186381e+01,4.529112644793431031e+01,4.269557763628447589e+01,2.019989553842654217e+01,3.193566678861254360e+01,2.815467685228440686e+01,2.682566199475330038e+01,1.502270851340939295e+01,5.886722056515199419e+00,3.093951012061406303e+01,2.637035589086034548e+01,2.799943237370088767e+01
2.042558752371917663e+01,1.731472008541706487e+01,4.060475114532922447e+01,9.788111027912528073e+00,4.432620291859980455e+01,4.007755204878399269e+01,1.400414684928619202e+01,2.735657000681451834e+01,1.757373404558584928e+00,1.895120502656490658e+01,2.074252836580290094e+01,5.554852949675813889e+00,1.688196182555741487e+01,3.813826047390237051e+01,2.584007330538276648e+01,0.000000000000000000e+00,3.876721962049207804e+01,8.238018585278501504e+00,2.672145339216462290e+01,4.693296896108424221e+01,2.443080684895479493e+01,2.283575462801223210e+01,6.190413012404067494e+00,2.641933728784336211e+01,3.388719083721393588e+01,2.262757183802623828e+01,4.079810850213329587e+01,2.854291998689761556e+01,1.595992022947178768e+01,1.163381456212420950e+01,2.415847983567269353e+01,2.339055408669156932e+01,3.568628784331221482e+01,4.651593827597504571e+01,2.181676405225292115e+01,2.497290426561298560e+01,2.339054433397805255e+01,2.670427569645658394e+01,3.471127360048670596e+01,2.278211809639426022e+01,4.217681251715131907e+01,1.400414684928619202e+01,2.183010000003816131e+01,5.570049062021247011e+01,3.408287891667576730e+01,1.688196182555741487e+01,1.144785847956427993e+01,3.914616203919071324e+01,7.780148549597170060e+00,4.816183068296503933e+01,2.907088842000696616e+01,4.434032253428938475e+01,6.383402803073063403e+00,3.255823697367501524e+01,2.020302932675627616e+01,2.117590081421309378e+01,2.476342428168260312e+01,3.094764955720890498e+01,5.271731079117039087e+00,4.456117675564613734e+01
3.051013892192265331e+01,4.157534988944436094e+01,3.447686590881329494e+01,4.820786431023879004e+01,1.302918816737333430e+01,4.640205587010647115e+00,2.834718634283701633e+01,1.673441120384390857e+01,3.872963215396880088e+01,5.771414910694493017e+01,3.251338907883496177e+01,3.628935724425375042e+01,5.487971235976078077e+01,1.101461370579984589e+01,4.309909964122396531e+01,3.876721962049207804e+01,0.000000000000000000e+00,3.483407188278547295e+01,2.727953501363176159e+01,4.367666233458361802e+01,4.023693889573646487e+01,1.659436398766889198e+01,4.475832409503092180e+01,2.335092359979499577e+01,8.149616249835585080e+00,4.169879402127041601e+01,1.687397013911406418e+01,2.903788984751912849e+01,2.575592933609343405e+01,5.016294670060689498e+01,4.361242793202491441e+01,2.775136142067769995e+01,2.405007934030106753e+01,4.240623373920309547e+01,2.182074803098096893e+01,1.380441217380539065e+01,2.509058951182585062e+01,1.206431786093419944e+01,2.244512694957620269e+01,1.739254896282258045e+01,3.601553270091440329e+00,2.834718634283701633e+01,2.181426905862553767e+01,2.117061641174481323e+01,6.671692457084281713e+00,5.487971235976078077e+01,3.363962575681122757e+01,1.161561213031463247e+01,3.099718708634299702e+01,1.361697068610736494e+01,1.556728239986333229e+01,4.625380508569035953e+01,3.814967378567865808e+01,1.645618995392671735e+01,5.728765845375594523e+01,5.182007514372217827e+01,3.732176862458080535e+01,1.227713036533513602e+01,3.356999325542687984e+01,3.251828132997076182e+01
1.223266888115089301e+01,2.439131616149960280e+01,4.378077774383957887e+01,1.451050073564636911e+01,4.255490358568103915e+01,3.528872372736635299e+01,7.025608650634034724e+00,2.107063319935668488e+01,6.801772673853207607e+00,2.439131616149960280e+01,2.513009453475473265e+01,2.720207117866724644e+00,2.408560167201610369e+01,3.650526896948248634e+01,3.235576808285811978e+01,8.238018585278501504e+00,3.483407188278547295e+01,0.000000000000000000e+00,2.938483857949878697e+01,5.112771820604956474e+01,1.687799426626852295e+01,1.824511857915650737e+01,1.175851836092512315e+01,1.888297035103840571e+01,3.149446849129498460e+01,1.555281777232322860e+01,4.023744522676451396e+01,2.041060191935940793e+01,9.524640255884545326e+00,1.854628014996981733e+01,3.094951966909777141e+01,2.625132582167420026e+01,3.709552083235440989e+01,5.052549843247481220e+01,2.240472114202810161e+01,2.161327503712362841e+01,2.539086912177669575e+01,2.317100133952481045e+01,3.581557356245996004e+01,2.130134086691781548e+01,3.840120750215371714e+01,7.025608650634034724e+00,1.512513498736289286e+01,5.368623246860796883e+01,2.928003965160810651e+01,2.408560167201610369e+01,1.637339014223381639e+01,3.758992701470771181e+01,7.204929354685450704e+00,4.587034818347200371e+01,2.282568203081647340e+01,4.933830981347973932e+01,3.513580337913489338e+00,3.227517366913470198e+01,2.779400809921816773e+01,2.936362131136496245e+01,3.013932112784893746e+01,2.941773243040629282e+01,6.036046954286523381e+00,4.687129948308236749e+01
3.530023139276407562e+01,1.810085996107325457e+01,1.441188374040363485e+01,3.568636457580635835e+01,2.437450162299156275e+01,3.126130026133731121e+01,2.773317457496787597e+01,2.960052527472119266e+01,2.793165572898326943e+01,4.256004158120887837e+01,7.822479693801295930e+00,2.861914818264782667e+01,3.706345260223520199e+01,1.931778737398221324e+01,1.640068459461539163e+01,2.672145339216462290e+01,2.727953501363176159e+01,2.938483857949878697e+01,0.000000000000000000e+00,2.240572168131673436e+01,4.431254109790657481e+01,2.262953983930896484e+01,3.227523012612868314e+01,3.443223116440401554e+01,1.916856182796838937e+01,4.393969920963726850e+01,1.829321698359554560e+01,4.008028912068012772e+01,2.669708569379567464e+01,3.434429406779263871e+01,1.742419281803925912e+01,3.335846228542140857e+00,9.787691382164664944e+00,2.160450537290617845e+01,8.786218678614378774e+00,1.931778737398221324e+01,4.305404466830477617e+00,2.017422917406468841e+01,9.498016885030585499e+00,1.394299982069804678e+01,2.908279558222993799e+01,2.773317457496787597e+01,2.882127433207647726e+01,3.482097153106462173e+01,2.755013957570087513e+01,3.706345260223520199e+01,1.562667992121962079e+01,1.979200240317246795e+01,2.219545270829835104e+01,2.900450350376366515e+01,3.028651897298108508e+01,2.217297337731979567e+01,3.078383282502717933e+01,1.175727857454435288e+01,3.776747057285614062e+01,2.846211490216271756e+01,1.051852899742311109e+01,1.500332526638350394e+01,2.397692406007315924e+01,1.784317588781326336e+01
5.770516777066843161e+01,3.236146750896989488e+01,9.305501153316459551e+00,5.447456113972265257e+01,3.430683034824400579e+01,4.827847007765454634e+01,5.009568241466799066e+01,5.095261301472986304e+01,4.843014541767064429e+01,5.899626117440678996e+01,2.625559010690794892e+01,4.995532855539823203e+01,5.226159091382689326e+01,3.286069226458038628e+01,2.450080709004385682e+01,4.693296896108424221e+01,4.367666233458361802e+01,5.112771820604956474e+01,2.240572168131673436e+01,0.000000000000000000e+00,6.663687645257336101e+01,4.436148846886210606e+01,5.151734103233103212e+01,5.639093286694220097e+01,3.617906114856071298e+01,6.612964672455207449e+01,2.778414200935212008e+01,6.223003000275183894e+01,4.910268916764814406e+01,5.143915170337449183e+01,2.672154764757781464e+01,2.513645788026254735e+01,1.981146573190634541e+01,1.362705199616961238e+00,3.102195420577412222e+01,4.041962071962026215e+01,2.670938741915463410e+01,4.080461135125069916e+01,2.152980634039029084e+01,3.559929835771081486e+01,4.390411741566180837e+01,5.009568241466799066e+01,5.096979324524309618e+01,3.984020441144101454e+01,4.647453662017609588e+01,5.226159091382689326e+01,3.553945229574654263e+01,3.253929602792930353e+01,4.395136821548932460e+01,3.815720534715897827e+01,5.132905294899292414e+01,6.041840844649327025e+00,5.199283693170362142e+01,2.790058001907564034e+01,5.131283323793181950e+01,3.929830264009567742e+01,2.261151390150311968e+01,3.309231736980267868e+01,4.534373616840481702e+01,1.225828958027018167e+01
1.009930452215347430e+01,4.125375052320790559e+01,5.858314814067939125e+01,2.593275986439822844e+01,5.122174619656480132e+01,3.867402988105698114e+01,1.659583537766881278e+01,2.350836889390136264e+01,2.271600485341879505e+01,3.417212561910793056e+01,4.134166667632560177e+01,1.913653581401603176e+01,3.688531085156161282e+01,4.591265223035293275e+01,4.920106575899665557e+01,2.443080684895479493e+01,4.023693889573646487e+01,1.687799426626852295e+01,4.431254109790657481e+01,6.663687645257336101e+01,0.000000000000000000e+00,2.589752177708135861e+01,2.509937914546452831e+01,1.716958690540482380e+01,4.023709046823022817e+01,2.935612238149847286e+00,5.093376306412212529e+01,1.302832210697618720e+01,1.800964736992813542e+01,3.159894328837000899e+01,4.782478887664186118e+01,4.150298118500989375e+01,5.043097798832269518e+01,6.589548251183866512e+01,3.613715273881189205e+01,3.051049439828886278e+01,4.005090863406262258e+01,3.140017971139607766e+01,4.889502717392253572e+01,3.297802694046852423e+01,4.370485008322866349e+01,1.659583537766881278e+01,1.895187044143460398e+01,6.121746928300691337e+01,3.360632334900920881e+01,3.688531085156161282e+01,3.307022960319040550e+01,4.701696848354944080e+01,2.332922896130044776e+01,5.339081760944274180e+01,2.479980012505534503e+01,6.544330689219926001e+01,1.807321893703726445e+01,4.398870777555934097e+01,4.106486823155345434e+01,4.536420795238659309e+01,4.667530408962338839e+01,3.976294555209494064e+01,2.283071422838495579e+01,6.074654805105767252e+01
1.580264152769425046e+01,3.001585700921461708e+01,3.540595324213362716e+01,3.191920972414244417e+01,2.561088634168160638e+01,1.729132013092704767e+01,1.184336867319886721e+01,7.146590640027664421e+00,2.255199593368859468e+01,4.161529330082116473e+01,2.378220056905370328e+01,1.980030173942098770e+01,3.951146905598611880e+01,2.006115152301851978e+01,3.447276398387725038e+01,2.283575462801223210e+01,1.659436398766889198e+01,1.824511857915650737e+01,2.262953983930896484e+01,4.436148846886210606e+01,2.589752177708135861e+01,0.000000000000000000e+00,2.857929331411902041e+01,1.206431786093420300e+01,1.445533365701594519e+01,2.672133435145722302e+01,2.505966177565179720e+01,1.808317196207362798e+01,9.301523486531115381e+00,3.444806942984193654e+01,3.418462485651388505e+01,2.101474632147242971e+01,2.588531565919353028e+01,4.336808198784844848e+01,1.393639651764179810e+01,4.650737399573142028e+00,1.858450321386299464e+01,5.559743714236898171e+00,2.419618266683283991e+01,8.780396518761149238e+00,2.017213201814659840e+01,1.184336867319886721e+01,7.203796094950744688e+00,3.622474795813489834e+01,1.126948602860209547e+01,3.951146905598611880e+01,2.067124945951958992e+01,2.117068044910563529e+01,1.512756385162842143e+01,2.832480031367232343e+01,8.225124620715730472e+00,4.477127379111325922e+01,2.159253920629322110e+01,1.856638786498932703e+01,4.238804920906230222e+01,3.913550855175946452e+01,2.961227021747506427e+01,1.395235828901273578e+01,1.756402385962542567e+01,3.629779826733290093e+01
2.354150329861240110e+01,2.018427801168419933e+01,4.577250990938352970e+01,3.602939204248534200e+00,5.051626227997829233e+01,4.587008443587635753e+01,1.858978723734177763e+01,3.249515250315445059e+01,6.037745312138371290e+00,1.303880813428678920e+01,2.571936218296117360e+01,9.297537808636899825e+00,1.245838606965766004e+01,4.432821282455691403e+01,2.897598252953372011e+01,6.190413012404067494e+00,4.475832409503092180e+01,1.175851836092512315e+01,3.227523012612868314e+01,5.151734103233103212e+01,2.509937914546452831e+01,2.857929331411902041e+01,0.000000000000000000e+00,3.063888607652075535e+01,4.005473655655477216e+01,2.275885308369846527e+01,4.692767221181345150e+01,3.175562177904400230e+01,2.088807571680813169e+01,6.898682361194614643e+00,2.703334464990403418e+01,2.894269387230196955e+01,4.150068952742134343e+01,5.121019940015535354e+01,2.790779484420365364e+01,3.100014978613291561e+01,2.919757135258621616e+01,3.271458631424248154e+01,4.060432952587841982e+01,2.896809894168210420e+01,4.820558591015971928e+01,1.858978723734177763e+01,2.669204784985074852e+01,6.189090297679177866e+01,3.984805005941883138e+01,1.245838606965766004e+01,1.667923114271070517e+01,4.533486343543743402e+01,1.379508353970724244e+01,5.434664112593565477e+01,3.424071569462403630e+01,4.843218841217415616e+01,8.462094848345426357e+00,3.868339344543175429e+01,1.638519035906980292e+01,2.091208537667539957e+01,2.897462257857280221e+01,3.713806235047066906e+01,1.119954498929494235e+01,5.003769342813212972e+01
8.603637740987798210e+00,3.866295962752548832e+01,4.746810001127178680e+01,3.322110420684241916e+01,3.513297567936182730e+01,2.151597128387929914e+01,1.242727725721099574e+01,6.808468775670558415e+00,2.536017374003703395e+01,4.302227666099259551e+01,3.445207715214412048e+01,2.144927631749382613e+01,4.293432743551250752e+01,3.043415268185775346e+01,4.457978847627855146e+01,2.641933728784336211e+01,2.335092359979499577e+01,1.888297035103840571e+01,3.443223116440401554e+01,5.639093286694220097e+01,1.716958690540482380e+01,1.206431786093420300e+01,3.063888607652075535e+01,0.000000000000000000e+00,2.473220325775782769e+01,1.904318317270306338e+01,3.601898171463606246e+01,6.187334839979079959e+00,1.086748650803742855e+01,3.741423426478063874e+01,4.390909814909871756e+01,3.249235898258802280e+01,3.788472397855956331e+01,5.541277052141206383e+01,2.564956638267752353e+01,1.638465397521895994e+01,3.025149605562071287e+01,1.659436398766889553e+01,3.617595414301090528e+01,2.079244839189860983e+01,2.672128364744989071e+01,1.242727725721099574e+01,5.869993369937807515e+00,4.449867163836644579e+01,1.667923114271071228e+01,4.293432743551250752e+01,2.908623539590552198e+01,3.149235525994813045e+01,2.038528818295895917e+01,3.679467688425303606e+01,7.783641199931662591e+00,5.660371649185982790e+01,2.224166124039204817e+01,3.033037984146671917e+01,4.653363853220756852e+01,4.626072367503074645e+01,4.033112550545546071e+01,2.537840622830090709e+01,2.185906433591051012e+01,4.826722591541668095e+01
3.014532588701766969e+01,3.426664126351909800e+01,2.689150520334122874e+01,4.362205181119403363e+01,1.120218846135473534e+01,1.242285961781659687e+01,2.589775771012102012e+01,1.800901966408006416e+01,3.417030456660867799e+01,5.269360485098415836e+01,2.477526658118481961e+01,3.242019652244273686e+01,4.912287106422159866e+01,5.723393086296556298e+00,3.516521330733229433e+01,3.388719083721393588e+01,8.149616249835585080e+00,3.149446849129498460e+01,1.916856182796838937e+01,3.617906114856071298e+01,4.023709046823022817e+01,1.445533365701594519e+01,4.005473655655477216e+01,2.473220325775782769e+01,0.000000000000000000e+00,4.116453212234076631e+01,1.138882590972204945e+01,3.088480405663762696e+01,2.350856124274475789e+01,4.479310864294287597e+01,3.579250909327390673e+01,1.983428326644963846e+01,1.637711252303445164e+01,3.495387448800281049e+01,1.450161156507430071e+01,1.009937170306053744e+01,1.723841609440986389e+01,8.895589942779047021e+00,1.468886257126469452e+01,1.119446887032823490e+01,1.007554953824988253e+01,2.589775771012102012e+01,2.130104294070094184e+01,2.219187396717827099e+01,1.053222318703413762e+01,4.912287106422159866e+01,2.706840900159255625e+01,6.808667894249638586e+00,2.636242213110331889e+01,1.440734116959664313e+01,1.757146910012588847e+01,3.839320882650993383e+01,3.448984348045716786e+01,8.453385527002289734e+00,5.115173320822238878e+01,4.469588506941359185e+01,2.933961413081982883e+01,4.225968630271772497e+00,2.896417454415567505e+01,2.566150746691052831e+01
1.120216827234694357e+01,3.971931680202273185e+01,5.830235408892791327e+01,2.335976744627388513e+01,5.226159091382689326e+01,4.040596873049831572e+01,1.648901325329485346e+01,2.505893955055961086e+01,2.088255841395855228e+01,3.137096944619192485e+01,4.048703833984244937e+01,1.756273180134882850e+01,3.430683034824400579e+01,4.678084586274705714e+01,4.787058929293215925e+01,2.262757183802623828e+01,4.169879402127041601e+01,1.555281777232322860e+01,4.393969920963726850e+01,6.612964672455207449e+01,2.935612238149847286e+00,2.672133435145722302e+01,2.275885308369846527e+01,1.904318317270306338e+01,4.116453212234076631e+01,0.000000000000000000e+00,5.159902303441193538e+01,1.549111798423034969e+01,1.825224333229253659e+01,2.910346019076607504e+01,4.640165038551932497e+01,4.101432353803613040e+01,5.052074747852607572e+01,6.543910204986694623e+01,3.602212589092994932e+01,3.125293799066938405e+01,3.973087681037949181e+01,3.227512449709734454e+01,4.903780105615997087e+01,3.326161937943324176e+01,4.521822638322820609e+01,1.648901325329485346e+01,2.006112896890968500e+01,6.250570237362105530e+01,3.513297567936182730e+01,3.430683034824400579e+01,3.191738627154357744e+01,4.789096042266522346e+01,2.239045844493607262e+01,5.463766593098204538e+01,2.646106984200838141e+01,6.467899648180332406e+01,1.624617087452283570e+01,4.439743114628350895e+01,3.850986173977946692e+01,4.329423306627358414e+01,4.565079085689583849e+01,4.039753167532876432e+01,2.158665518061487631e+01,6.074050017016519831e+01
