0.000000000000000000e+00,2.353941985736000930e+01,4.530382475867217806e+01,3.255414099404750772e+01,3.187381603099652949e+01,5.389189932071859346e+01,1.758740126874036136e+01,4.071873482343035988e+01,5.863850761485537788e+01,2.813358932861731176e+01,1.934078087895086995e+01,2.055367960128486615e+01,4.880978217790615759e+01,4.468002679041376979e+01,8.247608868110614111e+00,5.049899209019216784e+01,4.245277304656622164e+01,2.607912419586181940e+01,2.204769005704411100e+01,3.500730378602604986e+01,3.542117980871429950e+01,2.703588940055728784e+01,4.242882058687968083e+01,6.015547369541285860e+01,4.476846845160557109e+01,3.720432912481128085e+01,1.479903223462660655e+01,4.012290600808308483e+01,3.714957716686041778e+01,4.851612086795017831e+01,1.981927936529090672e+01,1.640575786229773669e+01,1.649999386834775095e+01,1.895223143870157756e+01,5.114236302888277663e+01,4.977723921666829199e+01,4.367243791578690093e+01,1.723097343462838538e+01,5.353050615038270621e+01,5.564733791245512151e+00,3.270424235190475315e+01,5.378860498554778502e+01,2.151949733361405492e+01,2.845954795018311145e+01,4.599582542606398761e+01,2.791120060765524968e+01,2.842963800011041897e+01,4.880978217790615759e+01,4.267839083317154802e+01,2.540670538726005034e+01,3.988081657232271482e+01,3.623901637031986667e+01,2.646731173259248848e+01,1.052600199895011990e+01,8.831956029287193033e+00,4.997382141561312352e+01,2.082292203150381127e+01,2.672157346480014084e+01,2.357991932654708478e+01,4.626072367503074645e+01
2.353941985736000930e+01,0.000000000000000000e+00,2.214687712089596516e+01,9.521311293316074398e+00,3.338620878932217551e+01,4.889659585836734124e+01,8.465006713348945055e+00,1.771086319881455751e+01,5.516984801578301756e+01,8.895589942779045245e+00,3.798424894403697749e+01,6.809068329679568876e+00,2.536017374003703395e+01,2.881724148221946535e+01,2.454633484823670742e+01,5.242073122565163601e+01,4.449875825308825483e+01,1.799808522015158374e+01,1.223143617132118699e+01,4.194500325223096127e+01,2.897207077648895535e+01,3.326482006988125306e+01,3.018062902745437270e+01,5.410872732879376912e+01,3.483957118190735258e+01,1.405432262974415281e+01,1.094816636729684767e+01,5.250990024394403832e+01,4.260336587513940998e+01,4.220046205325071753e+01,1.825370017467740169e+01,7.160085665796601440e+00,1.238082609761915265e+01,3.449889389714678600e+01,4.295554834621957241e+01,3.248677638506932652e+01,2.495422139670184336e+01,1.176472680969719242e+01,4.555785797654954905e+01,1.810042027716197310e+01,4.426864379083828993e+01,4.133068694616132177e+01,3.964078567008278497e+01,6.189970923966347627e+00,4.789116904291011423e+01,2.240484306036308837e+01,1.395411800560652615e+01,2.536017374003703395e+01,4.558989845674260977e+01,1.580333101560068698e+01,3.731938355365365823e+01,1.364475060555577102e+01,3.758416455383525800e+01,1.811630135520210416e+01,1.470746415776865490e+01,3.703235998532726114e+01,8.788165729130467341e+00,4.103058923300785921e+01,2.480128245875902948e+01,2.603379442787817055e+01
4.530382475867217806e+01,2.214687712089596516e+01,0.000000000000000000e+00,1.563789017286345029e+01,5.043274242320939749e+01,5.893328337091116964e+01,2.813420708210065158e+01,1.223143617132118699e+01,6.560497582799546024e+01,1.822693406330098753e+01,5.991851692748086577e+01,2.762249624217860955e+01,9.519885706811272996e+00,3.250298029262236810e+01,4.460435474659431065e+01,6.699865223305607742e+01,6.007906109065360312e+01,3.453989759449281394e+01,3.108873942113470790e+01,6.030388920791878604e+01,4.222788807609924788e+01,5.240543338970338283e+01,3.780625725681094451e+01,6.250570237362105530e+01,4.336600097104784624e+01,8.121340036844010513e+00,3.107585357991978370e+01,7.230150330688208271e+01,6.021317033575955691e+01,5.227924932988150175e+01,3.798440520413389265e+01,2.901211676519926641e+01,3.365981266044028075e+01,5.607826120921043866e+01,5.122174619656480132e+01,3.255346111946653309e+01,2.589744322912975605e+01,2.992043056738289764e+01,5.352887844644018145e+01,4.004406274170430891e+01,6.423273444724338788e+01,4.548246603186807846e+01,6.146678803882818443e+01,1.685907681039937600e+01,6.295906742398015865e+01,3.859725025763906814e+01,2.175899614971829621e+01,9.519885706811272996e+00,6.152698703915639555e+01,3.254950207164934284e+01,5.120564327879149147e+01,1.501915364048815249e+01,5.790061063615442549e+01,4.009949068595378918e+01,3.655845013001878385e+01,4.169879402127041601e+01,2.568944740958309225e+01,6.201473368529935470e+01,4.362071756873820760e+01,2.325271481605497215e+01
3.255414099404750772e+01,9.521311293316074398e+00,1.563789017286345029e+01,0.000000000000000000e+00,3.508858202932544401e+01,4.631345948411735947e+01,1.782821680535356990e+01,8.230074003166544472e+00,5.289396537351942129e+01,1.303022982047131251e+01,4.501530028180937393e+01,1.276452361127246959e+01,1.636706202212310401e+01,2.251428592519242500e+01,3.406060285441722613e+01,5.254393131971558262e+01,4.522039100235936360e+01,1.904645490130576491e+01,1.550043223775816337e+01,4.478361612946541470e+01,2.783195105708277239e+01,3.677957626296451821e+01,2.578623298086200677e+01,5.077749281806946158e+01,3.111037066622099090e+01,8.998878367691052205e+00,2.044312696265236440e+01,5.666600384004969726e+01,4.482609108060066916e+01,3.950710532411248721e+01,2.239654804787021902e+01,1.647803217499228978e+01,1.864447672998096195e+01,4.086415496738519693e+01,3.933830478536231112e+01,2.506847100576847254e+01,1.729661324052716509e+01,2.089181394977281414e+01,4.185663731701612988e+01,2.700857253980980843e+01,4.859578787825543600e+01,3.579473819034225102e+01,4.642161113275080453e+01,8.783627539643534377e+00,4.829493187708445134e+01,2.325539432637373238e+01,1.905584434518538473e+01,1.636706202212310401e+01,4.657353551149333271e+01,1.698769095269519269e+01,3.679494758279577837e+01,4.226933904953891208e+00,4.229016104042276680e+01,2.553819356138525265e+01,2.379604010084181098e+01,3.156165384123633189e+01,1.724791507693606718e+01,4.651037232574795155e+01,2.799127374723575912e+01,1.739254896282258045e+01
3.187381603099652949e+01,3.338620878932217551e+01,5.043274242320939749e+01,3.508858202932544401e+01,0.000000000000000000e+00,2.262757183802623473e+01,3.622757035389359714e+01,3.937776292439337311e+01,2.682773282284539107e+01,4.227596079310112032e+01,2.514648037362398370e+01,2.668676982833713396e+01,4.763910076050749609e+01,2.726011144817199039e+01,3.970184102114719593e+01,1.967099980244635304e+01,1.144769906254410330e+01,1.609358753749903315e+01,2.117080923588428121e+01,1.034009657568228135e+01,1.102671391365521103e+01,6.897025219026149401e+00,2.101262708235229582e+01,2.900196843391383084e+01,1.932684264261527929e+01,4.399163362303669800e+01,3.576371621464656414e+01,2.357663398031888136e+01,9.788111027912528073e+00,1.853175028061625440e+01,1.580350418145416924e+01,3.160712397699731468e+01,2.261078503176347709e+01,1.986357631203041052e+01,2.220369795161309057e+01,3.251212947033051393e+01,3.131306815783104724e+01,3.898906575941707331e+01,2.405552920376134196e+01,2.963928201399479789e+01,1.688196182555741487e+01,2.862942544665049383e+01,2.475000192067746596e+01,3.913170117362508904e+01,1.502065077304267859e+01,1.184509515293299842e+01,4.678111793181086142e+01,4.763910076050749609e+01,1.230690708868130656e+01,1.825347529185433260e+01,8.817958395521774406e+00,3.554779795169480394e+01,1.366312310378733130e+01,2.278724427489900251e+01,3.038026094396096255e+01,2.641933728784336211e+01,3.929727622953964783e+01,1.919887063768955926e+01,9.302794393418384544e+00,3.557390554624627299e+01
5.389189932071859346e+01,4.889659585836734124e+01,5.893328337091116964e+01,4.631345948411735947e+01,2.262757183802623473e+01,0.000000000000000000e+00,5.435117008760322932e+01,4.670184719958999153e+01,6.671692457084281713e+00,5.728094527305579220e+01,4.705403354984134268e+01,4.332465504425597658e+01,5.270095472069768761e+01,2.699610668451716577e+01,6.130970397886589751e+01,1.514325024213882642e+01,1.635308146407516006e+01,3.156599681254484224e+01,3.775215558465882992e+01,2.622352927380396537e+01,2.017542896417195664e+01,2.908498802534044003e+01,2.112702611410022513e+01,6.375437099263264074e+00,1.556728239986332518e+01,5.490757443213946942e+01,5.474635309097182301e+01,3.689431866049359598e+01,2.335976744627388513e+01,6.808634657083419306e+00,3.530187909507614563e+01,4.979932407273602024e+01,4.150614534669912103e+01,4.205502089845182212e+01,8.244177311007380382e+00,2.937916710507905904e+01,3.360644429717417125e+01,5.761832528384737628e+01,6.893246145263056235e+00,5.085753450771918693e+01,3.430683034824400579e+01,1.730096461830665078e+01,4.625901288296586955e+01,5.329098699394597105e+01,1.511916401778060859e+01,2.772920903186989605e+01,6.282185767962908329e+01,5.270095472069768761e+01,1.767592275499086796e+01,3.354103271320753521e+01,1.404915159065407160e+01,4.466437412180678024e+01,3.449586395912567127e+01,4.399571689441665967e+01,5.080950002387329079e+01,1.904318317270305627e+01,5.670668860107868170e+01,3.939859809172456551e+01,3.032828953088730373e+01,3.731740908673554458e+01
1.758740126874036136e+01,8.465006713348945055e+00,2.813420708210065158e+01,1.782821680535356990e+01,3.622757035389359714e+01,5.435117008760322932e+01,0.000000000000000000e+00,2.586748997242012038e+01,6.030388920791878604e+01,1.054618883161488441e+01,3.486061583390735308e+01,1.120107348852039841e+01,3.293621353965605181e+01,3.662616645661355363e+01,1.669024143367301605e+01,5.584542860433509759e+01,4.766394771796497309e+01,2.278531912820201200e+01,1.660323130495450528e+01,4.336600097104784624e+01,3.417605795784180600e+01,3.447041102826880632e+01,3.714935115634162344e+01,5.995427555699836830e+01,4.132466869943359455e+01,2.018307054608768425e+01,2.942114491883174754e+00,5.229806553002539005e+01,4.456123828183679336e+01,4.787674519669067763e+01,2.042760740482716741e+01,4.651569134628130264e+00,1.361843850911349740e+01,3.243045719720754505e+01,4.917430874514143113e+01,4.062272798047862921e+01,3.322772198055937309e+01,3.516436790773950438e+00,5.177383283653222890e+01,1.292131193614508788e+01,4.412957638396021309e+01,4.860442070888827004e+01,3.679324254631409019e+01,1.138838512069420794e+01,5.120877082301925043e+01,2.677684762717948175e+01,1.184596229862726702e+01,3.293621353965605181e+01,4.850638824995325393e+01,2.085889563991960571e+01,4.169784861222240835e+01,2.202115364737110781e+01,3.732106658105686847e+01,1.609460965781826403e+01,9.501096361028514181e+00,4.434375668705900608e+01,3.603066106413538972e+00,3.974531628870621347e+01,2.699754629552761642e+01,3.447686590881329494e+01
4.071873482343035988e+01,1.771086319881455751e+01,1.223143617132118699e+01,8.230074003166544472e+00,3.937776292439337311e+01,4.670184719958999153e+01,2.586748997242012038e+01,0.000000000000000000e+00,5.337353965667426792e+01,1.931381152361381126e+01,5.228176236635430030e+01,2.056657596201193883e+01,8.776530852041197761e+00,2.042570474741141240e+01,4.225562106100503001e+01,5.507759329470291476e+01,4.842133501526016914e+01,2.410335396810400255e+01,2.214687712089596516e+01,4.953075344843876593e+01,3.043597438411812206e+01,4.219807594564495190e+01,2.557482108548975930e+01,5.033179007102688729e+01,3.113456479972666102e+01,1.033239344081521160e+01,2.856747529809921815e+01,6.207925291890443731e+01,4.914428659879438754e+01,4.005320604347015490e+01,2.882329241057479052e+01,2.470810611805244150e+01,2.615643125307087047e+01,4.783226301976068839e+01,3.901292282613412254e+01,2.115880378306588838e+01,1.395177455447329784e+01,2.876158053668100933e+01,4.134342476683190881e+01,3.516116108529053719e+01,5.424555887940662302e+01,3.361851188318203754e+01,5.354360014845552485e+01,1.560212423605165100e+01,5.116025697335130928e+01,2.772920903186989605e+01,2.496120878997168901e+01,8.776530852041197761e+00,4.993496547604950564e+01,2.240178903752205386e+01,3.933904202894723312e+01,4.643708105362557959e+00,4.829519599810799235e+01,3.323766147817723748e+01,3.199536660532183063e+01,2.969753235828638083e+01,2.488263486827670690e+01,5.290152151277761305e+01,3.357864480586236056e+01,1.209411320325486905e+01
5.863850761485537788e+01,5.516984801578301756e+01,6.560497582799546024e+01,5.289396537351942129e+01,2.682773282284539107e+01,6.671692457084281713e+00,6.030388920791878604e+01,5.337353965667426792e+01,0.000000000000000000e+00,6.366034099475128727e+01,4.995986504026732433e+01,4.940483597552000106e+01,5.932325541054662921e+01,3.360644429717417125e+01,6.630895629885615961e+01,1.359435719900438500e+01,1.807683361911682240e+01,3.757462757004341825e+01,4.375901660171712848e+01,2.813420708210065158e+01,2.624793278375420869e+01,3.268782540402119707e+01,2.779871857118450862e+01,6.375437099263256968e+00,2.223897485694760690e+01,6.153351976129867751e+01,6.053788384466448491e+01,3.689431866049359598e+01,2.519328671745367387e+01,1.341238034874434248e+01,4.076350266968296410e+01,5.570577529743392375e+01,4.719346929695909409e+01,4.528278728503083528e+01,1.470843500654346414e+01,3.575718028656671521e+01,4.023703991299731797e+01,6.349846527583081723e+01,1.289240563526805339e+01,5.599521175232280257e+01,3.578852789802432000e+01,2.316717371657824032e+01,4.890938554385299142e+01,5.972394945698250979e+01,1.560212423605164922e+01,3.354103271320753521e+01,6.911922139922673125e+01,5.932325541054662921e+01,1.889311317603108265e+01,3.962468520868791444e+01,1.898913956197596420e+01,5.131183293510548538e+01,3.718666039502344489e+01,4.909594919781152811e+01,5.621614123915727390e+01,2.538796697022530324e+01,6.279067905390887461e+01,4.159682022175377369e+01,3.530187909507614563e+01,4.389449605417240008e+01
2.813358932861731176e+01,8.895589942779045245e+00,1.822693406330098753e+01,1.303022982047131251e+01,4.227596079310112032e+01,5.728094527305579220e+01,1.054618883161488441e+01,1.931381152361381126e+01,6.366034099475128727e+01,0.000000000000000000e+00,4.490553073910377435e+01,1.562665071579398202e+01,2.456771564288849419e+01,3.529693880356236235e+01,2.648465508590492234e+01,6.129322921592092399e+01,5.339088134501600535e+01,2.682515002273420990e+01,2.112702611410023223e+01,5.069991501213685581e+01,3.759101499289297976e+01,4.194500325223096127e+01,3.775215558465883703e+01,6.226823121225312718e+01,4.274418093111909656e+01,1.088083012232370628e+01,1.338697079732990503e+01,6.088405266397609950e+01,5.143858229390411907e+01,5.052139469275420680e+01,2.699731787080665057e+01,1.303702831885600588e+01,2.074235223798734395e+01,4.199853810842243718e+01,5.096006846355377462e+01,3.809262713497004427e+01,3.032253892945610474e+01,1.176472680969719420e+01,5.354282050576134111e+01,2.335030825048340830e+01,5.263849264073165557e+01,4.838675280365653464e+01,4.674035913292168942e+01,4.304980828300037032e+00,5.677463727184819220e+01,3.125325767244001085e+01,6.037745312138372178e+00,2.456771564288849419e+01,5.448548839952164968e+01,2.461375861431912782e+01,4.609450024463741613e+01,1.688471556246667049e+01,4.587995454414590313e+01,2.539146424515105593e+01,1.985838419710201208e+01,4.410327889398800494e+01,7.579510325551730432e+00,4.894581633478458116e+01,3.360741725266335322e+01,3.025149605562071287e+01
1.934078087895086995e+01,3.798424894403697749e+01,5.991851692748086577e+01,4.501530028180937393e+01,2.514648037362398370e+01,4.705403354984134268e+01,3.486061583390735308e+01,5.228176236635430030e+01,4.995986504026732433e+01,4.490553073910377435e+01,0.000000000000000000e+00,3.236952204526555477e+01,6.102065817056790564e+01,4.845947076306176626e+01,2.672159932986748387e+01,3.868369877018302105e+01,3.194566616844467077e+01,3.030622803751050753e+01,3.020554079899496713e+01,2.217996804299202651e+01,3.404664846469508177e+01,1.826712734745132849e+01,4.368848660287727625e+01,5.335508894563227500e+01,4.361767659580445411e+01,5.194420304704951974e+01,3.256732779468609351e+01,2.219983928680689544e+01,2.503546236691846971e+01,4.364256852765728922e+01,2.398907741855581222e+01,3.190739842729400166e+01,2.638208589747413768e+01,5.454532855150289627e+00,4.734751493454801619e+01,5.400246717391765827e+01,5.011515806143945895e+01,3.556180241207287196e+01,4.918126489852686234e+01,2.217396599816219904e+01,1.640510185515702446e+01,5.317182995145289937e+01,2.223897485694760867e+00,4.394432424517598434e+01,3.491303409179035810e+01,2.914150609500605782e+01,4.656176203762758803e+01,6.102065817056790564e+01,3.140956057258588174e+01,3.111148755894489426e+01,3.387562736309179456e+01,4.765711649505227854e+01,1.278515865304087384e+01,1.986877453706076224e+01,2.539877865892412956e+01,5.035187669900199126e+01,3.842912446167822793e+01,9.504577791632176087e+00,2.205567670486746934e+01,5.378326653387224354e+01
2.055367960128486615e+01,6.809068329679568876e+00,2.762249624217860955e+01,1.276452361127246959e+01,2.668676982833713396e+01,4.332465504425597658e+01,1.120107348852039841e+01,2.056657596201193883e+01,4.940483597552000106e+01,1.562665071579398202e+01,3.236952204526555477e+01,0.000000000000000000e+00,2.907088842000696616e+01,2.614890123588759252e+01,2.381825549835738087e+01,4.591360149870519081e+01,3.790408818218367060e+01,1.184509515293299486e+01,5.723869446827618113e+00,3.513604649534375568e+01,2.317388405061771195e+01,2.646514689964849154e+01,2.605619040059809777e+01,4.882805363137192245e+01,3.012747266923325284e+01,1.980401930005863065e+01,1.230525218568281431e+01,4.581399696848470171e+01,3.581591718699687732e+01,3.677434777051164616e+01,1.144785847956428526e+01,7.030792340584242517e+00,6.038085555222705736e+00,2.846053664570877473e+01,3.798134341867501007e+01,3.063235678250085670e+01,2.377115384660778830e+01,1.464503880827787619e+01,4.058255796618767164e+01,1.502171743699847539e+01,3.758490123983431630e+01,3.759162678883232900e+01,3.386296440030793065e+01,1.289462327185847101e+01,4.134411636145524938e+01,1.609358753749902959e+01,2.019935111020606300e+01,2.907088842000696616e+01,3.894199133978860772e+01,9.787481746604758115e+00,3.111247330418235180e+01,1.595992022947178945e+01,3.095501990214908972e+01,1.277367056521322475e+01,1.230560566692922997e+01,3.336797663908777167e+01,1.338869641309431024e+01,3.463347511120549882e+01,1.799823726970037896e+01,2.592327819909575481e+01
4.880978217790615759e+01,2.536017374003703395e+01,9.519885706811272996e+00,1.636706202212310401e+01,4.763910076050749609e+01,5.270095472069768761e+01,3.293621353965605181e+01,8.776530852041197761e+00,5.932325541054662921e+01,2.456771564288849419e+01,6.102065817056790564e+01,2.907088842000696616e+01,0.000000000000000000e+00,2.571862055502699818e+01,4.960250232045716956e+01,6.235937670614100625e+01,5.612647085156972793e+01,3.273079737597317518e+01,3.091852525307426802e+01,5.788929404170814053e+01,3.813226592048570041e+01,5.079013723602394492e+01,3.186656349368743690e+01,5.561401607173358741e+01,3.731740908673555879e+01,1.376683542933099247e+01,3.579284348825583351e+01,7.061370784099271702e+01,5.734469100619423187e+01,4.631258021656412183e+01,3.759694751692546788e+01,3.251338907883496177e+01,3.480245932842263556e+01,5.660371649185982790e+01,4.466414640113556089e+01,2.461309581313247818e+01,1.909723125588336501e+01,3.542827422883679134e+01,4.678074926241025366e+01,4.329280797670438830e+01,6.286071614130069207e+01,3.790363373111069478e+01,6.230396267035860092e+01,2.177405344949155719e+01,5.866465221706341282e+01,3.617595414301090528e+01,2.931910332155377930e+01,0.000000000000000000e+00,5.770529279647701770e+01,3.110377752464390610e+01,4.682590233254670409e+01,1.336739815116050245e+01,5.699667584891538752e+01,4.182112211792107814e+01,3.999901245944522543e+01,3.447041102826880632e+01,3.129257705859894045e+01,6.165368126832769491e+01,4.224286288364472597e+01,1.556728239986333051e+01
4.468002679041376979e+01,2.881724148221946535e+01,3.250298029262236810e+01,2.251428592519242500e+01,2.726011144817199039e+01,2.699610668451716577e+01,3.662616645661355363e+01,2.042570474741141240e+01,3.360644429717417125e+01,3.529693880356236235e+01,4.845947076306176626e+01,2.614890123588759252e+01,2.571862055502699818e+01,0.000000000000000000e+00,4.957453816965831805e+01,3.774910880911096456e+01,3.270833888681226398e+01,1.906222803144192213e+01,2.275118930835095910e+01,3.727863784487891508e+01,1.624198505012944693e+01,3.275928506315960220e+01,6.893246145263061564e+00,3.005331417555381535e+01,1.184268098545149428e+01,2.984843236140216405e+01,3.829018488622183014e+01,5.067038340418034181e+01,3.584489005905438574e+01,2.073954871222445462e+01,2.585797264390463113e+01,3.307106956747487914e+01,2.828737493496889854e+01,4.310925594229394875e+01,1.895185852269486659e+01,5.543743633219827771e+00,6.671692457084281713e+00,4.013478004682815481e+01,2.112702611410023223e+01,3.968210680584341787e+01,4.410894016598365397e+01,1.338300019716244016e+01,4.891657987715364442e+01,3.099297066704622239e+01,3.461154131295806025e+01,1.931993730777740126e+01,4.131871192205308319e+01,2.571862055502699818e+01,3.442802373900007495e+01,1.931993730777740126e+01,2.323800516335937516e+01,1.956974383736127621e+01,3.989243761349821682e+01,3.445624178736970578e+01,3.780049949416036270e+01,9.300940281967072565e+00,3.760227405459953332e+01,4.535937807091391250e+01,2.642553820481613869e+01,1.036951301860195152e+01
8.247608868110614111e+00,2.454633484823670742e+01,4.460435474659431065e+01,3.406060285441722613e+01,3.970184102114719593e+01,6.130970397886589751e+01,1.669024143367301605e+01,4.225562106100503001e+01,6.630895629885615961e+01,2.648465508590492234e+01,2.672159932986748387e+01,2.381825549835738087e+01,4.960250232045716956e+01,4.957453816965831805e+01,0.000000000000000000e+00,5.860375795588890924e+01,5.050226662754941032e+01,3.194279641025189065e+01,2.692450789052656290e+01,4.324175733897465790e+01,4.219415364430256687e+01,3.516813066289129353e+01,4.822714406003983356e+01,6.748917663382944454e+01,5.115093817093685402e+01,3.678926549571100679e+01,1.380982522970092141e+01,4.812383651624161018e+01,4.534967778268007521e+01,5.565146772453404367e+01,2.638012824125233280e+01,1.775003834084519028e+01,2.154231710698070756e+01,2.699846421562853038e+01,5.799770174722978311e+01,5.432695081537692516e+01,4.758940799890884676e+01,1.471992877075162376e+01,6.046267866416823722e+01,1.055557537831946568e+01,4.085733691804227874e+01,5.978777724822356276e+01,2.894282072324605437e+01,2.804740578443477617e+01,5.406669975917414206e+01,3.447458083023930442e+01,2.503339940257028218e+01,4.960250232045716956e+01,5.078950812152872629e+01,3.083994426276558798e+01,4.740494649536857708e+01,3.812050351116712932e+01,3.469648256039725709e+01,1.732330026662940625e+01,1.177719142290098908e+01,5.578536411992244837e+01,1.892984182017033135e+01,3.471228345398390047e+01,3.103191981615721673e+01,4.960250232045716956e+01
5.049899209019216784e+01,5.242073122565163601e+01,6.699865223305607742e+01,5.254393131971558262e+01,1.967099980244635304e+01,1.514325024213882642e+01,5.584542860433509759e+01,5.507759329470291476e+01,1.359435719900438500e+01,6.129322921592092399e+01,3.868369877018302105e+01,4.591360149870519081e+01,6.235937670614100625e+01,3.774910880911096456e+01,5.860375795588890924e+01,0.000000000000000000e+00,8.245498046929474967e+00,3.449724337817914233e+01,4.023769956268333914e+01,1.654347153832794248e+01,2.480078652859645771e+01,2.346586397396689705e+01,3.094471363341468972e+01,1.931763781799133284e+01,2.606489114387532169e+01,6.153398060397731228e+01,5.543400581855890152e+01,2.338796436106710175e+01,1.381649322910326383e+01,1.810407657470229736e+01,3.542415229265633769e+01,5.120848563123512065e+01,4.223052608960784937e+01,3.463052116233772892e+01,2.179478936701308456e+01,4.149508677504939413e+01,4.375638808840564309e+01,5.865278094931069575e+01,2.148991020565977195e+01,4.894266053795477944e+01,2.325379561391367744e+01,3.130469968610076847e+01,3.731713319613110968e+01,5.783733484874677799e+01,4.651176662205779522e+00,3.005341975772998708e+01,6.611107458351725086e+01,6.235937670614100625e+01,7.821167280510662678e+00,3.671951581316763935e+01,1.580315816794817962e+01,5.202763153308426780e+01,2.607332343913752837e+01,4.220745643697716076e+01,4.994267355873395076e+01,3.184324257287098447e+01,5.883744534909045143e+01,2.964856867092701265e+01,2.897291982861639426e+01,4.791836823727628314e+01
4.245277304656622164e+01,4.449875825308825483e+01,6.007906109065360312e+01,4.522039100235936360e+01,1.144769906254410330e+01,1.635308146407516006e+01,4.766394771796497309e+01,4.842133501526016914e+01,1.807683361911682240e+01,5.339088134501600535e+01,3.194566616844467077e+01,3.790408818218367060e+01,5.612647085156972793e+01,3.270833888681226398e+01,5.050226662754941032e+01,8.245498046929474967e+00,0.000000000000000000e+00,2.672142779690943115e+01,3.227520892211866510e+01,1.009540738492142964e+01,1.801248136854317394e+01,1.550475446500690246e+01,2.582228040939057934e+01,2.219846612925530849e+01,2.179778691747436525e+01,5.421593692958022359e+01,4.720758700646153017e+01,2.090657242208304112e+01,7.159288626241308684e+00,1.595647468954885717e+01,2.723634035480100479e+01,4.303602105662552191e+01,3.404550924358206032e+01,2.744179750799424156e+01,2.016760990416939947e+01,3.713390678969601311e+01,3.815234717328876002e+01,5.043655343782128853e+01,2.086975896572027622e+01,4.074107179903796094e+01,1.801362051551287990e+01,2.906525882497603774e+01,3.084291663525675276e+01,5.005618626346334565e+01,3.602622613496711867e+00,2.228055255873936247e+01,5.807702893763114815e+01,5.612647085156972793e+01,1.757243671696505416e+00,2.894266235468726123e+01,9.496865737440650435e+00,4.505990765883058913e+01,1.916050867591879125e+01,3.398108524037748879e+01,4.170049885964490244e+01,2.849722069860202112e+01,5.069975288194765994e+01,2.353692884358237691e+01,2.074217621729105332e+01,4.242639700603867681e+01
2.607912419586181940e+01,1.799808522015158374e+01,3.453989759449281394e+01,1.904645490130576491e+01,1.609358753749903315e+01,3.156599681254484224e+01,2.278531912820201200e+01,2.410335396810400255e+01,3.757462757004341825e+01,2.682515002273420990e+01,3.030622803751050753e+01,1.184509515293299486e+01,3.273079737597317518e+01,1.906222803144192213e+01,3.194279641025189065e+01,3.449724337817914233e+01,2.672142779690943115e+01,0.000000000000000000e+00,6.189970923966349403e+00,2.576495834578882338e+01,1.139073919449241146e+01,1.809762737853856152e+01,1.637543528617140964e+01,3.721589795474340434e+01,1.931971613100919072e+01,2.790632663748090536e+01,2.329454026267036326e+01,3.800130825031806125e+01,2.578972415761819192e+01,2.512375700199667961e+01,6.804284498547203519e+00,1.825122713206505054e+01,1.054463034513460684e+01,2.522205581237255245e+01,2.669996560334412194e+01,2.446085206609452101e+01,1.982530851421906704e+01,2.607449590682581331e+01,2.926950819887341737e+01,2.152980634039029084e+01,3.014377818843986745e+01,2.786358205197282345e+01,3.111148755894489071e+01,2.335092359979499577e+01,3.002261605687927215e+01,4.447794971389518182e+00,3.186941186789533731e+01,3.273079737597317518e+01,2.793159043218754078e+01,2.223897485694764420e+00,1.933854324060828134e+01,1.991308695901462045e+01,2.432040521563854441e+01,1.562153703425658691e+01,2.040873469670268037e+01,2.393791561850999372e+01,2.521968761647526236e+01,2.919807100783223675e+01,9.529415920143540220e+00,2.349477588836860775e+01
2.204769005704411100e+01,1.223143617132118699e+01,3.108873942113470790e+01,1.550043223775816337e+01,2.117080923588428121e+01,3.775215558465882992e+01,1.660323130495450528e+01,2.214687712089596516e+01,4.375901660171712848e+01,2.112702611410023223e+01,3.020554079899496713e+01,5.723869446827618113e+00,3.091852525307426802e+01,2.275118930835095910e+01,2.692450789052656290e+01,4.023769956268333914e+01,3.227520892211866510e+01,6.189970923966349403e+00,0.000000000000000000e+00,3.004225862302625671e+01,1.757704219130911838e+01,2.161744528864133130e+01,2.149526171167749311e+01,4.336471096928958247e+01,2.507916120927274406e+01,2.376433665341282264e+01,1.722416435612919372e+01,4.135255019871475923e+01,3.051228161062829969e+01,3.127996040832944402e+01,6.897988004826316022e+00,1.210255912024295633e+01,5.556823210632161114e+00,2.568550578135005580e+01,3.270989941150916991e+01,2.774482489296351773e+01,2.175098008602159183e+01,1.992040833696088598e+01,3.529693880356236235e+01,1.693585025878950745e+01,3.320943884535321899e+01,3.310880290972860962e+01,3.140956057258588530e+01,1.799808522015158374e+01,3.568626229731405886e+01,1.037091222679381630e+01,2.589870579587988431e+01,3.091852525307426802e+01,3.335846228542141745e+01,4.304980828300037032e+00,2.539086912177669575e+01,1.756661008143237979e+01,2.681291090948387534e+01,1.230410028533399824e+01,1.516279103681008245e+01,2.899943470483594155e+01,1.904854819756490869e+01,3.102693279862086939e+01,1.289494161133873895e+01,2.469321368196994015e+01
3.500730378602604986e+01,4.194500325223096127e+01,6.030388920791878604e+01,4.478361612946541470e+01,1.034009657568228135e+01,2.622352927380396537e+01,4.336600097104784624e+01,4.953075344843876593e+01,2.813420708210065158e+01,5.069991501213685581e+01,2.217996804299202651e+01,3.513604649534375568e+01,5.788929404170814053e+01,3.727863784487891508e+01,4.324175733897465790e+01,1.654347153832794248e+01,1.009540738492142964e+01,2.576495834578882338e+01,3.004225862302625671e+01,0.000000000000000000e+00,2.108770693097373083e+01,8.895589942779043469e+00,3.075853310836695442e+01,3.223064277476513695e+01,2.813420708210065158e+01,5.354078464156249595e+01,4.234175878940460080e+01,1.339353703443783949e+01,2.941492217491665340e+00,2.458568224508363542e+01,2.370547310373649452e+01,3.894202066583792998e+01,3.014586905958475782e+01,1.812244464990267900e+01,2.875460349081551925e+01,4.236588650509023068e+01,4.160470552022118085e+01,4.567119933801532028e+01,2.993929302586168717e+01,3.434525407759766580e+01,8.173706112092361309e+00,3.673899205126663503e+01,2.091764953555903617e+01,4.795445732620296297e+01,1.277023593512217303e+01,2.181503420897645640e+01,5.463837724752556824e+01,5.788929404170814053e+01,9.300188102274121960e+00,2.779638320270429830e+01,1.561623196432143246e+01,4.556552015076311335e+01,9.534212797691063557e+00,2.809741861666941887e+01,3.599708444601343871e+01,3.525701636823465179e+01,4.672169460925576345e+01,1.346431688906354474e+01,1.717208704905964822e+01,4.587863247606358641e+01
3.542117980871429950e+01,2.897207077648895535e+01,4.222788807609924788e+01,2.783195105708277239e+01,1.102671391365521103e+01,2.017542896417195664e+01,3.417605795784180600e+01,3.043597438411812206e+01,2.624793278375420869e+01,3.759101499289297976e+01,3.404664846469508177e+01,2.317388405061771195e+01,3.813226592048570041e+01,1.624198505012944693e+01,4.219415364430256687e+01,2.480078652859645771e+01,1.801248136854317394e+01,1.139073919449241146e+01,1.757704219130911838e+01,2.108770693097373083e+01,0.000000000000000000e+00,1.692419400581588462e+01,1.008214869105493960e+01,2.588001615472970229e+01,9.770750851134291537e+00,3.679492289801378746e+01,3.462441737071941361e+01,3.446395908810631425e+01,1.985148628954786787e+01,1.378974283709595738e+01,1.581402800302451439e+01,2.963275422241214940e+01,2.152490623162897521e+01,2.859211560954479481e+01,1.580355379667406801e+01,2.149250752059774072e+01,2.066424059228045707e+01,3.745478913798013565e+01,1.828328714295273727e+01,3.163858035074298058e+01,2.790058001907564034e+01,1.931074620617027904e+01,3.411920268273284051e+01,3.379918808049269785e+01,2.074129771807622191e+01,7.778744051621247380e+00,4.292557897496126884e+01,3.813226592048570041e+01,1.957391663919750258e+01,1.338678974458553839e+01,8.998928833559387996e+00,2.723513757909545774e+01,2.408286092891479413e+01,2.501488229091673787e+01,3.112623084511985994e+01,1.630522823430690948e+01,3.656248973058257690e+01,2.963265336345783041e+01,1.269096218561117695e+01,2.496374851088837943e+01
2.703588940055728784e+01,3.326482006988125306e+01,5.240543338970338283e+01,3.677957626296451821e+01,6.897025219026149401e+00,2.908498802534044003e+01,3.447041102826880632e+01,4.219807594564495190e+01,3.268782540402119707e+01,4.194500325223096127e+01,1.826712734745132849e+01,2.646514689964849154e+01,5.079013723602394492e+01,3.275928506315960220e+01,3.516813066289129353e+01,2.346586397396689705e+01,1.550475446500690246e+01,1.809762737853856152e+01,2.161744528864133130e+01,8.895589942779043469e+00,1.692419400581588462e+01,0.000000000000000000e+00,2.699028858304054879e+01,3.544610013608291865e+01,2.593908879458595962e+01,4.533781573505653029e+01,3.346948780194451700e+01,1.992482159206338110e+01,1.037144044977136303e+01,2.537757931070764172e+01,1.502133460263000764e+01,3.005348050069230936e+01,2.130181163386620113e+01,1.304453752452124959e+01,2.909656512410937523e+01,3.819109028994042632e+01,3.599622423336825960e+01,3.679526987256063109e+01,3.091455817589771016e+01,2.579227781447914936e+01,1.208060395994039915e+01,3.536720424921148975e+01,1.785639329336598990e+01,3.934311290893160162e+01,1.899757160570436909e+01,1.478912695668949695e+01,4.577250990938352970e+01,5.079013723602394492e+01,1.564469685221878770e+01,1.991894066231287397e+01,1.561623196432143246e+01,3.798900450352740421e+01,7.164876374133764436e+00,1.933971175231122785e+01,2.723728043698417522e+01,3.293621353965605181e+01,3.783077190693943237e+01,1.270845974859282101e+01,8.790272603155443676e+00,4.012825582037883265e+01
4.242882058687968083e+01,3.018062902745437270e+01,3.780625725681094451e+01,2.578623298086200677e+01,2.101262708235229582e+01,2.112702611410022513e+01,3.714935115634162344e+01,2.557482108548975930e+01,2.779871857118450862e+01,3.775215558465883703e+01,4.368848660287727625e+01,2.605619040059809777e+01,3.186656349368743690e+01,6.893246145263061564e+00,4.822714406003983356e+01,3.094471363341468972e+01,2.582228040939057934e+01,1.637543528617140964e+01,2.149526171167749311e+01,3.075853310836695442e+01,1.008214869105493960e+01,2.699028858304054879e+01,0.000000000000000000e+00,2.505893955055961086e+01,5.559743714236901724e+00,3.404350584082683895e+01,3.834282355881372695e+01,4.414176030262029116e+01,2.917322311305017379e+01,1.451904600128328404e+01,2.275885308369846172e+01,3.307468277351136976e+01,2.669450853735988360e+01,3.825214466025941107e+01,1.361716968293031726e+01,1.161370680834314584e+01,1.289240563526806049e+01,4.064390888497489840e+01,1.609181076101386765e+01,3.788630992783077289e+01,3.788630992783077289e+01,1.161370680834314406e+01,4.391431135469739644e+01,3.354103271320754232e+01,2.772920903186989250e+01,1.511916401778060859e+01,4.362071756873820760e+01,3.186656349368743690e+01,2.754613362463554083e+01,1.740042875907786879e+01,1.636628152025408767e+01,2.370409116385594572e+01,3.415365954270242099e+01,3.192848994353218828e+01,3.655845013001878385e+01,7.566017029409402461e+00,3.873912896257797200e+01,3.969561312942426667e+01,2.175899614971829621e+01,1.698402263734740103e+01
6.015547369541285860e+01,5.410872732879376912e+01,6.250570237362105530e+01,5.077749281806946158e+01,2.900196843391383084e+01,6.375437099263264074e+00,5.995427555699836830e+01,5.033179007102688729e+01,6.375437099263256968e+00,6.226823121225312718e+01,5.335508894563227500e+01,4.882805363137192245e+01,5.561401607173358741e+01,3.005331417555381535e+01,6.748917663382944454e+01,1.931763781799133284e+01,2.219846612925530849e+01,3.721589795474340434e+01,4.336471096928958247e+01,3.223064277476513695e+01,2.588001615472970229e+01,3.544610013608291865e+01,2.505893955055961086e+01,0.000000000000000000e+00,1.966841630859551415e+01,5.910021045875031831e+01,6.049634977060546248e+01,4.217627903774334186e+01,2.932251751794018091e+01,1.209458012059786647e+01,4.133727107286300395e+01,5.546140486240516054e+01,4.737733256649390512e+01,4.839461157387123080e+01,1.144643069957938231e+01,3.139985619405707595e+01,3.671942939853092724e+01,6.328327035988483829e+01,8.998652036045728053e+00,5.700003347873499138e+01,4.021089662898206285e+01,1.825146365252313174e+01,5.251421289434414064e+01,5.817499790669446469e+01,2.041808916907300286e+01,3.358341285784013763e+01,6.794743082381033616e+01,5.561401607173358741e+01,2.334852779497165542e+01,3.909538260916984598e+01,2.038464356488175611e+01,4.875030458849330017e+01,4.073851181032141255e+01,5.016601040556535906e+01,5.682732224192256609e+01,2.117061641174481323e+01,6.215764911571363882e+01,4.553825993521996196e+01,3.657650855037144311e+01,4.005317784566310735e+01
4.476846845160557109e+01,3.483957118190735258e+01,4.336600097104784624e+01,3.111037066622099090e+01,1.932684264261527929e+01,1.556728239986332518e+01,4.132466869943359455e+01,3.113456479972666102e+01,2.223897485694760690e+01,4.274418093111909656e+01,4.361767659580445411e+01,3.012747266923325284e+01,3.731740908673555879e+01,1.184268098545149428e+01,5.115093817093685402e+01,2.606489114387532169e+01,2.179778691747436525e+01,1.931971613100919072e+01,2.507916120927274406e+01,2.813420708210065158e+01,9.770750851134291537e+00,2.593908879458595962e+01,5.559743714236901724e+00,1.966841630859551415e+01,0.000000000000000000e+00,3.950696194493280444e+01,4.225472482664971352e+01,4.132058991959831218e+01,2.615643125307087047e+01,8.998752473637321003e+00,2.496120878997168901e+01,3.704229193881475624e+01,2.986434558173945319e+01,3.817125123801697839e+01,8.244177311007380382e+00,1.549111798423034614e+01,1.825190877611090201e+01,4.476951955700780417e+01,1.080541173650947329e+01,4.064169941234773376e+01,3.578852789802432000e+01,9.570952700487056930e+00,4.356094571504741708e+01,3.859725025763907524e+01,2.324154646941461522e+01,1.685907681039937955e+01,4.851869694936559796e+01,3.731740908673555879e+01,2.355373699771436335e+01,2.079904016307797576e+01,1.275768867111208138e+01,2.919666058787482399e+01,3.295609973467789899e+01,3.426342395199609570e+01,3.971931680202273185e+01,7.145800420926526009e+00,4.319105190617159451e+01,3.850986173977945981e+01,2.245806455622238929e+01,2.219161950049404197e+01
3.720432912481128085e+01,1.405432262974415281e+01,8.121340036844010513e+00,8.998878367691052205e+00,4.399163362303669800e+01,5.490757443213946942e+01,2.018307054608768425e+01,1.033239344081521160e+01,6.153351976129867751e+01,1.088083012232370628e+01,5.194420304704951974e+01,1.980401930005863065e+01,1.376683542933099247e+01,2.984843236140216405e+01,3.678926549571100679e+01,6.153398060397731228e+01,5.421593692958022359e+01,2.790632663748090536e+01,2.376433665341282264e+01,5.354078464156249595e+01,3.679492289801378746e+01,4.533781573505653029e+01,3.404350584082683895e+01,5.910021045875031831e+01,3.950696194493280444e+01,0.000000000000000000e+00,2.312188827192277785e+01,6.511678724843999078e+01,5.369171370626217765e+01,4.812186205336081457e+01,3.059578553229612297e+01,2.089175878153036336e+01,2.582861879143394290e+01,4.823765180530742924e+01,4.766067548952957367e+01,3.127161464879140240e+01,2.375944849231888512e+01,2.222205046879167512e+01,5.011874552742666111e+01,3.192560960326081343e+01,5.696330889823365595e+01,4.322202549141827888e+01,5.353834804237997247e+01,8.815171727630147558e+00,5.729340127803125426e+01,3.218602969916465639e+01,1.561093490394259575e+01,1.376683542933099247e+01,5.556132567069719386e+01,2.578781700298705459e+01,4.577201711705553322e+01,1.037021092143546497e+01,5.049082247847069027e+01,3.209019978736196776e+01,2.844393233503233631e+01,3.912866359881644485e+01,1.799862367999683599e+01,5.439381201133023325e+01,3.656098213280790787e+01,2.238539969336465418e+01
