0.000000000000000000e+00,1.762849169719087072e+01,2.285599852414681621e+01,5.723869446827619889e+00,2.031228878744867927e+01,3.160700839142925034e+01,8.788870673589917359e+00,2.919757135258621616e+01,4.903622687948071501e+01,3.194948315112041115e+01,4.719456158669797219e+01,5.185280660377827644e+01,4.103058923300785921e+01,3.554810037413606949e+01,1.980308911567669838e+01,3.014574783383737611e+01,1.904854819756490869e+01,1.580333101560068698e+01,2.565553209881508678e+01,3.279854896927499652e+01,2.317677708687499205e+01,3.336552371945688122e+01,1.379653839957444816e+01,4.186368047047211149e+01,2.555423032999945931e+01,9.777580926338972134e+00,2.262560487863189351e+01,3.809262713497004427e+01,4.913894504721288570e+01,1.981147988268243765e+01,1.757984357004515275e+01,3.446878810876437882e+01,2.325710879285330535e+01,5.450248047025694831e+01,5.271342091753681736e+00,4.123199812125352537e+01,3.658365332061072195e+01,2.897207077648894824e+01,5.729454656517098243e+01,4.339053255124824204e+01,4.633424521341569147e+01,2.376433665341282264e+01,3.732205824613672718e+01,5.373495330694984062e+01,2.249185445798099536e+01,5.723650763176218703e+01,2.223897485694761400e+01,1.581053091299112268e+01,5.254441682074027398e+01,2.042308683727698693e+01,1.825439337550446695e+01,1.395227343721271929e+01,1.954719533381668484e+01,3.759101499289297976e+01,3.780625725681094451e+01,2.539086912177669575e+01,5.616108259211588916e+01,2.641623914973067144e+01,2.016981520869197908e+01,2.959013499408613512e+01
1.762849169719087072e+01,0.000000000000000000e+00,4.004762088996026392e+01,2.149704745094609848e+01,1.673447869411213063e+01,4.362205181119404074e+01,1.228609366974478867e+01,4.101557034881213326e+01,5.475603136817034766e+01,3.568600770080011841e+01,5.421511602987646938e+01,5.677447724302533061e+01,5.599821794510524597e+01,3.679477510807276275e+01,2.260960821299806156e+01,4.133957329053731655e+01,3.366176520907836789e+01,2.606576176054428018e+01,2.260933796747573155e+01,4.862973387975696937e+01,3.795818304665449006e+01,2.937954360838791956e+01,3.122719123457648749e+01,5.474818726640488364e+01,4.304718145653678363e+01,1.119446887032823490e+01,1.909742050324479834e+01,3.508320742352601229e+01,5.049652266599145634e+01,3.620598679488566063e+01,3.307691119372075406e+01,3.295399328458787380e+01,3.702038625246006376e+01,6.366094398155537704e+01,1.268225286435741950e+01,4.970926488990301806e+01,5.008966117177266142e+01,3.542207282612138641e+01,6.794608997773308090e+01,5.864178131854539799e+01,5.003769342813212972e+01,2.832531163566546795e+01,3.402766628385905534e+01,6.809141809553604219e+01,3.812732536097288261e+01,6.232841502728856398e+01,3.319757406526333199e+01,1.717029796972935074e+01,6.282278412587619698e+01,8.786081661859572733e+00,3.579250909327390673e+01,3.153327445843752486e+01,3.511255895344524980e+00,4.412622856150494499e+01,4.737657912964806428e+01,3.255618521753993377e+01,6.808969615366444827e+01,1.549183201723904979e+01,1.361723609633663834e+01,4.652569390181527353e+01
2.285599852414681621e+01,4.004762088996026392e+01,0.000000000000000000e+00,1.860746051132149859e+01,3.565863939788923176e+01,2.070023020619563781e+01,3.113186764326508538e+01,1.986184183636276401e+01,4.393054804713193562e+01,3.448002741700083362e+01,4.050163121970815894e+01,4.739219288472119018e+01,2.130219918252525702e+01,3.990076141883967153e+01,2.996505708623005759e+01,2.160581533400750587e+01,1.139738044150275975e+01,2.045569232036358898e+01,3.811325460465761239e+01,1.230714894920632929e+01,1.055165688218083986e+01,4.403709808073200804e+01,1.289653909553895339e+01,2.614917302896201434e+01,4.238104523242061994e+00,2.984691767612630642e+01,3.680592616023877639e+01,4.652298300314399171e+01,5.001546734324927712e+01,5.562751706709810229e+00,9.601186652790303810e+00,4.230086629955690825e+01,1.339244119632953200e+01,4.323793883800740900e+01,2.812734011580395688e+01,3.360628813435526041e+01,2.074394125331589578e+01,2.910478910681597498e+01,4.331687067227377241e+01,2.289779892923098714e+01,4.464624722261368817e+01,2.935332222961141824e+01,4.624308507625445230e+01,3.404786521694215651e+01,2.042861772417416688e+01,5.169708211051155189e+01,1.933972770566889210e+01,3.027294330391124078e+01,3.974438157583651332e+01,4.036619461282418087e+01,1.000753868562642701e+01,9.502254830989153689e+00,4.131656752960139301e+01,3.411179899495950707e+01,2.930367946800548395e+01,2.647065028196581338e+01,4.023836451122998881e+01,4.442843737472843912e+01,3.755416822158817070e+01,6.901872942267314848e+00
5.723869446827619889e+00,2.149704745094609848e+01,1.860746051132149859e+01,0.000000000000000000e+00,1.954947202815082363e+01,2.589878511860127475e+01,1.441061699766750337e+01,2.350906412555820069e+01,4.399163362303669800e+01,2.773218232535205274e+01,4.194402459712439679e+01,4.692649906305496899e+01,3.556695641511435468e+01,3.184965178671204811e+01,1.688606198792966140e+01,2.450070429133412375e+01,1.338869641309430847e+01,1.080805759858630744e+01,2.394519060611669303e+01,2.756571459169353133e+01,1.758031143181700173e+01,3.132708348653949670e+01,1.270115628136744768e+01,3.615057974534398966e+01,2.186534004891457528e+01,1.138197930244541389e+01,2.145879017848648473e+01,3.551125897239229801e+01,4.503428671015906559e+01,1.479209282052370256e+01,1.210303091830605560e+01,3.161292795521916688e+01,1.754553824597213207e+01,4.892574468528474796e+01,1.042839784990359320e+01,3.581574521619223361e+01,3.089468989987295444e+01,2.419193403292817734e+01,5.160056609267390826e+01,3.800593680315851230e+01,4.173521422088658994e+01,1.980401930005863065e+01,3.486117616426154342e+01,4.818509597915654297e+01,2.326265302577031946e+01,5.222622968557890744e+01,1.673465514399088860e+01,1.430982665944669918e+01,4.688003977087181084e+01,2.220369795161309057e+01,1.638116284813252221e+01,1.094950270438796025e+01,2.271825315086312358e+01,3.255823697367502234e+01,3.227521598576438322e+01,2.059021107581747501e+01,5.043728773271724464e+01,2.718539825817383715e+01,2.042558752371917663e+01,2.502927678262102873e+01
2.031228878744867927e+01,1.673447869411213063e+01,3.565863939788923176e+01,1.954947202815082363e+01,0.000000000000000000e+00,3.131935659475449185e+01,2.239045844493607262e+01,2.882329241057478342e+01,3.841206023704921790e+01,1.933769833467708210e+01,3.827165292099421379e+01,4.023719167200766123e+01,4.589302969519167874e+01,2.006112896890968855e+01,7.775475993033182043e+00,2.857750392491960056e+01,2.568944740958309225e+01,1.595475323336807882e+01,6.188064267123610129e+00,4.035169923155081051e+01,2.939011995926929188e+01,1.378560797226836954e+01,3.224557449164615974e+01,4.239272277527163624e+01,3.961050877149912708e+01,1.127309888274522010e+01,2.606011004748231663e+00,1.919800659183685809e+01,3.379800784357070143e+01,3.044168555731179993e+01,2.643485119372780545e+01,1.648813541499699298e+01,2.736732849025578673e+01,4.838064682518957937e+01,1.904868679520411234e+01,3.453989759449281394e+01,3.865511082191676451e+01,2.017542896417195664e+01,5.337558561102994048e+01,4.878058479366886502e+01,3.338612034513153048e+01,1.303135774040888606e+01,1.824025731466898037e+01,5.665602244238949936e+01,4.242882058687968083e+01,4.577179422130000574e+01,2.149526171167748956e+01,5.435740680922753754e+00,4.816591943259270181e+01,9.301231619314021870e+00,3.581433279804576841e+01,3.011500190042710301e+01,1.451903042443425207e+01,2.833205845043221416e+01,3.294248016528693768e+01,1.808877583261963906e+01,5.438271797840579325e+01,9.283472766190467240e+00,3.601866653621177861e+00,4.071873482343035988e+01
3.160700839142925034e+01,4.362205181119404074e+01,2.070023020619563781e+01,2.589878511860127475e+01,3.131935659475449185e+01,0.000000000000000000e+00,4.006708640314875680e+01,2.607493216848654871e+00,2.333904406799788234e+01,1.917321202850812867e+01,1.980681303458521114e+01,2.683271531927567821e+01,1.563217125149588149e+01,2.450411690318314939e+01,2.356026109767888244e+01,2.940870579087043968e+00,1.341266859742982653e+01,1.757890867462234752e+01,3.016459175050706065e+01,1.433055498016859097e+01,1.080919835058160494e+01,3.283138153088830080e+01,3.004335474748574697e+01,1.120260461018187570e+01,2.416257766358798165e+01,3.255457258827777878e+01,3.092803885053477941e+01,3.292827285758043132e+01,3.106294551650081104e+01,1.699138343217206071e+01,1.580367766616172176e+01,2.908967692354094225e+01,8.999182094328938675e+00,2.370529961903316618e+01,3.576246483484244720e+01,1.291621381899230059e+01,7.582525943409319069e+00,1.400902233665603980e+01,2.571939773815971719e+01,1.856503700086297926e+01,2.496354035916041880e+01,1.914850012508254196e+01,3.309681288951772871e+01,2.534003447719388546e+01,4.017183534451186944e+01,3.100158806764044783e+01,1.042944747422279406e+01,2.755171236238466292e+01,2.112702611410022513e+01,3.960959213443695148e+01,2.936811984019693256e+01,2.539289177849608237e+01,4.318934639560193034e+01,1.469814909900038202e+01,8.611233037690697145e+00,1.394564596968658243e+01,2.473948489569063014e+01,4.039579503162742924e+01,3.460704319138755380e+01,1.977238170531363082e+01
8.788870673589917359e+00,1.228609366974478867e+01,3.113186764326508538e+01,1.441061699766750337e+01,2.239045844493607262e+01,4.006708640314875680e+01,0.000000000000000000e+00,3.759166937651816198e+01,5.601165071163966758e+01,3.790858512317596052e+01,5.455334978622762065e+01,5.859944783778826860e+01,4.981416377842376875e+01,4.065589241930580755e+01,2.473517043508245550e+01,3.841353897089678071e+01,2.779585779556888880e+01,2.339051511187799193e+01,2.848371122905636099e+01,4.152202118577395851e+01,3.195447311554951497e+01,3.617435120202152632e+01,2.033123067806575435e+01,5.052723723965643643e+01,3.340493068890042849e+01,1.139041984437382204e+01,2.498383122780081678e+01,4.149508677504940124e+01,5.457407035420627039e+01,2.849751311274278365e+01,2.636871409134208477e+01,3.840351893843184428e+01,3.193580611062544961e+01,6.250651535927527647e+01,4.447794971389523511e+00,4.894465299953814963e+01,4.530173893297007481e+01,3.581551641489679128e+01,6.564597468598606156e+01,5.215601854457423769e+01,5.259275198992983746e+01,2.969943910557371325e+01,4.057610129200398319e+01,6.252351213050049950e+01,2.597082751725958971e+01,6.409172833179019335e+01,3.029878961751773758e+01,1.957266219014166708e+01,6.079617220023550317e+01,1.857922745559891098e+01,2.498457946580113642e+01,2.181282402127570208e+01,1.532045595608942712e+01,4.466469410996102596e+01,4.577224069983812171e+01,3.236104390181972690e+01,6.473525014560402724e+01,2.551083929062753697e+01,2.079772035050128309e+01,3.797771604644343313e+01
2.919757135258621616e+01,4.101557034881213326e+01,1.986184183636276401e+01,2.350906412555820069e+01,2.882329241057478342e+01,2.607493216848654871e+00,3.759166937651816198e+01,0.000000000000000000e+00,2.410905805728746998e+01,1.768244062563544006e+01,2.085679639007348030e+01,2.755031649373552938e+01,1.765642980158076725e+01,2.314424177755194023e+01,2.108304034211443678e+01,1.757633081696420518e+00,1.144801809115923241e+01,1.497812433199935178e+01,2.787676459504302429e+01,1.514833784089323565e+01,9.499939893014909487e+00,3.090389126797615660e+01,2.833836059131362006e+01,1.379865935672045829e+01,2.357991932654708123e+01,2.995434804182720967e+01,2.850642469625104169e+01,3.134412998366003933e+01,3.079554392470827295e+01,1.564627496685658770e+01,1.395455993846358389e+01,2.739592532738139141e+01,7.205941838888058726e+00,2.571929113818957191e+01,3.326407919734026564e+01,1.399665382690713500e+01,9.882851285879938885e+00,1.229508361674917083e+01,2.809719872706940080e+01,2.060135230060681266e+01,2.500258697200888136e+01,1.686723091668839558e+01,3.144259268041005129e+01,2.783958847495757283e+01,3.875411656311067787e+01,3.201331582872614945e+01,7.821954269148233330e+00,2.497552684212299212e+01,2.339057361016388370e+01,3.703831580295872072e+01,2.799943237370088411e+01,2.369244609698985826e+01,4.058579189197796211e+01,1.450922883772282823e+01,9.787901142574067848e+00,1.175851836092512315e+01,2.729378080602765166e+01,3.794378813636142667e+01,3.207789737715065570e+01,1.981927936529090672e+01
4.903622687948071501e+01,5.475603136817034766e+01,4.393054804713193562e+01,4.399163362303669800e+01,3.841206023704921790e+01,2.333904406799788234e+01,5.601165071163966758e+01,2.410905805728746998e+01,0.000000000000000000e+00,1.909761021575193141e+01,4.227900149559179255e+00,3.512287579004516047e+00,3.361557384881663069e+01,1.957057641244690416e+01,3.227515256943214439e+01,2.239553166406394524e+01,3.484508658638186063e+01,3.326284741537534018e+01,3.362015901086436998e+01,3.665024523538607326e+01,3.359711449342690059e+01,3.058591492586536020e+01,5.175460807348792969e+01,2.440889161830441623e+01,4.749573939170532810e+01,4.561016479626584896e+01,3.650459842644873731e+01,2.668485396807958665e+01,1.301195674007445291e+01,3.968685620399112679e+01,3.745240302140635436e+01,2.537912805409198924e+01,3.109492012963653451e+01,1.394167778145498460e+01,5.159957260348475216e+01,1.053996502693658677e+01,2.670683134841194928e+01,2.019894541628543294e+01,2.102323421494676836e+01,3.580845401618420709e+01,7.024059023468172569e+00,2.668676982833713396e+01,2.757357796079079293e+01,3.540196640258282201e+01,6.258091369890323818e+01,8.244726456349152244e+00,2.779323546666847378e+01,3.783068761596703666e+01,1.692031638603410926e+01,4.766067548952957367e+01,5.193954260382360388e+01,4.720044066430271101e+01,5.289381120924574020e+01,1.144714263145293920e+01,1.478320989146729225e+01,2.370452156512308761e+01,2.538921219309798616e+01,4.481873980474151153e+01,4.194227054648614228e+01,4.289993913873203724e+01
3.194948315112041115e+01,3.568600770080011841e+01,3.448002741700083362e+01,2.773218232535205274e+01,1.933769833467708210e+01,1.917321202850812867e+01,3.790858512317596052e+01,1.768244062563544006e+01,1.909761021575193141e+01,0.000000000000000000e+00,1.904556046648110268e+01,2.112702611410023223e+01,3.467769701894559375e+01,5.547653820775808597e+00,1.341243099733359934e+01,1.635908255748825013e+01,2.323833956253325184e+01,1.721569637548735798e+01,1.497319497785458253e+01,3.274225862238200335e+01,2.440349410781200490e+01,1.449275525222965122e+01,3.811648573663767792e+01,2.814297084288457285e+01,3.866550812385803937e+01,2.699655948636370084e+01,1.754242812213916736e+01,1.376355146749476432e+01,1.730288375333686446e+01,2.909346538587531938e+01,2.553133875981258072e+01,1.007774702531818001e+01,2.146832329720992760e+01,2.962903604773394761e+01,3.362181114060557974e+01,1.636894350709329515e+01,2.644417813734170508e+01,5.550267118646817543e+00,3.530682783967665017e+01,3.757188280356184151e+01,1.470861957751563942e+01,8.244726456349145138e+00,1.398633257977146194e+01,4.254998307739908370e+01,4.940536887441315628e+01,2.668676982833714106e+01,1.514774799509847902e+01,1.895193014530753217e+01,3.013190953834011410e+01,2.861676783071608909e+01,3.972842487179536164e+01,3.410213790775311793e+01,3.379832893733551913e+01,9.494951574962660956e+00,1.625036336551175253e+01,8.123433502504902037e+00,3.734640912585130934e+01,2.635755143095084918e+01,2.289349330260448667e+01,3.649400988640613974e+01
4.719456158669797219e+01,5.421511602987646938e+01,4.050163121970815894e+01,4.194402459712439679e+01,3.827165292099421379e+01,1.980681303458521114e+01,5.455334978622762065e+01,2.085679639007348030e+01,4.227900149559179255e+00,1.904556046648110268e+01,0.000000000000000000e+00,7.571998535563775334e+00,2.941494750502532085e+01,2.068417122990060975e+01,3.160597130405461996e+01,1.920668466069175651e+01,3.195304529215437128e+01,3.140082973418396861e+01,3.397170859960183975e+01,3.270796783057715373e+01,3.034440005991394784e+01,3.187376986066121631e+01,4.894055980344281664e+01,2.018971335423199420e+01,4.393743031087746687e+01,4.456101324088740512e+01,3.657659667620366406e+01,2.856500591424892477e+01,1.664492512793763268e+01,3.650307069757990064e+01,3.454627253300064638e+01,2.668851616107654934e+01,2.799290163867000203e+01,1.127890023601360880e+01,5.011157840631075544e+01,6.896501496761269223e+00,2.264334506863423968e+01,1.895197804091798233e+01,1.800651690917169034e+01,3.158645238594374760e+01,1.008325050322891414e+01,2.589807296349930965e+01,2.935485433671424360e+01,3.134263957222380981e+01,5.957335529512774031e+01,1.119548177579566861e+01,2.539086912177669575e+01,3.709512871149370739e+01,1.344917512109634750e+01,4.757262554457117432e+01,4.884618127867643267e+01,4.433425688779603746e+01,5.259205341280298995e+01,1.009950643673760595e+01,1.119801910771935916e+01,2.223897485694761400e+01,2.185121171587159949e+01,4.532701634538817359e+01,4.185751398094289755e+01,3.911386531840053493e+01
5.185280660377827644e+01,5.677447724302533061e+01,4.739219288472119018e+01,4.692649906305496899e+01,4.023719167200766123e+01,2.683271531927567821e+01,5.859944783778826860e+01,2.755031649373552938e+01,3.512287579004516047e+00,2.112702611410023223e+01,7.571998535563775334e+00,0.000000000000000000e+00,3.697279893964657305e+01,2.073989766333687257e+01,3.449719728830690002e+01,2.582608128023363392e+01,3.816038601223816329e+01,3.614614111054045509e+01,3.513345817500724877e+01,4.015439468640428089e+01,3.702394007778445939e+01,3.138919509981721134e+01,5.501674184705686343e+01,2.772245728170166501e+01,5.098189398675744854e+01,4.798739024634668482e+01,3.819493579882833956e+01,2.701398271145816565e+01,1.161656555474749197e+01,4.308820074741179695e+01,4.076778844085662001e+01,2.624624236530341648e+01,3.448399888573727878e+01,1.560740797411998315e+01,5.421552622824682999e+01,1.405225252959037263e+01,3.017820552167670911e+01,2.289412670903960034e+01,2.276652846049573853e+01,3.910380068539339504e+01,7.204047402837760572e+00,2.903820119348618078e+01,2.798073895064093719e+01,3.818531796347629381e+01,6.590717907753838745e+01,5.559743714236908829e+00,3.094691492347845596e+01,4.005322300389228474e+01,1.917321202850812867e+01,4.939513275502817891e+01,5.530239109511968820e+01,5.048756131377694345e+01,5.475589903419408699e+01,1.440884992111699958e+01,1.829073043632207884e+01,2.646278075556143605e+01,2.757654222610543471e+01,4.612746356806918158e+01,4.370526367760948716e+01,4.641162259669254553e+01
4.103058923300785921e+01,5.599821794510524597e+01,2.130219918252525702e+01,3.556695641511435468e+01,4.589302969519167874e+01,1.563217125149588149e+01,4.981416377842376875e+01,1.765642980158076725e+01,3.361557384881663069e+01,3.467769701894559375e+01,2.941494750502532085e+01,3.697279893964657305e+01,0.000000000000000000e+00,3.985463061037440013e+01,3.831417678618775113e+01,1.856086144530118176e+01,2.240879005849054906e+01,3.060399632458748798e+01,4.546585361504354950e+01,8.999436915302451823e+00,1.810491111047601720e+01,4.846116604525799687e+01,3.404735866402495503e+01,9.308163923986013444e+00,2.228072726039286877e+01,4.483187942799673209e+01,4.585571353588185417e+01,4.843641966307684754e+01,4.422976675598992813e+01,2.162087781995714764e+01,2.347297171851836595e+01,4.467480304941822311e+01,1.907023101938934317e+01,2.685105557846658542e+01,4.599421301592784062e+01,2.380991430110833917e+01,8.251997669352352460e+00,2.963265336345783396e+01,2.442802307897628467e+01,2.944922614651565684e+00,3.756302109326787786e+01,3.448703300528763549e+01,4.865291419732157152e+01,1.289734146811012927e+01,4.116468733955802151e+01,3.947954549476362729e+01,2.440186154567585675e+01,4.149029156538697549e+01,2.242272618216944124e+01,5.342985831185710310e+01,3.125369710697415826e+01,3.004472865696925155e+01,5.621293551870732585e+01,2.861372931018071597e+01,2.055117140100661288e+01,2.941494750502532440e+01,2.009387712441067109e+01,5.514422379750389069e+01,4.892144228724279742e+01,1.562687063622017902e+01
3.554810037413606949e+01,3.679477510807276275e+01,3.990076141883967153e+01,3.184965178671204811e+01,2.006112896890968855e+01,2.450411690318314939e+01,4.065589241930580755e+01,2.314424177755194023e+01,1.957057641244690416e+01,5.547653820775808597e+00,2.068417122990060975e+01,2.073989766333687257e+01,3.985463061037440013e+01,0.000000000000000000e+00,1.597243353499856333e+01,2.175632280930690499e+01,2.858906156243941510e+01,2.179628773183878110e+01,1.451901485716362927e+01,3.824747029045551017e+01,2.991707634361002022e+01,1.119093279822824449e+01,4.288155770293918323e+01,3.284968685829831969e+01,4.410382943379627108e+01,2.938142953594606155e+01,1.779117988555809404e+01,8.804067698526102603e+00,1.395162884169151774e+01,3.446603788194411067e+01,3.080439626860562896e+01,6.031990258295794938e+00,2.698724662756688630e+01,3.184965178671204455e+01,3.655647010708064215e+01,1.974245396158832122e+01,3.160275266889683721e+01,1.109792092655045970e+01,3.810692643350118658e+01,4.271609235874203137e+01,1.361723609633663479e+01,1.206701702266174081e+01,9.282597593737962782e+00,4.704906420200043726e+01,5.415768963032461869e+01,2.614596539551102339e+01,2.056441187197291498e+01,2.113682294176508236e+01,3.307245557690106352e+01,2.894256045738718797e+01,4.476384650631445794e+01,3.904121833533644548e+01,3.447041102826880632e+01,1.275655161503305379e+01,2.056441187197291498e+01,1.343685000749335856e+01,4.079817839172480376e+01,2.538774467566598148e+01,2.335092359979499932e+01,4.203691056390481862e+01
1.980308911567669838e+01,2.260960821299806156e+01,2.996505708623005759e+01,1.688606198792966140e+01,7.775475993033182043e+00,2.356026109767888244e+01,2.473517043508245550e+01,2.108304034211443678e+01,3.227515256943214439e+01,1.341243099733359934e+01,3.160597130405461996e+01,3.449719728830690002e+01,3.831417678618775113e+01,1.597243353499856333e+01,0.000000000000000000e+00,2.080432671772484809e+01,1.917553885682249160e+01,9.518970970248338048e+00,8.152611897240392480e+00,3.322348752186322685e+01,2.246843801004214569e+01,1.467806423146877570e+01,2.909629411024837609e+01,3.461769722489405865e+01,3.410663302433571431e+01,1.361756877309927560e+01,7.569004687194174075e+00,1.862532714758032171e+01,2.984794728115774731e+01,2.449393471661955246e+01,2.040783893697336282e+01,1.477437082393570833e+01,2.018085852149370041e+01,4.122638738899802036e+01,2.058862053249699997e+01,2.728886736175105554e+01,3.093995975828125111e+01,1.289351210893065414e+01,4.592551109434654677e+01,4.122306839952494784e+01,2.809610533610023353e+01,5.723511849966597786e+00,1.798362147140322165e+01,4.890022661296783468e+01,4.005830661243309976e+01,4.005322300389228474e+01,1.394035643189418927e+01,5.559743714236905276e+00,4.073349848701489861e+01,1.659583537766880923e+01,3.194231076247135803e+01,2.605924707914816452e+01,2.113682294176507881e+01,2.151710612782096277e+01,2.538491796114942645e+01,1.042630410233739191e+01,4.672446006337852253e+01,1.687263020277028147e+01,1.119345712120970582e+01,3.432345519229301090e+01
3.014574783383737611e+01,4.133957329053731655e+01,2.160581533400750587e+01,2.450070429133412375e+01,2.857750392491960056e+01,2.940870579087043968e+00,3.841353897089678071e+01,1.757633081696420518e+00,2.239553166406394524e+01,1.635908255748825013e+01,1.920668466069175651e+01,2.582608128023363392e+01,1.856086144530118176e+01,2.175632280930690499e+01,2.080432671772484809e+01,0.000000000000000000e+00,1.289526033591887710e+01,1.544616216264449982e+01,2.726251789400875225e+01,1.668232296094501166e+01,1.120158357078902434e+01,2.990033058579533787e+01,2.985721377480902916e+01,1.382054277900916617e+01,2.533648562429309337e+01,3.037539329717377257e+01,2.810451323013893798e+01,3.008942940946444722e+01,2.907370541178766388e+01,1.731511603477640904e+01,1.544710792073738048e+01,2.621101496530166841e+01,8.790038603287928964e+00,2.450070429133411665e+01,3.404517432101529550e+01,1.238023647153152673e+01,1.051852899742311109e+01,1.110839499652408335e+01,2.723674275404264122e+01,2.149703859174080733e+01,2.324938630358720815e+01,1.625316206852919265e+01,3.023290876237651759e+01,2.813776112996498213e+01,4.037133982368169427e+01,3.033899513284524829e+01,8.245829727310571400e+00,2.498933094781490993e+01,2.240500596840286107e+01,3.701506308691262603e+01,2.964021674153127250e+01,2.522146318367703088e+01,4.076207574008668644e+01,1.276566487159353080e+01,8.245829727310564294e+00,1.102772570892467563e+01,2.677903253381540694e+01,3.759428642709147539e+01,3.191556383876416803e+01,2.153814251095830556e+01
1.904854819756490869e+01,3.366176520907836789e+01,1.139738044150275975e+01,1.338869641309430847e+01,2.568944740958309225e+01,1.341266859742982653e+01,2.779585779556888880e+01,1.144801809115923241e+01,3.484508658638186063e+01,2.323833956253325184e+01,3.195304529215437128e+01,3.816038601223816329e+01,2.240879005849054906e+01,2.858906156243941510e+01,1.917553885682249160e+01,1.289526033591887710e+01,0.000000000000000000e+00,9.783288329391723437e+00,2.728952176816061126e+01,1.514831469387746843e+01,4.306465669598453339e+00,3.280057266581886211e+01,1.699172031635958291e+01,2.289651578740710391e+01,1.563394674744501600e+01,2.255925764847540904e+01,2.643174531459932197e+01,3.513285236499836373e+01,3.935703712187414283e+01,5.884229137441381319e+00,2.607668562832833992e+00,3.091100075680244075e+01,4.447794971389521734e+00,3.709611082238728841e+01,2.376740350695779469e+01,2.521968761647526236e+01,1.754637238938595090e+01,1.800498485962659601e+01,3.894202066583792288e+01,2.499396796990233227e+01,3.447830893900560056e+01,1.799862367999683599e+01,3.486790594802006638e+01,3.485950237730796886e+01,2.774712676580931259e+01,4.296150035461728578e+01,8.130435832240753058e+00,2.057524339471840236e+01,3.449728966737261970e+01,3.190562693037081488e+01,1.722841640533256324e+01,1.238230322625890523e+01,3.409249789756970017e+01,2.411134424276497867e+01,2.114058724094258679e+01,1.515525978470022039e+01,3.732091310927737027e+01,3.484763590199899852e+01,2.813128882365387540e+01,1.515200088507482157e+01
1.580333101560068698e+01,2.606576176054428018e+01,2.045569232036358898e+01,1.080805759858630744e+01,1.595475323336807882e+01,1.757890867462234752e+01,2.339051511187799193e+01,1.497812433199935178e+01,3.326284741537534018e+01,1.721569637548735798e+01,3.140082973418396861e+01,3.614614111054045509e+01,3.060399632458748798e+01,2.179628773183878110e+01,9.518970970248338048e+00,1.544616216264449982e+01,9.783288329391723437e+00,0.000000000000000000e+00,1.767158286748873053e+01,2.446183362177292153e+01,1.345329619575404578e+01,2.376288330244611302e+01,2.109394088535740508e+01,2.868242776435685926e+01,2.461574533545537591e+01,1.497622394179684058e+01,1.665080652142491147e+01,2.686961638117201900e+01,3.447362309809363978e+01,1.497496374637121264e+01,1.088886796672502477e+01,2.271151174743341272e+01,1.163092819817266843e+01,3.913170117362508904e+01,1.895201404013759117e+01,2.557482108548975575e+01,2.411592443069879010e+01,1.338678974458553128e+01,4.255866685877592914e+01,3.340740501000480833e+01,3.094544696186214594e+01,9.873709166019008165e+00,2.642885003823795032e+01,4.221354198176505435e+01,3.236263942911620717e+01,4.148189447740133318e+01,7.205308467613814827e+00,1.102368171258710561e+01,3.759188777105450185e+01,2.283071422838495579e+01,2.325600823380163007e+01,1.741783739834551881e+01,2.582101488963370528e+01,2.181626322903418824e+01,2.240484306036309192e+01,9.786853588202152565e+00,4.220823591835049626e+01,2.517766278314937267e+01,1.858098512414019510e+01,2.491529808171340221e+01
2.565553209881508678e+01,2.260933796747573155e+01,3.811325460465761239e+01,2.394519060611669303e+01,6.188064267123610129e+00,3.016459175050706065e+01,2.848371122905636099e+01,2.787676459504302429e+01,3.362015901086436998e+01,1.497319497785458253e+01,3.397170859960183975e+01,3.513345817500724877e+01,4.546585361504354950e+01,1.451901485716362927e+01,8.152611897240392480e+00,2.726251789400875225e+01,2.728952176816061126e+01,1.767158286748873053e+01,0.000000000000000000e+00,4.099683358545765799e+01,3.043444860876096314e+01,7.772684912214466557e+00,3.653289230591078507e+01,4.079496450621506654e+01,4.224524034328936040e+01,1.721148037170396350e+01,3.601803901846801548e+00,1.302832210697618009e+01,2.793110325941682603e+01,3.264654661385994672e+01,2.856045083421375708e+01,1.036960007100542391e+01,2.800506665855212418e+01,4.458528996037583880e+01,2.496766797998666121e+01,3.108627212448177346e+01,3.772433270122842686e+01,1.729767362604480496e+01,5.008365033674206757e+01,4.840425859717341694e+01,2.809588786352035328e+01,1.101763161629533094e+01,1.209318017708521253e+01,5.529103694355977439e+01,4.718120223204658004e+01,4.060251144432005077e+01,2.145640990935230619e+01,9.867919279920279507e+00,4.487799674089300339e+01,1.445533365701594875e+01,3.968660664789472747e+01,3.383679249339395767e+01,2.006111770226469915e+01,2.441214276719549048e+01,3.017346597002380904e+01,1.624337958486334088e+01,5.168397292681218858e+01,1.138660226410315879e+01,8.998702224040517450e+00,4.242048434121092981e+01
3.279854896927499652e+01,4.862973387975696937e+01,1.230714894920632929e+01,2.756571459169353133e+01,4.035169923155081051e+01,1.433055498016859097e+01,4.152202118577395851e+01,1.514833784089323565e+01,3.665024523538607326e+01,3.274225862238200335e+01,3.270796783057715373e+01,4.015439468640428089e+01,8.999436915302451823e+00,3.824747029045551017e+01,3.322348752186322685e+01,1.668232296094501166e+01,1.514831469387746843e+01,2.446183362177292153e+01,4.099683358545765799e+01,0.000000000000000000e+00,1.103990877223313483e+01,4.523479078946695608e+01,2.506286590017982263e+01,1.498232502522678544e+01,1.361911226153080356e+01,3.762631554435373005e+01,4.075165990109428549e+01,4.624934222643636161e+01,4.535455065350730308e+01,1.304097936758824794e+01,1.557063790072748510e+01,4.219093437548293934e+01,1.304311303877223338e+01,3.295885530058274782e+01,3.791076999736159081e+01,2.614756154219684348e+01,1.034452572731825093e+01,2.725159946879287531e+01,3.193993172914384360e+01,1.081110874530141785e+01,3.911854755330354294e+01,3.045980947996988064e+01,4.626270729631750811e+01,2.181961940646037235e+01,3.236158113374450807e+01,4.362265998550181934e+01,1.957917288158013136e+01,3.547328394658980244e+01,2.897677344852128556e+01,4.702306707262440000e+01,2.228070661206224301e+01,2.114302401197882730e+01,4.920469732482028036e+01,2.900972378608769375e+01,2.207270104203996297e+01,2.596446720916320317e+01,2.832814639325875206e+01,4.961478388570004938e+01,4.303887121819107620e+01,7.207341955702723624e+00
2.317677708687499205e+01,3.795818304665449006e+01,1.055165688218083986e+01,1.758031143181700173e+01,2.939011995926929188e+01,1.080919835058160494e+01,3.195447311554951497e+01,9.499939893014909487e+00,3.359711449342690059e+01,2.440349410781200490e+01,3.034440005991394784e+01,3.702394007778445939e+01,1.810491111047601720e+01,2.991707634361002022e+01,2.246843801004214569e+01,1.120158357078902434e+01,4.306465669598453339e+00,1.345329619575404578e+01,3.043444860876096314e+01,1.103990877223313483e+01,0.000000000000000000e+00,3.535406208542129036e+01,1.933981837089297784e+01,1.909842171287242252e+01,1.452581611758480484e+01,2.683770611387450700e+01,2.991707634361001666e+01,3.713019170851390527e+01,3.949487348132674214e+01,6.191299552490654001e+00,5.724108937370337991e+00,3.294018683501319344e+01,2.941803275147931274e+00,3.434405443115976198e+01,2.799453144459041809e+01,2.346665188176471517e+01,1.361864020188269997e+01,1.890735656570130985e+01,3.560841192527452392e+01,2.068960813840039492e+01,3.409731527102035642e+01,2.041035076655447611e+01,3.698003875404291563e+01,3.060934862503700771e+01,2.937001783151072942e+01,4.151089845809816836e+01,9.594174988790868497e+00,2.444510088167150030e+01,3.140141817985749384e+01,3.599928102238366989e+01,1.857478759580656913e+01,1.470979643354496957e+01,3.834020618194599450e+01,2.356516355508163585e+01,1.920959435336392573e+01,1.666850357715932063e+01,3.360784593997316705e+01,3.862965165849826832e+01,3.201338169664330735e+01,1.231465361101694711e+01
3.336552371945688122e+01,2.937954360838791956e+01,4.403709808073200804e+01,3.132708348653949670e+01,1.378560797226836954e+01,3.283138153088830080e+01,3.617435120202152632e+01,3.090389126797615660e+01,3.058591492586536020e+01,1.449275525222965122e+01,3.187376986066121631e+01,3.138919509981721134e+01,4.846116604525799687e+01,1.119093279822824449e+01,1.467806423146877570e+01,2.990033058579533787e+01,3.280057266581886211e+01,2.376288330244611302e+01,7.772684912214466557e+00,4.523479078946695608e+01,3.535406208542129036e+01,0.000000000000000000e+00,4.373664513611112170e+01,4.251217181314053306e+01,4.825036966101654201e+01,2.496244349410940089e+01,1.119093279822823739e+01,5.723077442421510064e+00,2.240415515275592639e+01,3.848203776433798140e+01,3.444387167135785432e+01,5.211242225067820755e+00,3.264944298379231213e+01,4.303292790995523376e+01,3.272902570497602426e+01,3.056742048087986063e+01,4.034851176060399780e+01,1.888094488164237461e+01,4.920948965825716215e+01,5.139623229446718966e+01,2.418596351450974780e+01,1.494371131886681603e+01,4.650348949431117873e+00,5.698132105438338613e+01,5.458659895950761154e+01,3.657409084214605599e+01,2.584846940641721247e+01,1.755499416368781596e+01,4.412606834911560583e+01,2.073902608016604887e+01,4.661492549218615267e+01,4.072975756696320104e+01,2.646085656246222584e+01,2.354397758873374613e+01,3.074253880472036826e+01,1.931304226775426613e+01,5.165610188417196014e+01,1.556728239986332873e+01,1.597066459481404621e+01,4.763139229649068085e+01
1.379653839957444816e+01,3.122719123457648749e+01,1.289653909553895339e+01,1.270115628136744768e+01,3.224557449164615974e+01,3.004335474748574697e+01,2.033123067806575435e+01,2.833836059131362006e+01,5.175460807348792969e+01,3.811648573663767792e+01,4.894055980344281664e+01,5.501674184705686343e+01,3.404735866402495503e+01,4.288155770293918323e+01,2.909629411024837609e+01,2.985721377480902916e+01,1.699172031635958291e+01,2.109394088535740508e+01,3.653289230591078507e+01,2.506286590017982263e+01,1.933981837089297784e+01,4.373664513611112170e+01,0.000000000000000000e+00,3.783079612404856107e+01,1.380284673227847669e+01,2.313743231892585683e+01,3.414981796986468510e+01,4.757020030338666317e+01,5.514895458815050233e+01,1.341275395207182441e+01,1.441289987129366423e+01,4.352011197055732339e+01,2.114193936632896609e+01,5.367928264859203580e+01,1.855044097881258836e+01,4.220823591835049626e+01,3.227527975498536250e+01,3.359079810737687666e+01,5.475722973148553763e+01,3.576654297662000204e+01,5.087905886678959888e+01,3.094234780177940181e+01,4.700805746481525915e+01,4.687598744560200714e+01,1.128984710135869207e+01,5.991174790075181278e+01,2.420747971105812368e+01,2.700247174448455212e+01,5.070056452889237164e+01,3.402708816919739832e+01,4.653859673060617652e+00,4.651766085980133525e+00,3.332522643692760766e+01,4.077351444741474040e+01,3.809859680703740281e+01,3.019043533655184675e+01,5.226159091382689326e+01,3.958148210818474411e+01,3.295211855007354984e+01,1.958064500886194992e+01
4.186368047047211149e+01,5.474818726640488364e+01,2.614917302896201434e+01,3.615057974534398966e+01,4.239272277527163624e+01,1.120260461018187570e+01,5.052723723965643643e+01,1.379865935672045829e+01,2.440889161830441623e+01,2.814297084288457285e+01,2.018971335423199420e+01,2.772245728170166501e+01,9.308163923986013444e+00,3.284968685829831969e+01,3.461769722489405865e+01,1.382054277900916617e+01,2.289651578740710391e+01,2.868242776435685926e+01,4.079496450621506654e+01,1.498232502522678544e+01,1.909842171287242252e+01,4.251217181314053306e+01,3.783079612404856107e+01,0.000000000000000000e+00,2.834073961358505755e+01,4.362873476482315027e+01,4.185355242203302595e+01,4.163207284969586652e+01,3.551974300569505516e+01,2.446287234264237398e+01,2.480178021781621212e+01,3.820315359058466953e+01,1.860657180233160446e+01,1.810005112153934093e+01,4.634061567209057841e+01,1.501619023627005056e+01,5.559743714236901724e+00,2.379906921931751285e+01,1.717244683300586416e+01,1.140253489802506870e+01,2.876507165233498853e+01,2.987536094588483238e+01,4.200166948979981640e+01,1.452837814912496484e+01,4.657738377442947098e+01,3.017820552167671266e+01,2.160278999446884285e+01,3.874674583498343594e+01,1.399910212960462630e+01,5.079787164874893790e+01,3.599739023075048294e+01,3.335846228542142455e+01,5.438050300333512155e+01,2.068611937878249307e+01,1.245392202688437422e+01,2.460596119645060753e+01,1.451939112865326642e+01,5.136307736872600316e+01,4.573552341661601872e+01,2.217244145671878996e+01
2.555423032999945931e+01,4.304718145653678363e+01,4.238104523242061994e+00,2.186534004891457528e+01,3.961050877149912708e+01,2.416257766358798165e+01,3.340493068890042849e+01,2.357991932654708123e+01,4.749573939170532810e+01,3.866550812385803937e+01,4.393743031087746687e+01,5.098189398675744854e+01,2.228072726039286877e+01,4.410382943379627108e+01,3.410663302433571431e+01,2.533648562429309337e+01,1.563394674744501600e+01,2.461574533545537591e+01,4.224524034328936040e+01,1.361911226153080356e+01,1.452581611758480484e+01,4.825036966101654201e+01,1.380284673227847669e+01,2.834073961358505755e+01,0.000000000000000000e+00,3.323076249655188974e+01,4.084345050580500214e+01,5.076108691282141194e+01,5.401504606782578577e+01,9.795894956626650441e+00,1.380649856924566521e+01,4.653897031116676430e+01,1.742896816293208673e+01,4.593670323744289874e+01,3.078530352970942019e+01,3.706424088785621507e+01,2.318113608950728732e+01,3.326091367107771646e+01,4.545639364200183508e+01,2.339070110136585967e+01,4.851612086795017831e+01,3.358900257876479145e+01,5.048019467490643564e+01,3.457813208040391117e+01,1.890312862840547226e+01,5.511883676986053615e+01,2.353941985736000930e+01,3.419714266265980740e+01,4.221292261690103942e+01,4.392405539620069987e+01,9.790639426170113069e+00,1.164153418653655514e+01,4.453624480054094192e+01,3.798153946409610171e+01,3.276285839244525278e+01,3.068148915791601894e+01,4.194696957400243775e+01,4.825036966101654201e+01,4.136982595389227413e+01,6.671692457084281713e+00
9.777580926338972134e+00,1.119446887032823490e+01,2.984691767612630642e+01,1.138197930244541389e+01,1.127309888274522010e+01,3.255457258827777878e+01,1.139041984437382204e+01,2.995434804182720967e+01,4.561016479626584896e+01,2.699655948636370084e+01,4.456101324088740512e+01,4.798739024634668482e+01,4.483187942799673209e+01,2.938142953594606155e+01,1.361756877309927560e+01,3.037539329717377257e+01,2.255925764847540904e+01,1.497622394179684058e+01,1.721148037170396350e+01,3.762631554435373005e+01,2.683770611387450700e+01,2.496244349410940089e+01,2.313743231892585683e+01,4.362873476482315027e+01,3.323076249655188974e+01,0.000000000000000000e+00,1.380762390566001940e+01,3.017174638795680863e+01,4.332779665617592713e+01,2.553819356138525265e+01,2.215729034425178057e+01,2.701649342240568785e+01,2.582988862752682735e+01,5.338253897694460903e+01,7.778276406427854894e+00,3.950782353938303970e+01,3.891003784452707492e+01,2.561093943998819711e+01,5.728497220533689216e+01,4.749851183017930367e+01,4.169960781659916904e+01,1.895195407836534329e+01,2.927742799171796051e+01,5.689751381295774735e+01,3.226802822856591035e+01,5.352910680847112701e+01,2.216435631642539050e+01,8.244836484230649631e+00,5.222781132184798025e+01,1.092820047512898540e+01,2.731622565398148339e+01,2.222467748964281142e+01,1.161942888518019323e+01,3.449721701676422470e+01,3.683421908532031352e+01,2.240463998797342882e+01,5.715430569219670076e+01,1.664100908343725393e+01,1.050154881354947811e+01,3.601619992656831215e+01
