0.000000000000000000e+00,3.790711982705007443e+01,2.181526432302665697e+01,2.900342441113045311e+01,2.831312182287785362e+01,5.458141396707932813e+01,3.396970949213110202e+01,4.257550765301576234e+01,5.198789763818913201e+01,3.762363843285098852e+01,3.599526152063343432e+01,4.079405466890846554e+01,1.899296568385152284e+01,1.137048944829376929e+01,5.859515287029064012e+01,2.181592985483127478e+01,4.631328341514169011e+01,2.606445425400425897e+00,4.633707227174478760e+01,2.588338355660321710e+01,3.427952734359149645e+01,4.657329624329526752e+01,3.194380569459493913e+01,1.111948742847380434e+00,1.636538995024388399e+01,1.222816985889757113e+01,1.111948742847380700e+01,3.138852013159914733e+01,1.899296568385152284e+01,3.094105350357874684e+01,2.635866403909275490e+01,4.827619154357458342e+01,1.580298563784498711e+01,3.683391655187902103e+01,1.549971330324351371e+01,4.041063254123484683e+01,5.093376306412212529e+01,2.903820119348618434e+01,2.963089404696434315e+01,5.641851048913916600e+01,2.690248345815357922e+01,1.779807521689104632e+01,3.318971050513234644e+01,2.461346313022950838e+01,8.451455461754260767e+00,5.259415170282002094e+01,3.859298945226679223e+01,1.856814837400600382e+01,4.566287857599279931e+01,3.160608625365411939e+01,1.966933646566882032e+01,5.268237783828483956e+00,2.895948050753354153e+01,4.227900149559179255e+00,6.035030221584691823e+00,3.679487357402778969e+01,2.578781700298705815e+01,9.776441157012051519e+00,1.341244790097514894e+01,1.338516177977506061e+01
3.790711982705007443e+01,0.000000000000000000e+00,1.609193717228246001e+01,4.540464701356564348e+01,4.674638992583793140e+01,3.201024871801528349e+01,6.892656465998770798e+00,4.494734718076418289e+01,3.192159007041006191e+01,4.001239529653078364e+01,4.224522534714578725e+00,3.510483601324143610e+00,2.936353654419218628e+01,3.338610003534529369e+01,4.074727497254745856e+01,2.158411257988131027e+01,8.998702224040513897e+00,3.542138220347734290e+01,2.668471087344923021e+01,5.017214292363349415e+01,4.424591151212685247e+01,2.100839188121994283e+01,8.785387488298484371e+00,3.683180396268340928e+01,3.051002057481041518e+01,3.679470141754414669e+01,2.728642391042118831e+01,4.010570870350506567e+01,2.936353654419218628e+01,9.784144490978736286e+00,3.599928102238366989e+01,1.036960007100542391e+01,2.441214276719549048e+01,1.906455976443086797e+01,3.099440485405799350e+01,2.051369703352168017e+01,1.334338491416857053e+01,1.033129794394015555e+01,2.688328633169259518e+01,4.099683358545765799e+01,5.867508314176175332e+01,3.542000474210178851e+01,1.032856459438633223e+01,1.399137869154761660e+01,3.449716448847173922e+01,2.611853735863873993e+01,5.544394519087682660e+00,2.669996560334412194e+01,3.952269074074538935e+01,1.595131294633431729e+01,1.825202022680991121e+01,3.379822184046246036e+01,1.184233776170334096e+01,3.808963358696209411e+01,3.499362078378421614e+01,6.793426740400493102e+00,2.149169308955498536e+01,3.937550311377154344e+01,5.069749347211125468e+01,2.480004604616710751e+01
2.181526432302665697e+01,1.609193717228246001e+01,0.000000000000000000e+00,3.449966934546166897e+01,3.527931554384043977e+01,3.874103155993818604e+01,1.290608676415488176e+01,3.972444280413125028e+01,3.715156241497866318e+01,3.418462485651388505e+01,1.445533365701595230e+01,1.904347971011439000e+01,1.723841609440986389e+01,1.860246328661287407e+01,4.537420171660205881e+01,1.087548477063374541e+01,2.461331593239987470e+01,1.933780372222667054e+01,3.111498544332416927e+01,3.714884093189446190e+01,3.566296245792849362e+01,2.867281739910875160e+01,1.126948602860210080e+01,2.074024703890685473e+01,1.730160395954393948e+01,2.219187396717826743e+01,1.138882590972204589e+01,3.147317795308313393e+01,1.723841609440986389e+01,1.053222318703414118e+01,2.622666174165000186e+01,2.646128325127227754e+01,9.870398016759457605e+00,2.080036070566745465e+01,1.740200720550041069e+01,2.414080199571462160e+01,2.919652111437635256e+01,8.244506599529888291e+00,2.087954894782758331e+01,4.431983410436848914e+01,4.399822255071390487e+01,2.251021974568754302e+01,1.336523502986540812e+01,4.302869833134280952e+00,1.909742050324479479e+01,3.484067297274707897e+01,1.730160395954394659e+01,1.430506251566283815e+01,3.781679431331747310e+01,1.477927601544122105e+01,2.223897485694760867e+00,1.784299750525558892e+01,9.284348395396532894e+00,2.216184542919711831e+01,1.920262539764701160e+01,1.580275609055309260e+01,1.399927867891710243e+01,2.410449348756905508e+01,3.471068448352922076e+01,8.895589942779043469e+00
2.900342441113045311e+01,4.540464701356564348e+01,3.449966934546166897e+01,0.000000000000000000e+00,2.223897485694760867e+00,4.194618159983526340e+01,4.595282128224571494e+01,1.699408414877563089e+01,3.841502679560951350e+01,1.451943855480591417e+01,4.148078661053828142e+01,4.890969047049919283e+01,1.726125412734021225e+01,3.867218742352562089e+01,4.116467058061595452e+01,2.445704663256069011e+01,5.017521173872648887e+01,2.962245411374700765e+01,3.509316289436852543e+01,8.999360304551363043e+00,7.207086701672801965e+00,3.974250848773356637e+01,4.497375705135367241e+01,2.863877297402806121e+01,4.229765200688559190e+01,4.069990132570000441e+01,2.724489359558168999e+01,7.902027321538236393e+00,1.726125412734021225e+01,4.451782376860338530e+01,9.534813903854775674e+00,5.387767083584206063e+01,2.512582724212634488e+01,3.110360312843576480e+01,1.784119878380674251e+01,3.320943884535321899e+01,5.433057679856530342e+01,3.540869380822839929e+01,1.981428638005555598e+01,3.790440220148160932e+01,2.130206976114237349e+01,4.555073722397884239e+01,4.745120541496964250e+01,3.324761640175859867e+01,3.622199078562859853e+01,4.378456627568447601e+01,4.931566656540216087e+01,2.019636627594963585e+01,2.461427922438377536e+01,3.034559872108530953e+01,3.384842248472256898e+01,3.200290214660319776e+01,4.367666233458361802e+01,2.479387521326953348e+01,2.380158561585984600e+01,4.010774250856653111e+01,2.392359508196998874e+01,1.933772800371598422e+01,3.690759204222399603e+01,3.273423138399739685e+01
2.831312182287785362e+01,4.674638992583793140e+01,3.527931554384043977e+01,2.223897485694760867e+00,0.000000000000000000e+00,4.412957638396020599e+01,4.701676492843380828e+01,1.905215726522483166e+01,4.060559671582451102e+01,1.673481927966648897e+01,4.288767816604344318e+01,5.025626590432067786e+01,1.810042027716197310e+01,3.835113401173289560e+01,4.338741136587948688e+01,2.554505921470769181e+01,5.177606236392508521e+01,2.911727094972621543e+01,3.721353789636169296e+01,6.809437987306915296e+00,9.303877627827295882e+00,4.174536790812362597e+01,4.595282128224571494e+01,2.802783040604041531e+01,4.218056335851660776e+01,4.021089662898206285e+01,2.742582117436645106e+01,1.009989089076573165e+01,1.810042027716197310e+01,4.545232528209507450e+01,1.120413835907512912e+01,5.541622411901814615e+01,2.570956076564621640e+01,3.295650782798969658e+01,1.825227476573661534e+01,3.516249805046565768e+01,5.598931341121573979e+01,3.664421588311997624e+01,2.160536380517688215e+01,4.012286015717803878e+01,1.909856580020462502e+01,4.522383598818984751e+01,4.838015973327779307e+01,3.427308093496702668e+01,3.581003066618187347e+01,4.588055802811499007e+01,5.050477452117802102e+01,2.103599892899008950e+01,2.682562771593907769e+01,3.193383413056947617e+01,3.449966934546166897e+01,3.161419215590779430e+01,4.451782376860338530e+01,2.408560167201610369e+01,2.338231378032525853e+01,4.162059598090183243e+01,2.532939955905728624e+01,1.855460600994869935e+01,3.554231210568111266e+01,3.296008289403590652e+01
5.458141396707932813e+01,3.201024871801528349e+01,3.874103155993818604e+01,4.194618159983526340e+01,4.412957638396020599e+01,0.000000000000000000e+00,3.828334630618831369e+01,2.964396113024185553e+01,3.603129614566352057e+00,2.833954902615148441e+01,2.901465720539251691e+01,3.358328891217104939e+01,3.650773815934520883e+01,5.640287155195851199e+01,9.536579844734632161e+00,3.296321440716272377e+01,2.776445404659747851e+01,5.301139861470469583e+01,8.246272902840274810e+00,5.049911382427892192e+01,3.615260710407174827e+01,1.103177820548636667e+01,3.949155966672186224e+01,5.354078464156249595e+01,5.597997460071560027e+01,5.995427555699836830e+01,4.433123216351411600e+01,3.404668470611526487e+01,3.650773815934520883e+01,4.012825582037883265e+01,3.449730292960133937e+01,3.159133019441829049e+01,3.915034852360989248e+01,1.825183994900628548e+01,4.006764453320020181e+01,1.470777513573237449e+01,2.858208847968008470e+01,3.111872973931607689e+01,2.589894391019299036e+01,1.139866808114277141e+01,6.250704170576134544e+01,6.116484212299727830e+01,4.176331774520160423e+01,3.443816228795159873e+01,5.597930556328200424e+01,6.806800045921932885e+00,3.738729499257824074e+01,3.614936627459138663e+01,1.992482159206337400e+01,2.420370532234749916e+01,4.048885880190687914e+01,5.311283202671006620e+01,4.146182287089071394e+01,5.222886734616895410e+01,4.904229146879077206e+01,2.612967678782700176e+01,2.882275367600076166e+01,4.984493829083065464e+01,6.764488474883440006e+01,4.597974347102408643e+01
3.396970949213110202e+01,6.892656465998770798e+00,1.290608676415488176e+01,4.595282128224571494e+01,4.701676492843380828e+01,3.828334630618831369e+01,0.000000000000000000e+00,4.794770139604476356e+01,3.786753520778781734e+01,4.269557763628447589e+01,9.284348395396531117e+00,7.901192135155254981e+00,2.899943470483594155e+01,2.793107094077427277e+01,4.667980496565208881e+01,2.149663460598827669e+01,1.544240179738541485e+01,3.138977834492219898e+01,3.231552451066405496e+01,4.957122001247919485e+01,4.587131336019340466e+01,2.725530236795252748e+01,2.223897485694760867e+00,3.295356600749286713e+01,2.450051916081054770e+01,3.116416037848194520e+01,2.419056344710973150e+01,4.164125718076356719e+01,2.899943470483594155e+01,3.335846228542140857e+00,3.694198346511375064e+01,1.562638947884187601e+01,2.254330829958047389e+01,2.353035733133644314e+01,2.985336007847196171e+01,2.567512419078478558e+01,1.933717236134385331e+01,1.109269953750010451e+01,2.908623539590552198e+01,4.661992567310002045e+01,5.688337100261590251e+01,2.919610371959720752e+01,3.509712563857856349e+00,1.275200938065412792e+01,2.941662432501164304e+01,3.267528048445906563e+01,4.650397402840475536e+00,2.611186789087010851e+01,4.366175200692109826e+01,1.902510102046932872e+01,1.469776431409514039e+01,2.937992033889670296e+01,5.559743714236901724e+00,3.483407188278548006e+01,3.200373060921063484e+01,1.220708864432352314e+01,2.274608656135183438e+01,3.700974899368399207e+01,4.612786046146630525e+01,2.058505567059819441e+01
4.257550765301576234e+01,4.494734718076418289e+01,3.972444280413125028e+01,1.699408414877563089e+01,1.905215726522483166e+01,2.964396113024185553e+01,4.794770139604476356e+01,0.000000000000000000e+00,2.608240031690750982e+01,5.565395145204276695e+00,4.072344909920433764e+01,4.815212780752207067e+01,2.522730402376171455e+01,5.011323456165420254e+01,2.614973549905150563e+01,2.894296947657666408e+01,4.669856944635350970e+01,4.240584592729523905e+01,2.510529685934227828e+01,2.579388013512598121e+01,9.790850943023031050e+00,3.165029127512168117e+01,4.774095923896748417e+01,4.191699537907756223e+01,5.250295881844926527e+01,5.286447734518038288e+01,3.698052256922352399e+01,1.129058012247833886e+01,2.522730402376171455e+01,4.767616845996703745e+01,1.627424726472905192e+01,5.086189854744070971e+01,3.287907170625909714e+01,2.648185126019545521e+01,2.791385922065359182e+01,2.672661517533889963e+01,4.995050691603220372e+01,3.690784709429406973e+01,1.907434523868234777e+01,2.261197126405327396e+01,3.791449112619802264e+01,5.672590814597787556e+01,5.044988898191625282e+01,3.677360108939606675e+01,4.822259531715528880e+01,3.360299957700370044e+01,4.999383205250470752e+01,2.736484967082212094e+01,9.790850943023023945e+00,2.913457314227423467e+01,4.003448458807847032e+01,4.412920281148592494e+01,4.762427237235522171e+01,3.867796875532115308e+01,3.665930136010580753e+01,3.840187896115630650e+01,2.590250773734739198e+01,3.385857717899954622e+01,5.260814475038899474e+01,4.166886603879254380e+01
5.198789763818913201e+01,3.192159007041006191e+01,3.715156241497866318e+01,3.841502679560951350e+01,4.060559671582451102e+01,3.603129614566352057e+00,3.786753520778781734e+01,2.608240031690750982e+01,0.000000000000000000e+00,2.474048535661378878e+01,2.859480611608538325e+01,3.382904889363769740e+01,3.362513047350494588e+01,5.437607687841327220e+01,8.829147907801623063e+00,3.059939067974298510e+01,2.865040412535568137e+01,5.052087487107890951e+01,6.039107429531652471e+00,4.701867317702539850e+01,3.256270813061486535e+01,1.111496253736434880e+01,3.889835141934837992e+01,5.096709674160027959e+01,5.424557479775953794e+01,5.789155474715720118e+01,4.198874486968775699e+01,3.051312128204621388e+01,3.362513047350494588e+01,3.945068812300131356e+01,3.113456479972665747e+01,3.265745640163633823e+01,3.678062380808764686e+01,1.637695646306839592e+01,3.721157076852951207e+01,1.303622967498241181e+01,3.000484347531569540e+01,2.987095121154972333e+01,2.289619597945410234e+01,9.537758412291296395e+00,5.907480166325743198e+01,5.939430113628561969e+01,4.129247701561436656e+01,3.286656488445673574e+01,5.379905926515277770e+01,8.823544570242722429e+00,3.741012879893528265e+01,3.345805663261199925e+01,1.640166932049584503e+01,2.241284849395246326e+01,3.877991220394963534e+01,5.077347306083295564e+01,4.062419813225889698e+01,4.947498027584392588e+01,4.633919703298943915e+01,2.566297829583949053e+01,2.636941526325822949e+01,4.687254541281319575e+01,6.491625934055902292e+01,4.397907721729227859e+01
3.762363843285098852e+01,4.001239529653078364e+01,3.418462485651388505e+01,1.451943855480591417e+01,1.673481927966648897e+01,2.833954902615148441e+01,4.269557763628447589e+01,5.565395145204276695e+00,2.474048535661378878e+01,0.000000000000000000e+00,3.579250909327390673e+01,4.329753988573324364e+01,1.981341762115297556e+01,4.475561824688269752e+01,2.668676982833712685e+01,2.338513836979273108e+01,4.238020425755334486e+01,3.729933268655425138e+01,2.253066912054690363e+01,2.350945370440237170e+01,7.902085469932603523e+00,2.845738279104578794e+01,4.240499675228849696e+01,3.691031940578336190e+01,4.702425553743920261e+01,4.758311057795003052e+01,3.154602933240800056e+01,7.206959189414821054e+00,1.981341762115297556e+01,4.230282188595175796e+01,1.128765046617907508e+01,4.647894460622950419e+01,2.735277588133687487e+01,2.207066839862859808e+01,2.265125677977583152e+01,2.285599852414681266e+01,4.588523967582109009e+01,3.161800910318341096e+01,1.366647430772662908e+01,2.339067158950996728e+01,3.581643500839813754e+01,5.131323120351402167e+01,4.510612815134145848e+01,3.130360393854789436e+01,4.294534297422734426e+01,3.129360557879136806e+01,4.492657930225806240e+01,2.185827048574373777e+01,1.009993638540142946e+01,2.408834379437051609e+01,3.447276398387725749e+01,3.889984747203205018e+01,4.218574758684263770e+01,3.384981726345490927e+01,3.164091999267823851e+01,3.360838660743141304e+01,2.042544781145965516e+01,2.929237794338630252e+01,4.822842837935398563e+01,3.615340561182600965e+01
3.599526152063343432e+01,4.224522534714578725e+00,1.445533365701595230e+01,4.148078661053828142e+01,4.288767816604344318e+01,2.901465720539251691e+01,9.284348395396531117e+00,4.072344909920433764e+01,2.859480611608538325e+01,3.579250909327390673e+01,0.000000000000000000e+00,7.566763364195442598e+00,2.582354664745433936e+01,3.270111915914964840e+01,3.741391436133356763e+01,1.808957821874088623e+01,1.036986154584629105e+01,3.360668663979244997e+01,2.311180189382906036e+01,4.655794558250777726e+01,4.011723174784300028e+01,1.799580964820771811e+01,1.053222318703413762e+01,3.489647204969926975e+01,3.043378900136952936e+01,3.622474795813490545e+01,2.505966177565179720e+01,3.599943252505858027e+01,2.582354664745433936e+01,1.126948602860209547e+01,3.202160486211539592e+01,1.302962157628679840e+01,2.161289728422569567e+01,1.495654820973798671e+01,2.773019955416259563e+01,1.665473234058389451e+01,1.501888250753862053e+01,7.204047402837760572e+00,2.272275323770250210e+01,3.743891080121326809e+01,5.547133028713653147e+01,3.552701404713014455e+01,1.274974185292325579e+01,1.144682573521607871e+01,3.346894387314299024e+01,2.355536668388370458e+01,9.507303952080663478e+00,2.328476337460930168e+01,3.540198357683957653e+01,1.174985315243575457e+01,1.667923114271071228e+01,3.227513150869692993e+01,1.290608676415487466e+01,3.575966033267350497e+01,3.255618521753993377e+01,2.936536862894459254e+00,1.756402385962541857e+01,3.655797232339480018e+01,4.909532435850679377e+01,2.335092359979499577e+01
4.079405466890846554e+01,3.510483601324143610e+00,1.904347971011439000e+01,4.890969047049919283e+01,5.025626590432067786e+01,3.358328891217104939e+01,7.901192135155254981e+00,4.815212780752207067e+01,3.382904889363769740e+01,4.329753988573324364e+01,7.566763364195442598e+00,0.000000000000000000e+00,3.285257239693031295e+01,3.560826512085228757e+01,4.260666989843382169e+01,2.507304743271673786e+01,7.817512814864628901e+00,3.827013822834707213e+01,2.889777557971394373e+01,5.366547084627329411e+01,4.768029484134443408e+01,2.274863729162897741e+01,1.009923746486214036e+01,3.973463509164543694e+01,3.236065204955274766e+01,3.891820599965832628e+01,3.036934132143747789e+01,4.355480347573516298e+01,3.285257239693031295e+01,1.120208764022816261e+01,3.949487348132674214e+01,7.783641199931662591e+00,2.772525268968093570e+01,2.200265639518683258e+01,3.442633733429715903e+01,2.310899998122127741e+01,1.144643069957938231e+01,1.380521443477572596e+01,3.028951593292041267e+01,4.310417652501506325e+01,6.206855304076390212e+01,3.709395810794331538e+01,1.080465984117017797e+01,1.730288375333685735e+01,3.691983618174106141e+01,2.735657000681451834e+01,4.301399246906838947e+00,3.017008349337874407e+01,4.241015672662747704e+01,1.930587206453648008e+01,2.113602043731244962e+01,3.650392910971765303e+01,1.341229614178820917e+01,4.117327713726879068e+01,3.813312076019961694e+01,9.766208838270358683e+00,2.499237096485954268e+01,4.265514383637823670e+01,5.337981910369355631e+01,2.753746033351472278e+01
1.899296568385152284e+01,2.936353654419218628e+01,1.723841609440986389e+01,1.726125412734021225e+01,1.810042027716197310e+01,3.650773815934520883e+01,2.899943470483594155e+01,2.522730402376171455e+01,3.362513047350494588e+01,1.981341762115297556e+01,2.582354664745433936e+01,3.285257239693031295e+01,0.000000000000000000e+00,2.495422139670184336e+01,3.974348153196056188e+01,7.779680123053832830e+00,3.554810037413606238e+01,1.810712506650351017e+01,2.832685313245047709e+01,2.081626431153364365e+01,1.909967435916133027e+01,3.005343491539332845e+01,2.786885094241615946e+01,1.809279235735946401e+01,2.731370463847477481e+01,2.786334799425904407e+01,1.175480090254125898e+01,1.514285008770973207e+01,0.000000000000000000e+00,2.735388386858533849e+01,9.594174988790868497e+00,3.877353485820531631e+01,8.161625504638534423e+00,2.006127606839195110e+01,3.602685855785427105e+00,2.335092359979499577e+01,4.005090863406262258e+01,1.905226259657251475e+01,1.080843739358472533e+01,3.746196426070976315e+01,2.995968016609486639e+01,3.150467200633492837e+01,3.028052970376959152e+01,1.625036336551175253e+01,2.324555626950080622e+01,3.560837342757285739e+01,3.267277556047243081e+01,2.939629207616483608e+00,2.684938365328573795e+01,1.649099614838766570e+01,1.665473234058389451e+01,1.932256020355440285e+01,2.643440490019130706e+01,1.597563089966822680e+01,1.303484223835345368e+01,2.512556509826132967e+01,9.302500217770695912e+00,1.341258350515137998e+01,3.139504326719379890e+01,1.665473234058389451e+01
1.137048944829376929e+01,3.338610003534529369e+01,1.860246328661287407e+01,3.867218742352562089e+01,3.835113401173289560e+01,5.640287155195851199e+01,2.793107094077427277e+01,5.011323456165420254e+01,5.437607687841327220e+01,4.475561824688269752e+01,3.270111915914964840e+01,3.560826512085228757e+01,2.495422139670184336e+01,0.000000000000000000e+00,6.199091235544018019e+01,2.413538852072991148e+01,4.234128613178862111e+01,9.575578772632914237e+00,4.839425378173719849e+01,3.679690228071695657e+01,4.294387267580219003e+01,4.691661634094297284e+01,2.571862055502700528e+01,1.109530893036154175e+01,5.265146928130741699e+00,3.601678510949720469e+00,1.336956358908378029e+01,3.947179966210574520e+01,2.495422139670184336e+01,2.461316909605634962e+01,3.400758219725388898e+01,4.338725916967654683e+01,1.828328714295274082e+01,3.815234717328876002e+01,2.224624641618931165e+01,4.170383029871063485e+01,4.672159245334057687e+01,2.684250855815202286e+01,3.408768578143944694e+01,6.036901763470763171e+01,3.820717880419876167e+01,6.878904926733824254e+00,2.614513601071826798e+01,2.264508830995203681e+01,2.935304344905742102e+00,5.310664824159155728e+01,3.250279276871045653e+01,2.324173032464733879e+01,5.133703735799551282e+01,3.222979446918974133e+01,1.648835467615212380e+01,6.792594410859980059e+00,2.240419541930917546e+01,1.511371967051491971e+01,1.499050473662411420e+01,3.434000288566581816e+01,2.843384145594547974e+01,2.042058738593147993e+01,1.920031328744791566e+01,1.042387063616796716e+01
5.859515287029064012e+01,4.074727497254745856e+01,4.537420171660205881e+01,4.116467058061595452e+01,4.338741136587948688e+01,9.536579844734632161e+00,4.667980496565208881e+01,2.614973549905150563e+01,8.829147907801623063e+00,2.668676982833712685e+01,3.741391436133356763e+01,4.260666989843382169e+01,3.974348153196056188e+01,6.199091235544018019e+01,0.000000000000000000e+00,3.790902664818312928e+01,3.715698091414406434e+01,5.736197964840452812e+01,1.452197815061009578e+01,5.011187029161566642e+01,3.449734947648357064e+01,1.985905720466691449e+01,4.767570526108688256e+01,5.762704928487335820e+01,6.223377328976516054e+01,6.543703984166954513e+01,4.918860980331153598e+01,3.346962483452507797e+01,3.974348153196056188e+01,4.820442409590163635e+01,3.542647624553074337e+01,4.105487996728915334e+01,4.399030751047006760e+01,2.461324204990741293e+01,4.333702990656001219e+01,2.151855079258934822e+01,3.811325460465761239e+01,3.839905756954744476e+01,2.897598252953371656e+01,3.603575239304028344e+00,6.240318253825819994e+01,6.732164723821755103e+01,5.009343189865980861e+01,4.113513465897633381e+01,6.118381300226178610e+01,1.634337989065656416e+01,4.622872276461020391e+01,4.006754490552742709e+01,1.673483301251664201e+01,3.059967563048848760e+01,4.687534898186379451e+01,5.790514643230362424e+01,4.932010080087925985e+01,5.571638232525120316e+01,5.274094261254418115e+01,3.448002741700083362e+01,3.360628813435526041e+01,5.250904584830983879e+01,7.110568724637960258e+01,5.169223795457060078e+01
2.181592985483127478e+01,2.158411257988131027e+01,1.087548477063374541e+01,2.445704663256069011e+01,2.554505921470769181e+01,3.296321440716272377e+01,2.149663460598827669e+01,2.894296947657666408e+01,3.059939067974298510e+01,2.338513836979273108e+01,1.808957821874088623e+01,2.507304743271673786e+01,7.779680123053832830e+00,2.413538852072991148e+01,3.790902664818312928e+01,0.000000000000000000e+00,2.798559116865480689e+01,2.008847713603541507e+01,2.476047352486222408e+01,2.859364416989994950e+01,2.490934601019039718e+01,2.480095163590322116e+01,2.055576656727588158e+01,2.074094706570274482e+01,2.498829220355948166e+01,2.754056750084953364e+01,1.139010068214301974e+01,2.069108587769366281e+01,7.779680123053832830e+00,2.016100069641828796e+01,1.561799943041407879e+01,3.108380767212710438e+01,6.189382694655717110e+00,1.502037782246676834e+01,9.787062849704449619e+00,1.860480460443831063e+01,3.254781588811342630e+01,1.127527138754155622e+01,1.051214500443568056e+01,3.623363523604160719e+01,3.745717804769773807e+01,2.984678307489182814e+01,2.309169047198983549e+01,8.813316322129738367e+00,2.328281472994008539e+01,3.078364779214297187e+01,2.498829220355948522e+01,5.213849516872808287e+00,2.790588754215732692e+01,1.000753868562643056e+01,1.110053552866554227e+01,2.017653053804244223e+01,1.953809993184038163e+01,2.006123068149762645e+01,1.673458711145854849e+01,1.757518010862290225e+01,4.304557670371693234e+00,1.933864914455081063e+01,3.513442582654183610e+01,1.405018467588088882e+01
4.631328341514169011e+01,8.998702224040513897e+00,2.461331593239987470e+01,5.017521173872648887e+01,5.177606236392508521e+01,2.776445404659747851e+01,1.544240179738541485e+01,4.669856944635350970e+01,2.865040412535568137e+01,4.238020425755334486e+01,1.036986154584629105e+01,7.817512814864628901e+00,3.554810037413606238e+01,4.234128613178862111e+01,3.715698091414406434e+01,2.798559116865480689e+01,0.000000000000000000e+00,4.389501113014109990e+01,2.457968745173594982e+01,5.599266859875864810e+01,4.782852494172729507e+01,1.767375227563222850e+01,1.754160350846538208e+01,4.521912637531743684e+01,3.950610351194141856e+01,4.577161639777165902e+01,3.542161227065943763e+01,4.392789182579262075e+01,3.554810037413606238e+01,1.860207471914143795e+01,4.064143970213100943e+01,4.223559680574818564e+00,3.193079397327715085e+01,2.031040004639802277e+01,3.775113939404078423e+01,2.016981520869197908e+01,4.650591510162764841e+00,1.754242812213916736e+01,3.057814284138751404e+01,3.816656696096306689e+01,6.543709715680368788e+01,4.439543486198247990e+01,1.856287934270226359e+01,2.181493216433004179e+01,4.336600097104784624e+01,2.113951148561360327e+01,1.209364655547276612e+01,3.319560471351712039e+01,3.969110875537221972e+01,1.984232498832560410e+01,2.682474383486928105e+01,4.245019624500093158e+01,2.073920018499923046e+01,4.612945044879323575e+01,4.292214891120178066e+01,1.042456489924256680e+01,2.669218462732716191e+01,4.682917423702171789e+01,5.932363652685499034e+01,3.346894387314298314e+01
2.606445425400425897e+00,3.542138220347734290e+01,1.933780372222667054e+01,2.962245411374700765e+01,2.911727094972621543e+01,5.301139861470469583e+01,3.138977834492219898e+01,4.240584592729523905e+01,5.052087487107890951e+01,3.729933268655425138e+01,3.360668663979244997e+01,3.827013822834707213e+01,1.810712506650351017e+01,9.575578772632914237e+00,5.736197964840452812e+01,2.008847713603541507e+01,4.389501113014109990e+01,0.000000000000000000e+00,4.478189702182354637e+01,2.724154314198554516e+01,3.448352930862896670e+01,4.470988038108322371e+01,2.935430434998178839e+01,1.756208340553932823e+00,1.429397423821115787e+01,1.109400390867664754e+01,8.998853157974245676e+00,3.135610824172914590e+01,1.810712506650351017e+01,2.834718634283702343e+01,2.613190822689318438e+01,4.578667069629157993e+01,1.395279701915348980e+01,3.508775241473484385e+01,1.478222561098824883e+01,3.868196394347470601e+01,4.850385719890806513e+01,2.672135977380678540e+01,2.849060024048328899e+01,5.530457452814836472e+01,2.909629411024837609e+01,1.629923693296639087e+01,3.058502075449763424e+01,2.228047097748434524e+01,6.794259480935987305e+00,5.078106686478299991e+01,3.601835400824155187e+01,1.730801777986400580e+01,4.494435179302095662e+01,2.969924790707009876e+01,1.717029796972935074e+01,2.936845386416779835e+00,2.635824601456206651e+01,5.550921257869339875e+00,5.875543960453818215e+00,3.449719728830690713e+01,2.419055210242996523e+01,1.087949279469624209e+01,1.556728239986332873e+01,1.080616543467805357e+01
4.633707227174478760e+01,2.668471087344923021e+01,3.111498544332416927e+01,3.509316289436852543e+01,3.721353789636169296e+01,8.246272902840274810e+00,3.231552451066405496e+01,2.510529685934227828e+01,6.039107429531652471e+00,2.253066912054690363e+01,2.311180189382906036e+01,2.889777557971394373e+01,2.832685313245047709e+01,4.839425378173719849e+01,1.452197815061009578e+01,2.476047352486222408e+01,2.457968745173594982e+01,4.478189702182354637e+01,0.000000000000000000e+00,4.331635217384772574e+01,2.996273702121957427e+01,7.159288626241308684e+00,3.322110420684241916e+01,4.529811426758810455e+01,4.821017589679986060e+01,5.192213972448473669e+01,3.614348989994446271e+01,2.729419186384020790e+01,2.832685313245047709e+01,3.371980686337511202e+01,2.699762253067020978e+01,2.874763335317313206e+01,3.094985607346773904e+01,1.033899240430237754e+01,3.186959081750700662e+01,7.030272704171465215e+00,2.668471087344923021e+01,2.390863882781508920e+01,1.784318868838523642e+01,1.433055498016858920e+01,5.509487204881276767e+01,5.336267326753258544e+01,3.568536036544129075e+01,2.683271531927567821e+01,4.787366702476057867e+01,8.789804741514158692e+00,3.222318812612615346e+01,2.790808901992867774e+01,1.627001679047039318e+01,1.637428097049025411e+01,3.274144834460967957e+01,4.492981539803667346e+01,3.480245932842263556e+01,4.399289136864514660e+01,4.079946469626484884e+01,2.017864761834064424e+01,2.059140647978327365e+01,4.170110757289848635e+01,5.940286246597960940e+01,3.798593742056006306e+01
2.588338355660321710e+01,5.017214292363349415e+01,3.714884093189446190e+01,8.999360304551363043e+00,6.809437987306915296e+00,5.049911382427892192e+01,4.957122001247919485e+01,2.579388013512598121e+01,4.701867317702539850e+01,2.350945370440237170e+01,4.655794558250777726e+01,5.366547084627329411e+01,2.081626431153364365e+01,3.679690228071695657e+01,5.011187029161566642e+01,2.859364416989994950e+01,5.599266859875864810e+01,2.724154314198554516e+01,4.331635217384772574e+01,0.000000000000000000e+00,1.609525101692101501e+01,4.738419855740352915e+01,4.825678328304478981e+01,2.585948789770435496e+01,4.118023575060239239e+01,3.810388567312734409e+01,2.772839600257879411e+01,1.667923114271071228e+01,2.081626431153364365e+01,4.762491010487555343e+01,1.649343435404436775e+01,5.940630029449857119e+01,2.728423320189140711e+01,3.814686748126830906e+01,1.976403963889055149e+01,4.066538179484045656e+01,6.037274295307467753e+01,3.986818615713510638e+01,2.677957957564591496e+01,4.688047947530457549e+01,1.230709296331105307e+01,4.353228040026046131e+01,5.050044697650656644e+01,3.690486615913303581e+01,3.403127026817158196e+01,5.185764424412533202e+01,5.341451397106398247e+01,2.357171270098934457e+01,3.360809173440952691e+01,3.630909857923218453e+01,3.599943252505858027e+01,3.001953181824351091e+01,4.641530460827817706e+01,2.178043044923385452e+01,2.203440538372642621e+01,4.563778960621566938e+01,2.930104078875613283e+01,1.637713931620445607e+01,3.081918094118657692e+01,3.321258889454338004e+01
3.427952734359149645e+01,4.424591151212685247e+01,3.566296245792849362e+01,7.207086701672801965e+00,9.303877627827295882e+00,3.615260710407174827e+01,4.587131336019340466e+01,9.790850943023031050e+00,3.256270813061486535e+01,7.902085469932603523e+00,4.011723174784300028e+01,4.768029484134443408e+01,1.909967435916133027e+01,4.294387267580219003e+01,3.449734947648357064e+01,2.490934601019039718e+01,4.782852494172729507e+01,3.448352930862896670e+01,2.996273702121957427e+01,1.609525101692101501e+01,0.000000000000000000e+00,3.539955613951843105e+01,4.521978271803729399e+01,3.375247434937416102e+01,4.599376455720011592e+01,4.535455065350729598e+01,3.045980947996988064e+01,4.237128035276057858e+00,1.909967435916133027e+01,4.493176736926098869e+01,9.537758412291296395e+00,5.177060931038356983e+01,2.725159946879287531e+01,2.783217853985432910e+01,2.090657242208304112e+01,2.929390949168842440e+01,5.167092382965108754e+01,3.488148234351822907e+01,1.742578376271868379e+01,3.113456479972665747e+01,2.832814639325874140e+01,4.975293329694541455e+01,4.783941562342848641e+01,3.358116808565989686e+01,4.075165990109428549e+01,3.875211768384571087e+01,4.870938122724297870e+01,2.178849016034184061e+01,1.779117988555809404e+01,2.845433727366582843e+01,3.545433303836046690e+01,3.654848535029329781e+01,4.443368360470996947e+01,3.019185517231305127e+01,2.861495881950445863e+01,3.831074394794895710e+01,2.313705629064740776e+01,2.502515857028569002e+01,4.337642905244967295e+01,3.566296245792849362e+01
4.657329624329526752e+01,2.100839188121994283e+01,2.867281739910875160e+01,3.974250848773356637e+01,4.174536790812362597e+01,1.103177820548636667e+01,2.725530236795252748e+01,3.165029127512168117e+01,1.111496253736434880e+01,2.845738279104578794e+01,1.799580964820771811e+01,2.274863729162897741e+01,3.005343491539332845e+01,4.691661634094297284e+01,1.985905720466691449e+01,2.480095163590322116e+01,1.767375227563222850e+01,4.470988038108322371e+01,7.159288626241308684e+00,4.738419855740352915e+01,3.539955613951843105e+01,0.000000000000000000e+00,2.849722069860202112e+01,4.548539427576100280e+01,4.596854164346700600e+01,5.051166063079176638e+01,3.576090488406906331e+01,3.224504638507391974e+01,3.005343491539332845e+01,2.916197726069251317e+01,3.089374300279533259e+01,2.177671803534446937e+01,3.078327806519197907e+01,1.000753868562642346e+01,3.335846228542141745e+01,6.809034847679431124e+00,1.954491977758809540e+01,2.068772557613300123e+01,2.074217621729105332e+01,2.054866444222506416e+01,5.865372361913425436e+01,5.117903271682902755e+01,3.073987802687507198e+01,2.441590609474261697e+01,4.682917423702171789e+01,6.190118199403214838e+00,2.643162675923728244e+01,2.894266235468726123e+01,2.325822200866334910e+01,1.502037782246675945e+01,3.059218884324660337e+01,4.438808710651503731e+01,3.056956261070966718e+01,4.480952353303361235e+01,4.150033816374516249e+01,1.512999532159506444e+01,2.117078770524781461e+01,4.336600097104784624e+01,5.992908519530364941e+01,3.655797232339479308e+01
3.194380569459493913e+01,8.785387488298484371e+00,1.126948602860210080e+01,4.497375705135367241e+01,4.595282128224571494e+01,3.949155966672186224e+01,2.223897485694760867e+00,4.774095923896748417e+01,3.889835141934837992e+01,4.240499675228849696e+01,1.053222318703413762e+01,1.009923746486214036e+01,2.786885094241615946e+01,2.571862055502700528e+01,4.767570526108688256e+01,2.055576656727588158e+01,1.754160350846538208e+01,2.935430434998178839e+01,3.322110420684241916e+01,4.825678328304478981e+01,4.521978271803729399e+01,2.849722069860202112e+01,0.000000000000000000e+00,3.094105350357874684e+01,2.228037967775180661e+01,2.894253705828150203e+01,2.238539969336465418e+01,4.098281809854978519e+01,2.786885094241615946e+01,1.111948742847380434e+00,3.612978690795426928e+01,1.784292152500963979e+01,2.106908609172454305e+01,2.405007934030106398e+01,2.849722069860202467e+01,2.643440490019130351e+01,2.151625421434109953e+01,1.086748650803742855e+01,2.874415087280383219e+01,4.746102601288178846e+01,5.525148193149846776e+01,2.699573062047942784e+01,2.715209430968854587e+00,1.174245047295893407e+01,2.723407398842266147e+01,3.408287891667576730e+01,6.808435660175018000e+00,2.494956922328919902e+01,4.388771432213571444e+01,1.915463883412952129e+01,1.290608676415488176e+01,2.728520548712816307e+01,3.335846228542140857e+00,3.293666411821633488e+01,3.017428064243947716e+01,1.336739815116050245e+01,2.219585217382097042e+01,3.529983739202641146e+01,4.398745764083447085e+01,1.856375491465978200e+01
1.111948742847380434e+00,3.683180396268340928e+01,2.074024703890685473e+01,2.863877297402806121e+01,2.802783040604041531e+01,5.354078464156249595e+01,3.295356600749286713e+01,4.191699537907756223e+01,5.096709674160027959e+01,3.691031940578336190e+01,3.489647204969926975e+01,3.973463509164543694e+01,1.809279235735946401e+01,1.109530893036154175e+01,5.762704928487335820e+01,2.074094706570274482e+01,4.521912637531743684e+01,1.756208340553932823e+00,4.529811426758810455e+01,2.585948789770435496e+01,3.375247434937416102e+01,4.548539427576100280e+01,3.094105350357874684e+01,0.000000000000000000e+00,1.594444286106055664e+01,1.227862240256499149e+01,1.000753868562642701e+01,3.077190058874311518e+01,1.809279235735946401e+01,2.994601345057550645e+01,2.566948966635069951e+01,4.720134510153448559e+01,1.470886619996587008e+01,3.576090488406907042e+01,1.463817209700810551e+01,3.934088905857412755e+01,4.984180924960552517e+01,2.793133004729042668e+01,2.867665482095205576e+01,5.547929140897455369e+01,2.738080799314264624e+01,1.769356355870550956e+01,3.222574984498854178e+01,2.350863834793952734e+01,8.229083144667836081e+00,5.151339304227337124e+01,3.757025079021197911e+01,1.757611060059151953e+01,4.482941277148240289e+01,3.051132638716040901e+01,1.860324183517306906e+01,4.644586021741734072e+00,2.798235445711852520e+01,4.079057448470499558e+00,5.269400319619063744e+00,3.568605849476651315e+01,2.473550111662575901e+01,9.584858458858928287e+00,1.451910840459459529e+01,1.237729880586365105e+01
1.636538995024388399e+01,3.051002057481041518e+01,1.730160395954393948e+01,4.229765200688559190e+01,4.218056335851660776e+01,5.597997460071560027e+01,2.450051916081054770e+01,5.250295881844926527e+01,5.424557479775953794e+01,4.702425553743920261e+01,3.043378900136952936e+01,3.236065204955274766e+01,2.731370463847477481e+01,5.265146928130741699e+00,6.223377328976516054e+01,2.498829220355948166e+01,3.950610351194141856e+01,1.429397423821115787e+01,4.821017589679986060e+01,4.118023575060239239e+01,4.599376455720011592e+01,4.596854164346700600e+01,2.228037967775180661e+01,1.594444286106055664e+01,0.000000000000000000e+00,7.203169140227601908e+00,1.559158067962148841e+01,4.229118190567841395e+01,2.731370463847477481e+01,2.117060576182695542e+01,3.674316992971799323e+01,4.012215664853727048e+01,1.977650423638550592e+01,3.787224243608967100e+01,2.508766256077508316e+01,4.131276529475093895e+01,4.370485008322866349e+01,2.537768482662878000e+01,3.538069667369005344e+01,6.089292427530763518e+01,4.326767774609999861e+01,5.210896305343342583e+00,2.228036956452709560e+01,2.158659227835749306e+01,8.117163086442626962e+00,5.212805280467814839e+01,2.891066731403189749e+01,2.517766278314936912e+01,5.280193464068117493e+01,3.184164253563611169e+01,1.549183201723904446e+01,1.136667106905457203e+01,1.895182281045467221e+01,1.981858929751511766e+01,1.915232235532974414e+01,3.241623604570003181e+01,2.915973172712606143e+01,2.486489378024440455e+01,2.418962880228558276e+01,1.101360879118399261e+01
1.222816985889757113e+01,3.679470141754414669e+01,2.219187396717826743e+01,4.069990132570000441e+01,4.021089662898206285e+01,5.995427555699836830e+01,3.116416037848194520e+01,5.286447734518038288e+01,5.789155474715720118e+01,4.758311057795003052e+01,3.622474795813490545e+01,3.891820599965832628e+01,2.786334799425904407e+01,3.601678510949720469e+00,6.543703984166954513e+01,2.754056750084953364e+01,4.577161639777165902e+01,1.109400390867664754e+01,5.192213972448473669e+01,3.810388567312734409e+01,4.535455065350729598e+01,5.051166063079176638e+01,2.894253705828150203e+01,1.227862240256499149e+01,7.203169140227601908e+00,0.000000000000000000e+00,1.652788972525041089e+01,4.203802748826740299e+01,2.786334799425904407e+01,2.783186161627146049e+01,3.665337337995002542e+01,4.670184719958999153e+01,2.158157281247805059e+01,4.170243812135358041e+01,2.495189470155085232e+01,4.526204412489482820e+01,5.011136137340537289e+01,3.043451658213849598e+01,3.732934941889276814e+01,6.375733366362357657e+01,3.837157168579847166e+01,5.868148841226999757e+00,2.919617317871844975e+01,2.624624236530342003e+01,4.641955018689524870e+00,5.670149721077817162e+01,3.568583041351229923e+01,2.634119752064182762e+01,5.447061363641302023e+01,3.579794339220278232e+01,2.008622188693767185e+01,8.806837322593356276e+00,2.561084224273339416e+01,1.634509383456977005e+01,1.690291520897175559e+01,3.790653495591188715e+01,3.184484351605317087e+01,2.186171856032953187e+01,1.720979731625316234e+01,1.399057070181040885e+01
