0.000000000000000000e+00,6.494992991708038232e+01,9.783522284582225836e+00,2.182074803098096893e+01,6.187626351569940120e+00,3.310471314466116866e+01,4.359089857160871873e+01,1.554815949475572445e+01,4.480847144110170177e+01,4.303503591936417649e+01,1.909723125588336146e+01,2.087338232554243689e+01,5.836230702961199768e+01,4.909507567974558384e+01,4.393389047801398561e+01,5.337064877252834805e+01,3.814785297948797904e+01,3.706561608119805840e+01,1.445533365701594875e+01,5.379160883106334978e+01,3.255414090693187745e+01,5.005611381674673765e+01,2.928003965160811006e+01,1.689889704124552594e+01,4.909507567974558384e+01,5.211069214809963768e+00,4.377261607664787135e+01,4.075637631184095255e+01,2.857157274888364284e+01,2.874415087280383219e+01,2.106908609172454305e+01,2.006108394390999905e+01,2.079244839189860983e+01,1.378619765169393219e+01,3.836725079669921001e+01,5.434362625907360922e+01,4.999973996598377823e+01,3.579284348825583351e+01,2.112985386769825880e+01,7.817252921083804651e+00,4.359089857160871873e+01,4.978910208621719136e+01,3.887027189571773533e+01,2.668221799252307491e+01,6.200033435335182475e+01,5.414254222192830213e+01,5.306435576395908527e+01,4.534972569890638994e+01,2.790340353595291489e+01,2.065642380381379084e+01,2.721146340312849787e+01,4.670864364111502454e+01,2.684190229053067256e+01,1.036933907239664521e+01,4.812141087459172439e+01,3.346883588872683646e+01,5.940930453118165389e+01,3.652121838286259958e+01,3.657459140521613250e+01,4.647405120112801313e+01
6.494992991708038232e+01,0.000000000000000000e+00,7.417619848688659090e+01,5.931503095663821057e+01,5.914868766216824270e+01,5.293353924436706137e+01,4.789147502687255553e+01,6.684785474970323094e+01,4.084345050580500214e+01,2.265720157237305443e+01,5.107188705460595912e+01,6.351114251651998899e+01,1.000753868562642346e+01,4.231834686865595074e+01,2.672170732094571122e+01,1.304596273412318119e+01,4.850808860043677129e+01,3.615341976902050902e+01,5.576213482468124027e+01,1.771079654135787962e+01,3.949284699347577288e+01,4.512261746528091777e+01,3.622544380629834393e+01,5.226835226014318181e+01,4.231834686865595074e+01,7.001723207333381538e+01,3.162947131296649772e+01,2.691899327733302627e+01,4.787442244958332083e+01,4.581568774811600520e+01,6.610948189159661581e+01,5.167532486947099812e+01,4.415882358825505349e+01,5.138740843467942199e+01,5.750624562126070316e+01,2.055367960128486615e+01,3.568672454279335682e+01,4.148823704673602464e+01,5.732210791765785984e+01,5.739635328021498140e+01,4.345163216779595672e+01,3.679551955102688510e+01,5.399639166393773593e+01,3.969850435612812589e+01,8.831956029287196586e+00,1.139651976284950052e+01,2.893948265575680878e+01,2.919848942130118274e+01,4.254156533458552047e+01,5.534678540723062667e+01,5.044604329510780616e+01,2.149463899132314637e+01,4.304718145653677652e+01,6.053714851629943894e+01,4.088883391881336848e+01,4.523010053339354641e+01,9.604700306678175536e+00,3.450002752468501654e+01,3.580446476211891138e+01,4.114210348535308270e+01
9.783522284582225836e+00,7.417619848688659090e+01,0.000000000000000000e+00,2.448311715120567911e+01,1.596995848836123777e+01,3.685834083327669930e+01,4.807191675767209915e+01,1.510466375329884059e+01,5.421327634303416687e+01,5.256114366842659535e+01,2.861558416639859104e+01,2.185110954009772755e+01,6.716939769406435801e+01,5.839241592572829376e+01,5.370610466099717684e+01,6.287300636822940447e+01,4.268021831815988065e+01,4.421995974178869915e+01,2.370340525802797060e+01,6.350508213235712418e+01,4.227124028308602277e+01,5.918294804816695631e+01,3.888911034927235022e+01,2.646043039217492421e+01,5.839241592572829376e+01,4.650300525351262593e+00,5.352998397737789560e+01,5.046969288151595379e+01,3.412298112778724857e+01,3.484013549508841123e+01,2.085754894837381102e+01,2.941625631072972880e+01,3.011567787671496532e+01,2.345175991763383294e+01,4.085374613495635998e+01,6.410913306098225917e+01,5.632717638350058564e+01,4.199712119328935245e+01,2.468429592865513911e+01,1.757008198016765377e+01,4.888804251743597717e+01,5.596381517656055848e+01,4.217020257777516434e+01,3.511773558043400811e+01,7.155694441222601654e+01,6.318680718370323746e+01,6.281446614421383146e+01,5.284455664883705595e+01,3.762294576369912846e+01,2.508181304453365357e+01,3.221574094070725636e+01,5.639313412798923508e+01,3.657309062022095958e+01,1.895179903889356154e+01,5.750042646660970291e+01,4.279588569813476084e+01,6.895765273000711204e+01,4.408873063334468156e+01,4.632790913496851459e+01,5.207193002759979095e+01
2.182074803098096893e+01,5.931503095663821057e+01,2.448311715120567911e+01,0.000000000000000000e+00,2.214168310679829688e+01,1.244946464288160826e+01,2.380713668339942757e+01,1.008545580445514389e+01,5.435864591291978343e+01,4.170083413674045403e+01,3.200612275338675516e+01,4.304346271453032280e+00,5.049899209019217494e+01,5.900856395384649744e+01,4.670184719958999153e+01,5.078375882661121921e+01,1.855044097881258836e+01,2.411477840560605301e+01,3.016839367600195132e+01,5.399440771670799677e+01,4.040955300590114518e+01,6.087158613817401687e+01,3.125317027170957829e+01,3.017681780915000544e+01,5.900856395384649744e+01,2.334011268335188305e+01,4.922722139930775853e+01,4.227594462503496686e+01,1.207447098740091462e+01,1.379508353970724421e+01,6.896204706401293016e+00,3.368697099779868154e+01,2.289460277826945855e+01,2.251754737081873614e+01,1.667244705218652001e+01,5.586318088048226116e+01,3.368442717419214461e+01,2.005592647017590835e+01,2.223897485694762644e+00,2.179478936701308811e+01,2.521943372556916430e+01,3.311059201894671844e+01,1.769768658159626540e+01,2.130151168669766903e+01,5.940675515308672061e+01,4.793439318487933321e+01,5.788528539218427227e+01,3.275749232652347587e+01,3.657760112572746181e+01,4.447794971389523511e+00,9.528817804027465144e+00,4.701789545630103362e+01,3.553165734528727171e+01,2.915748740429070907e+01,5.757311453657578681e+01,4.477589629514655201e+01,5.688155295684087775e+01,2.513190999457895813e+01,4.303449724572842428e+01,2.862073012201947009e+01
6.187626351569940120e+00,5.914868766216824270e+01,1.596995848836123777e+01,2.214168310679829688e+01,0.000000000000000000e+00,3.191814276479252754e+01,4.155376456781169026e+01,1.856463152480069567e+01,3.901289965924532055e+01,3.703632941292459435e+01,1.334338491416856343e+01,2.239811496005860292e+01,5.289150629682017524e+01,4.338726437266034708e+01,3.774910880911096456e+01,4.737693587407764539e+01,3.621349073714975475e+01,3.311262125854445060e+01,9.300940281967065459e+00,4.764253989823749436e+01,2.646149679034157742e+01,4.449867670827470789e+01,2.323800516335937516e+01,1.111948742847380700e+01,4.338726437266034708e+01,1.138628534722606744e+01,3.762537874441162700e+01,3.461154131295806025e+01,2.621414120954028704e+01,2.592959774607157186e+01,2.328086832316611421e+01,1.451898375133108665e+01,1.512270872593090942e+01,7.774079288088705297e+00,3.787503926669458565e+01,4.816183068296503933e+01,4.648539160986105401e+01,3.264253262912994558e+01,2.087704985160026894e+01,1.755306106899674479e+00,4.095434225437306708e+01,4.639220433515853159e+01,3.780049949416036981e+01,2.182542163416362513e+01,5.595928771224022569e+01,4.850138219450207799e+01,4.692298810821645105e+01,4.099215940770640998e+01,2.181460040971106551e+01,1.978230851706361193e+01,2.536596977102708195e+01,4.058255796618767164e+01,2.073954871222445462e+01,7.019939000565704745e+00,4.234128613178862111e+01,2.779871857118451572e+01,5.337597331329132544e+01,3.223437290012932266e+01,3.043488070235877174e+01,4.355904490980607591e+01
3.310471314466116866e+01,5.293353924436706137e+01,3.685834083327669930e+01,1.244946464288160826e+01,3.191814276479252754e+01,0.000000000000000000e+00,1.139866808114277141e+01,2.246584269660597144e+01,5.695370858816275472e+01,3.929736925305675754e+01,3.864656466148197467e+01,1.596854942767104468e+01,4.333989342297931557e+01,6.151721546029168053e+01,4.613384289888793433e+01,4.672169950689654883e+01,6.388554749922274567e+00,1.690018814062730712e+01,3.828334630618832080e+01,5.131247135275943094e+01,4.337379532379448932e+01,6.379109875323454304e+01,3.255626675770133716e+01,3.727863784487891508e+01,6.151721546029168053e+01,3.536720424921148975e+01,4.993958476284782932e+01,4.148470482365425482e+01,7.822742636085305179e+00,9.788531173704418720e+00,1.808951444810639586e+01,4.040174175577158877e+01,2.671147537312474896e+01,2.962611690622502181e+01,6.899777452095043451e+00,5.380582925992074905e+01,2.257823222422231879e+01,1.144825787395689964e+01,1.224922241889173158e+01,3.106939623917152105e+01,1.339353703443783594e+01,2.182642802176926722e+01,5.884851889313368112e+00,2.116878957685322504e+01,5.475722973148553763e+01,4.194618159983527050e+01,5.757741603663411922e+01,2.419748660135897467e+01,4.048885880190688624e+01,1.244946464288160826e+01,7.031312259227807004e+00,4.499578355376151961e+01,3.960897848591553583e+01,3.862567782856138621e+01,5.990566662528852504e+01,4.908922076294888370e+01,5.242108415098485352e+01,1.895212243789409357e+01,4.493209519693465381e+01,1.690634535492554491e+01
4.359089857160871873e+01,4.789147502687255553e+01,4.807191675767209915e+01,2.380713668339942757e+01,4.155376456781169026e+01,1.139866808114277141e+01,0.000000000000000000e+00,3.385618555150803388e+01,6.027274380192633885e+01,3.915707287571354556e+01,4.596173965216853929e+01,2.735579203494030764e+01,3.790445073593189562e+01,6.460172797674196943e+01,4.720743253020194174e+01,4.440246474861677939e+01,5.451158030912280239e+00,1.564891130365934657e+01,4.661992567310002045e+01,5.010674108081664713e+01,4.765010877721923777e+01,6.715737039457233948e+01,3.637690628659402137e+01,4.498286953241078834e+01,6.460172797674196943e+01,4.630277935939600553e+01,5.194148186576680359e+01,4.267564388249171259e+01,1.535103544961828526e+01,1.598240186839747778e+01,2.941183850548583578e+01,4.768029484134443408e+01,3.309840252493810198e+01,3.781679431331747310e+01,1.120516232028555415e+01,5.307813252303220963e+01,1.339225856343929699e+01,1.128838227344421696e+01,2.338796436106710175e+01,4.045032612713762887e+01,4.447794971389521734e+00,1.238497312427022834e+01,7.786261878846370443e+00,2.568349998830727898e+01,5.143929449455177405e+01,3.790440220148160932e+01,5.831364953656241568e+01,1.895220716399250449e+01,4.569344258983702645e+01,2.317553530990785760e+01,1.638317610597878371e+01,4.479051314423998775e+01,4.499814179905675360e+01,4.783941562342848641e+01,6.289286030358720581e+01,5.415011178482455989e+01,4.939790112143980849e+01,1.825675537570484863e+01,4.823514693417399002e+01,7.207341955702726288e+00
1.554815949475572445e+01,6.684785474970323094e+01,1.510466375329884059e+01,1.008545580445514389e+01,1.856463152480069567e+01,2.246584269660597144e+01,3.385618555150803388e+01,0.000000000000000000e+00,5.586246548182531058e+01,4.737796072930734681e+01,3.110958480980481156e+01,6.797594557054806863e+00,5.859815499666255079e+01,6.042830914788473962e+01,5.093485361057668115e+01,5.715084723068359551e+01,2.863239985524667475e+01,3.308137170773385805e+01,2.778801426077773939e+01,5.940221505935199531e+01,4.227590165608906858e+01,6.189211488851740484e+01,3.513426430452040705e+01,2.896925173938001663e+01,6.042830914788473962e+01,1.513278259981994012e+01,5.242045807768491983e+01,4.686974634048502963e+01,2.150062178850246752e+01,2.283911945795592047e+01,5.874925966213672801e+00,3.255448110958319319e+01,2.589791524012966306e+01,2.240443753876375155e+01,2.585311987345945184e+01,6.080246863770600640e+01,4.358352923262157219e+01,2.963109688974197553e+01,1.102267203953450903e+01,1.904407331947331627e+01,3.528676381641890458e+01,4.305550034690276107e+01,2.741916612702029354e+01,2.735356213098824441e+01,6.592505366426181013e+01,5.547530853556995112e+01,6.153379609685809726e+01,4.186507343528003844e+01,3.790382443116509847e+01,1.229526815699490072e+01,1.914507724351891582e+01,5.222622968557890744e+01,3.679482431074181648e+01,2.511654557054713877e+01,5.918337538350246518e+01,4.521876604786386622e+01,6.333790764906899540e+01,3.366567357997102050e+01,4.561015485159720129e+01,3.866550812385803937e+01
4.480847144110170177e+01,4.084345050580500214e+01,5.421327634303416687e+01,5.435864591291978343e+01,3.901289965924532055e+01,5.695370858816275472e+01,6.027274380192633885e+01,5.586246548182531058e+01,0.000000000000000000e+00,2.443318609708432732e+01,2.571869077432430117e+01,5.692726240348777367e+01,4.178615248672094395e+01,4.650591510162764841e+00,1.595303265244555035e+01,2.875809114979290726e+01,5.698352190488434843e+01,4.481464190204072651e+01,3.051013892192265331e+01,2.314424177755194023e+01,1.395206624494235292e+01,6.892951221113792215e+00,2.441289455148140419e+01,2.793113559793839684e+01,4.650591510162764841e+00,4.959951845521708691e+01,1.008104743746022436e+01,1.913824229906594709e+01,4.914295003021270958e+01,4.719207747758688498e+01,5.883472501028296620e+01,2.479988204853149369e+01,3.149376322821122898e+01,3.346894387314298314e+01,6.379675628857334857e+01,2.066630266261654114e+01,5.554545523282231301e+01,4.909370510556421152e+01,5.222412530861321045e+01,3.783065171332697929e+01,5.689592290544455722e+01,5.624226780140377713e+01,6.162250499350685118e+01,3.580115423794033802e+01,3.295211855007355695e+01,3.647710331941067352e+01,1.343685000749335678e+01,4.607058969327382414e+01,1.799747981401837293e+01,5.009738100007861306e+01,5.051511084298311260e+01,2.113951148561360327e+01,1.909742050324479123e+01,3.542023396926602175e+01,3.335846228542148406e+00,1.144650961046596116e+01,3.136712954943164178e+01,4.225234977829867944e+01,1.209598249166217876e+01,5.717835523974412837e+01
4.303503591936417649e+01,2.265720157237305443e+01,5.256114366842659535e+01,4.170083413674045403e+01,3.703632941292459435e+01,3.929736925305675754e+01,3.915707287571354556e+01,4.737796072930734681e+01,2.443318609708432732e+01,0.000000000000000000e+00,2.842318795136116449e+01,4.548612969790982419e+01,1.920121017813511344e+01,2.786805504699931291e+01,8.786218678614378774e+00,1.034064912820140059e+01,3.721275032936794958e+01,2.369209850678242191e+01,3.311428064257359694e+01,1.230694417214354530e+01,1.781958357324863229e+01,3.074786459115040316e+01,1.381487657156555393e+01,2.961617284010064566e+01,2.786805504699931291e+01,4.820330880650035965e+01,1.450795761254298633e+01,5.555509375905354652e+00,3.227523012612869024e+01,3.005345768696073705e+01,4.795324025783631328e+01,2.907370541178766388e+01,2.252163483631046148e+01,2.927558787135991381e+01,4.548785093751853026e+01,1.451926508658888615e+01,3.194484547857673462e+01,2.897433835598411989e+01,3.950839969844737709e+01,3.530540885836240506e+01,3.516437337108643391e+01,3.276644080364998501e+01,4.256004158120888548e+01,2.042720500557202357e+01,1.900065108126090863e+01,1.379985515747246794e+01,1.920668466069175651e+01,2.242025259541270188e+01,2.017422917406468486e+01,3.731968871545386435e+01,3.447041102826880632e+01,5.723909301078902168e+00,2.056874115873504039e+01,3.794089515404358082e+01,2.612076287780327988e+01,2.447286134032439264e+01,1.639824664803448329e+01,2.114112760097097521e+01,1.500332526638350394e+01,3.463477207692685766e+01
1.909723125588336146e+01,5.107188705460595912e+01,2.861558416639859104e+01,3.200612275338675516e+01,1.334338491416856343e+01,3.864656466148197467e+01,4.596173965216853929e+01,3.110958480980481156e+01,2.571869077432430117e+01,2.842318795136116449e+01,0.000000000000000000e+00,3.353857893755809272e+01,4.662993367955559876e+01,3.005332168697805173e+01,2.669853052157466422e+01,3.838022575003001435e+01,4.119688184154512101e+01,3.355771158427056378e+01,5.211415336179209490e+00,3.714272476699636627e+01,1.399097457804675670e+01,3.116416761770056354e+01,1.559684847523845619e+01,2.223897485694756870e+00,3.005332168697805173e+01,2.397420064209875434e+01,2.537985030427136834e+01,2.458602019101637381e+01,3.136756925498830029e+01,3.016187329333665446e+01,3.499297348883011693e+01,1.755177496003762050e+00,1.301336539434719519e+01,9.492661846856584873e+00,4.536165035402119372e+01,3.701329071527864301e+01,4.711942564850185278e+01,3.526444182758992696e+01,3.017681780915000544e+01,1.230661205756091370e+01,4.409452382030924156e+01,4.734194317472543645e+01,4.430593103537044897e+01,2.113468025184532451e+01,4.639169447152305992e+01,4.158393140854227710e+01,3.453751478494665150e+01,3.951784220148800131e+01,9.492661846856590202e+00,2.840387671643016887e+01,3.161525366591231290e+01,3.057385038244835584e+01,8.604477837231520709e+00,1.042248453557102472e+01,2.903801415615632919e+01,1.445533365701595230e+01,4.392141393604723731e+01,3.177074874949148864e+01,1.824268511325218256e+01,4.588148465975616830e+01
2.087338232554243689e+01,6.351114251651998899e+01,2.185110954009772755e+01,4.304346271453032280e+00,2.239811496005860292e+01,1.596854942767104468e+01,2.735579203494030764e+01,6.797594557054806863e+00,5.692726240348777367e+01,4.548612969790982419e+01,3.353857893755809272e+01,0.000000000000000000e+00,5.476105649208369641e+01,6.156415969947958189e+01,5.011157840631075544e+01,5.475385855157139048e+01,2.227154919516472020e+01,2.841875718466794254e+01,3.108257651146525546e+01,5.774456096824251716e+01,4.303411745762431906e+01,6.329396837599755088e+01,3.447041102826880632e+01,3.156338949561578744e+01,6.156415969947958189e+01,2.144452659644771586e+01,5.233230145089114416e+01,4.577215118413089812e+01,1.637339014223381994e+01,1.809520779301396587e+01,2.606706686275682028e+00,3.514664689159620536e+01,2.571900783190443107e+01,2.418917264683386392e+01,1.905552531640464409e+01,5.949588564834370175e+01,3.778195148180521556e+01,2.431564329285036052e+01,6.189529621230483336e+00,2.238843321065970215e+01,2.910762371607296117e+01,3.717160135809120902e+01,2.068860201132617149e+01,2.506067660216135451e+01,6.342176505520571794e+01,5.212165825753206150e+01,6.115718085660593317e+01,3.705824132370216262e+01,3.898534543156643650e+01,8.245277259945019921e+00,1.381487657156555748e+01,5.069910535514815564e+01,3.790799846956215191e+01,2.935485433671424360e+01,6.018945154121271202e+01,4.692298810821645816e+01,6.088037272598343463e+01,2.941331781172793214e+01,4.591312598920321619e+01,3.255842529350007908e+01
5.836230702961199768e+01,1.000753868562642346e+01,6.716939769406435801e+01,5.049899209019217494e+01,5.289150629682017524e+01,4.333989342297931557e+01,3.790445073593189562e+01,5.859815499666255079e+01,4.178615248672094395e+01,1.920121017813511344e+01,4.662993367955559876e+01,5.476105649208369641e+01,0.000000000000000000e+00,4.424658780745771480e+01,2.608957707523920888e+01,1.346569766928582190e+01,3.868059804360519394e+01,2.678231968649513917e+01,5.085671821267494863e+01,2.034264350259532250e+01,3.702041561924917801e+01,4.717228421378611358e+01,3.110174926090870784e+01,4.747085669534335750e+01,4.424658780745771480e+01,6.325389562953652245e+01,3.180489467987984753e+01,2.454028582555291749e+01,3.875411656311068498e+01,3.679007950223518009e+01,5.736776272532245002e+01,4.752481465642608072e+01,3.777554510336184990e+01,4.528673793095703815e+01,4.766630224622249301e+01,2.381419862053935432e+01,2.571982611268735752e+01,3.194085157656246921e+01,4.860258060127950586e+01,5.114236302888277663e+01,3.346970725704665028e+01,2.682576495801579952e+01,4.413032537228460228e+01,3.210460426714618620e+01,1.564996799391120064e+01,5.452506961087696169e+00,3.204165175846883784e+01,1.934045945383013532e+01,3.913550855175945742e+01,4.673505023145058601e+01,4.135472197459413479e+01,2.070352373838504079e+01,3.940313870390372131e+01,5.525136647322090511e+01,4.262111038002796448e+01,4.360160184528387362e+01,1.465117192057928719e+01,2.539657981383637164e+01,3.405221176717524401e+01,3.113456479972665747e+01
4.909507567974558384e+01,4.231834686865595074e+01,5.839241592572829376e+01,5.900856395384649744e+01,4.338726437266034708e+01,6.151721546029168053e+01,6.460172797674196943e+01,6.042830914788473962e+01,4.650591510162764841e+00,2.786805504699931291e+01,3.005332168697805173e+01,6.156415969947958189e+01,4.424658780745771480e+01,0.000000000000000000e+00,1.913653581401603176e+01,3.091811737930673232e+01,6.142387315602020692e+01,4.907161526383940497e+01,3.471033274758502785e+01,2.470214471215529528e+01,1.860265774693274921e+01,2.934996609028041714e+00,2.896182545114680806e+01,3.227510348819365760e+01,0.000000000000000000e+00,5.380361429991221911e+01,1.337064717757384003e+01,2.283071422838495579e+01,5.371431062337878615e+01,5.174463184346647893e+01,6.345901025964378306e+01,2.903798305032426086e+01,3.614413330093398713e+01,3.802529747954329764e+01,6.834637448618670419e+01,2.178205115744771803e+01,5.942968861498874134e+01,5.347261333668880212e+01,5.687463950260446666e+01,4.225405222820046447e+01,6.114049308940494143e+01,6.016373009838762442e+01,6.612534118434471964e+01,4.035251337755783396e+01,3.400891499691829267e+01,3.908253072055993727e+01,1.363643244821032319e+01,4.991213662231006509e+01,2.260933796747573155e+01,5.474787719410682740e+01,5.511859009801708709e+01,2.394519060611669303e+01,2.370391937218514755e+01,3.950596074623395992e+01,1.755434787623820325e+00,1.562641836248134375e+01,3.272220539385769911e+01,4.649138886753613775e+01,1.659583537766881278e+01,6.130254988487180867e+01
4.393389047801398561e+01,2.672170732094571122e+01,5.370610466099717684e+01,4.670184719958999153e+01,3.774910880911096456e+01,4.613384289888793433e+01,4.720743253020194174e+01,5.093485361057668115e+01,1.595303265244555035e+01,8.786218678614378774e+00,2.669853052157466422e+01,5.011157840631075544e+01,2.608957707523920888e+01,1.913653581401603176e+01,0.000000000000000000e+00,1.379156943848755645e+01,4.478706051461644222e+01,3.157472121506950202e+01,3.184324257287098803e+01,1.054385173631676409e+01,1.337498733585069566e+01,2.203829080211523817e+01,1.580315816794817962e+01,2.840387671643016887e+01,1.913653581401603176e+01,4.913494713777564726e+01,5.876780897198306874e+00,4.651176662205779522e+00,3.867782849338474449e+01,3.650706309848358444e+01,5.242061401804435405e+01,2.682110237758046623e+01,2.506038620889975022e+01,3.037236279670947781e+01,5.263661638303911872e+01,1.042839784990359853e+01,4.066867636001693143e+01,3.656475450016483109e+01,4.447794971389522800e+01,3.613715273881188494e+01,4.338595722364559037e+01,4.146651694116534514e+01,4.994267355873395786e+01,2.571914931072673838e+01,2.033123067806575790e+01,2.069357097849868055e+01,1.144738081117596629e+01,3.113186764326508538e+01,1.730085831593702750e+01,4.225405222820046447e+01,4.060418915837856702e+01,5.442422372969798694e+00,1.810407657470229736e+01,3.700621129693928424e+01,1.739885114230445140e+01,1.852347051721713811e+01,1.809496313830889491e+01,2.897124679927593149e+01,9.292249652082769984e+00,4.310159391904391413e+01
5.337064877252834805e+01,1.304596273412318119e+01,6.287300636822940447e+01,5.078375882661121921e+01,4.737693587407764539e+01,4.672169950689654883e+01,4.440246474861677939e+01,5.715084723068359551e+01,2.875809114979290726e+01,1.034064912820140059e+01,3.838022575003001435e+01,5.475385855157139048e+01,1.346569766928582190e+01,3.091811737930673232e+01,1.379156943848755645e+01,0.000000000000000000e+00,4.355812602601275785e+01,3.005349573331437441e+01,4.321963853471850570e+01,7.031832460258166329e+00,2.645389170711271021e+01,3.382904889363769740e+01,2.415030482543814117e+01,3.971022348448489225e+01,3.091811737930673232e+01,5.853357350648514767e+01,1.905083193754684245e+01,1.394962037492808804e+01,4.039897370417440214e+01,3.819655580559316377e+01,5.728564478292150142e+01,3.887961240861245216e+01,3.278899024647297722e+01,3.961580973427395946e+01,5.233254556033814708e+01,1.054696870975240941e+01,3.455589189482435586e+01,3.560841835542133538e+01,4.864487844987996823e+01,4.564596530263228402e+01,4.006988387508846472e+01,3.556102044415796115e+01,4.909611792888269122e+01,2.985574360788979575e+01,8.791209985341087219e+00,8.792721200357929590e+00,1.859684548173065721e+01,2.579259789105735123e+01,2.961438125538110810e+01,4.651397293611390893e+01,4.279893554478652362e+01,8.465978310240373617e+00,3.017275571306844384e+01,4.813628061464009988e+01,2.933277035605797778e+01,3.223437290012932266e+01,6.191299552490654001e+00,2.779871857118451572e+01,2.276908950057127257e+01,3.868961799850900007e+01
3.814785297948797904e+01,4.850808860043677129e+01,4.268021831815988065e+01,1.855044097881258836e+01,3.621349073714975475e+01,6.388554749922274567e+00,5.451158030912280239e+00,2.863239985524667475e+01,5.698352190488434843e+01,3.721275032936794958e+01,4.119688184154512101e+01,2.227154919516472020e+01,3.868059804360519394e+01,6.142387315602020692e+01,4.478706051461644222e+01,4.355812602601275785e+01,0.000000000000000000e+00,1.361870751516095446e+01,4.157534988944436094e+01,4.875487749505388990e+01,4.392367743302366989e+01,6.387494342706361294e+01,3.272555357327637182e+01,4.010187168926656653e+01,6.142387315602020692e+01,4.085875124962571192e+01,4.915232257517234871e+01,4.016691049141358150e+01,1.009984490936125745e+01,1.103583922049739030e+01,2.445226461102794602e+01,4.293374565134437404e+01,2.852257922812811586e+01,3.277273062987580943e+01,8.999309309120825162e+00,5.151662124432247936e+01,1.638680531760962111e+01,8.246717149576175743e+00,1.800933037069650311e+01,3.515306273566623219e+01,7.035481787731197478e+00,1.557441358048904867e+01,5.559743714236903500e+00,2.160197047096628253e+01,5.114964217097951149e+01,3.790435372685931270e+01,5.610850441748348061e+01,1.934013861821323843e+01,4.161529330082117184e+01,1.773258414183145604e+01,1.095083970302947307e+01,4.292859396745651424e+01,4.085063899341916027e+01,4.259225122560458487e+01,5.974805436529561575e+01,5.016907581290993079e+01,4.894470901559049736e+01,1.609473777338983780e+01,4.488898180289180573e+01,1.055400670289245824e+01
3.706561608119805840e+01,3.615341976902050902e+01,4.421995974178869915e+01,2.411477840560605301e+01,3.311262125854445060e+01,1.690018814062730712e+01,1.564891130365934657e+01,3.308137170773385805e+01,4.481464190204072651e+01,2.369209850678242191e+01,3.355771158427056378e+01,2.841875718466794254e+01,2.678231968649513917e+01,4.907161526383940497e+01,3.157472121506950202e+01,3.005349573331437441e+01,1.361870751516095446e+01,0.000000000000000000e+00,3.551541587631010799e+01,3.513637182140087134e+01,3.269285285908240013e+01,5.167847066420927860e+01,2.150957433438123800e+01,3.311262125854445060e+01,4.907161526383940497e+01,4.113320428534616013e+01,3.630485483930750235e+01,2.702911332379571263e+01,1.210397533285025062e+01,1.034120199218695824e+01,3.100734940254585581e+01,3.514497250517874249e+01,2.068363797944846283e+01,2.720879003221821080e+01,2.228065510255187576e+01,3.791182451876877479e+01,1.367486683133420833e+01,5.559743714236901724e+00,2.241408077797106557e+01,3.159894328837000899e+01,1.208197104996563276e+01,1.380982522970092141e+01,1.909846971246342306e+01,1.245243549284287710e+01,3.790430531198283859e+01,2.506257283273100356e+01,4.275138027555377818e+01,8.793373396692276245e+00,3.134738484043656115e+01,2.081227850921420242e+01,1.470889390063841695e+01,2.938712158793196494e+01,3.081030551865715239e+01,3.808984961206390807e+01,4.735015733952950967e+01,3.949818906142104424e+01,3.560842478953638590e+01,2.607844113523573704e+00,3.286856825848888519e+01,1.278170586342539572e+01
1.445533365701594875e+01,5.576213482468124027e+01,2.370340525802797060e+01,3.016839367600195132e+01,9.300940281967065459e+00,3.828334630618832080e+01,4.661992567310002045e+01,2.778801426077773939e+01,3.051013892192265331e+01,3.311428064257359694e+01,5.211415336179209490e+00,3.108257651146525546e+01,5.085671821267494863e+01,3.471033274758502785e+01,3.184324257287098803e+01,4.321963853471850570e+01,4.157534988944436094e+01,3.551541587631010799e+01,0.000000000000000000e+00,4.224286288364471886e+01,1.919915926367526993e+01,3.560825878512613230e+01,1.977843799359170873e+01,3.510226449322813025e+00,3.471033274758502785e+01,1.909713680623524112e+01,3.058680962220078570e+01,2.955463239141764475e+01,3.151419141126250878e+01,3.063888607652075891e+01,3.222777097431279003e+01,5.723156209240000791e+00,1.494554244562936951e+01,8.805913642550843079e+00,4.474901570514865057e+01,4.218835904143129056e+01,4.918949121742573283e+01,3.646023059769168384e+01,2.856857183128908417e+01,8.785387488298484371e+00,4.521978271803729399e+01,4.930247373397892829e+01,4.410084998733809414e+01,2.313290440129774694e+01,5.136654751271051111e+01,4.595282128224571494e+01,3.972605462309876856e+01,4.222968848429928101e+01,1.469776431409514039e+01,2.705708883125775088e+01,3.132997912304086441e+01,3.557390554624627299e+01,1.378619765169393396e+01,5.211069214809963768e+00,3.379790094346271445e+01,1.909723125588336501e+01,4.886962828461292219e+01,3.401455425560946111e+01,2.345410032761760277e+01,4.733080799523561666e+01
5.379160883106334978e+01,1.771079654135787962e+01,6.350508213235712418e+01,5.399440771670799677e+01,4.764253989823749436e+01,5.131247135275943094e+01,5.010674108081664713e+01,5.940221505935199531e+01,2.314424177755194023e+01,1.230694417214354530e+01,3.714272476699636627e+01,5.774456096824251716e+01,2.034264350259532250e+01,2.470214471215529528e+01,1.054385173631676409e+01,7.031832460258166329e+00,4.875487749505388990e+01,3.513637182140087134e+01,4.224286288364471886e+01,0.000000000000000000e+00,2.390677382345676349e+01,2.755343417054390187e+01,2.475988442268345935e+01,3.877144572734982120e+01,2.470214471215529528e+01,5.900236883391576725e+01,1.431300677173704017e+01,1.303615312157527306e+01,4.447794971389522800e+01,4.225405222820046447e+01,6.019189762760640861e+01,3.732934941889276814e+01,3.397705708281178971e+01,4.005473655655477216e+01,5.729497750107948661e+01,3.515136287972967288e+00,4.103436049695541499e+01,4.060503265634555703e+01,5.179717389409155714e+01,4.597493710220410890e+01,4.588176608998264072e+01,4.200222246299458817e+01,5.421820480812005627e+01,3.270278562604916317e+01,1.009984490936126100e+01,1.582455351591538495e+01,1.175851836092512315e+01,3.195876678690315842e+01,2.781188515903322056e+01,4.960231670199672749e+01,4.672167993444804779e+01,7.205688262620037143e+00,2.857929331411901686e+01,4.736679312859214264e+01,2.322423771575592966e+01,2.858332293592374995e+01,8.245994747605760011e+00,3.270323261228212885e+01,1.975073846142342404e+01,4.479224255748841443e+01
3.255414090693187745e+01,3.949284699347577288e+01,4.227124028308602277e+01,4.040955300590114518e+01,2.646149679034157742e+01,4.337379532379448932e+01,4.765010877721923777e+01,4.227590165608906858e+01,1.395206624494235292e+01,1.781958357324863229e+01,1.399097457804675670e+01,4.303411745762431906e+01,3.702041561924917801e+01,1.860265774693274921e+01,1.337498733585069566e+01,2.645389170711271021e+01,4.392367743302366989e+01,3.269285285908240013e+01,1.919915926367526993e+01,2.390677382345676349e+01,0.000000000000000000e+00,2.058545082110631697e+01,1.127454681937978798e+01,1.597172532840783177e+01,1.860265774693274921e+01,3.762343177299049302e+01,1.138914432159108614e+01,1.268370259624428620e+01,3.555185843818920688e+01,3.369489453478343677e+01,4.499426585207721985e+01,1.378678766929162514e+01,1.754304789213356486e+01,2.006115152301852333e+01,5.025838638004447745e+01,2.333483291196659337e+01,4.477704642173733873e+01,3.636331639775428215e+01,3.827241164628683379e+01,2.505922817609607733e+01,4.464944058972715624e+01,4.531230138181568634e+01,4.828176872717352097e+01,2.239248599401951267e+01,3.366048892860464292e+01,3.161419215590779430e+01,2.058782668460067455e+01,3.571839262980828522e+01,4.650737399573142028e+00,3.614573906233884770e+01,3.677539223922056522e+01,1.808045203656983446e+01,5.723393086296552745e+00,2.440839044102655819e+01,1.717006065940273274e+01,7.147381258707675045e+00,3.135029111729971163e+01,3.026852552780898264e+01,4.303080394028966360e+00,4.541929079570789440e+01
5.005611381674673765e+01,4.512261746528091777e+01,5.918294804816695631e+01,6.087158613817401687e+01,4.449867670827470789e+01,6.379109875323454304e+01,6.715737039457233948e+01,6.189211488851740484e+01,6.892951221113792215e+00,3.074786459115040316e+01,3.116416761770056354e+01,6.329396837599755088e+01,4.717228421378611358e+01,2.934996609028041714e+00,2.203829080211523817e+01,3.382904889363769740e+01,6.387494342706361294e+01,5.167847066420927860e+01,3.560825878512613230e+01,2.755343417054390187e+01,2.058545082110631697e+01,0.000000000000000000e+00,3.127473974831470827e+01,3.338609327375158387e+01,2.934996609028041714e+00,5.463751723745776445e+01,1.624059125492353317e+01,2.565155388327558583e+01,5.597443476706707344e+01,5.404138586617509787e+01,6.511977499635618472e+01,3.002261605687927570e+01,3.808844458310911563e+01,3.950638930579575003e+01,7.064506382938408535e+01,2.457070637469584540e+01,6.221770784106515606e+01,5.598504784950611679e+01,5.876323916877187514e+01,4.345098175311127164e+01,6.375733366362357657e+01,6.293887955379163657e+01,6.849847626872376338e+01,4.265514383637823670e+01,3.674195072356806691e+01,4.201532825663826287e+01,1.630722730736806980e+01,5.271154802383330207e+01,2.431858693906194091e+01,5.666372734200593442e+01,5.730200973458954650e+01,2.687781412981023266e+01,2.538818939983054790e+01,4.023683800260698717e+01,4.641955018689521317e+00,1.673442468529255223e+01,3.551974300569505516e+01,4.910952357675644464e+01,1.898608659034156076e+01,6.398989426547490211e+01
2.928003965160811006e+01,3.622544380629834393e+01,3.888911034927235022e+01,3.125317027170957829e+01,2.323800516335937516e+01,3.255626675770133716e+01,3.637690628659402137e+01,3.513426430452040705e+01,2.441289455148140419e+01,1.381487657156555393e+01,1.559684847523845619e+01,3.447041102826880632e+01,3.110174926090870784e+01,2.896182545114680806e+01,1.580315816794817962e+01,2.415030482543814117e+01,3.272555357327637182e+01,2.150957433438123800e+01,1.977843799359170873e+01,2.475988442268345935e+01,1.127454681937978798e+01,3.127473974831470827e+01,0.000000000000000000e+00,1.637040874547564329e+01,2.896182545114680806e+01,3.446918906652370396e+01,1.799783242568494757e+01,1.184457611731296289e+01,2.475988442268347356e+01,2.278339737866004810e+01,3.671949723293245427e+01,1.664492512793763623e+01,9.302011112271461712e+00,1.549684166091567405e+01,3.938682878249953490e+01,2.578876971584901412e+01,3.404659375495985785e+01,2.509142959166445408e+01,2.903835758624659391e+01,2.151540404965368936e+01,3.339998607566634092e+01,3.449755493485398006e+01,3.723239863869838473e+01,1.139105873262051638e+01,3.272555357327637182e+01,2.617656888276639293e+01,2.668676982833712685e+01,2.539795220185561675e+01,1.008325050322891414e+01,2.682504819445322397e+01,2.625132582167420736e+01,1.757750839913804697e+01,9.771887774492027390e+00,2.435984732447023049e+01,2.735087404834248659e+01,1.798970908036979921e+01,3.013932112784893036e+01,1.915364122002925740e+01,1.237817827777305801e+01,3.427884257406270763e+01
1.689889704124552594e+01,5.226835226014318181e+01,2.646043039217492421e+01,3.017681780915000544e+01,1.111948742847380700e+01,3.727863784487891508e+01,4.498286953241078834e+01,2.896925173938001663e+01,2.793113559793839684e+01,2.961617284010064566e+01,2.223897485694756870e+00,3.156338949561578744e+01,4.747085669534335750e+01,3.227510348819365760e+01,2.840387671643016887e+01,3.971022348448489225e+01,4.010187168926656653e+01,3.311262125854445060e+01,3.510226449322813025e+00,3.877144572734982120e+01,1.597172532840783177e+01,3.338609327375158387e+01,1.637040874547564329e+01,0.000000000000000000e+00,3.227510348819365760e+01,2.181393811052966925e+01,2.734953239146315696e+01,2.605106886936228960e+01,3.016187329333665801e+01,2.907652386744092610e+01,3.295493943003601345e+01,3.601678510949716916e+00,1.243022601589185605e+01,7.774079288088707962e+00,4.392141393604723731e+01,3.877522572854319094e+01,4.675061746390669981e+01,3.448445935658263295e+01,2.840387671643017242e+01,1.009928215600044155e+01,4.330227419620714358e+01,4.692221034162709259e+01,4.300306924270375930e+01,2.066136077900540613e+01,4.786093894494515411e+01,4.252475598778222832e+01,3.655496967992057478e+01,3.945521679366147083e+01,1.138755413395706206e+01,2.669853052157466422e+01,3.025635509943375823e+01,3.207380563199583179e+01,1.042387063616796716e+01,8.602798597320575169e+00,3.125285117967448656e+01,1.667923114271070872e+01,4.536165035402119372e+01,3.145787017577313804e+01,2.017377903478832479e+01,4.523010053339354641e+01
4.909507567974558384e+01,4.231834686865595074e+01,5.839241592572829376e+01,5.900856395384649744e+01,4.338726437266034708e+01,6.151721546029168053e+01,6.460172797674196943e+01,6.042830914788473962e+01,4.650591510162764841e+00,2.786805504699931291e+01,3.005332168697805173e+01,6.156415969947958189e+01,4.424658780745771480e+01,0.000000000000000000e+00,1.913653581401603176e+01,3.091811737930673232e+01,6.142387315602020692e+01,4.907161526383940497e+01,3.471033274758502785e+01,2.470214471215529528e+01,1.860265774693274921e+01,2.934996609028041714e+00,2.896182545114680806e+01,3.227510348819365760e+01,0.000000000000000000e+00,5.380361429991221911e+01,1.337064717757384003e+01,2.283071422838495579e+01,5.371431062337878615e+01,5.174463184346647893e+01,6.345901025964378306e+01,2.903798305032426086e+01,3.614413330093398713e+01,3.802529747954329764e+01,6.834637448618670419e+01,2.178205115744771803e+01,5.942968861498874134e+01,5.347261333668880212e+01,5.687463950260446666e+01,4.225405222820046447e+01,6.114049308940494143e+01,6.016373009838762442e+01,6.612534118434471964e+01,4.035251337755783396e+01,3.400891499691829267e+01,3.908253072055993727e+01,1.363643244821032319e+01,4.991213662231006509e+01,2.260933796747573155e+01,5.474787719410682740e+01,5.511859009801708709e+01,2.394519060611669303e+01,2.370391937218514755e+01,3.950596074623395992e+01,1.755434787623820325e+00,1.562641836248134375e+01,3.272220539385769911e+01,4.649138886753613775e+01,1.659583537766881278e+01,6.130254988487180867e+01
5.211069214809963768e+00,7.001723207333381538e+01,4.650300525351262593e+00,2.334011268335188305e+01,1.138628534722606744e+01,3.536720424921148975e+01,4.630277935939600553e+01,1.513278259981994012e+01,4.959951845521708691e+01,4.820330880650035965e+01,2.397420064209875434e+01,2.144452659644771586e+01,6.325389562953652245e+01,5.380361429991221911e+01,4.913494713777564726e+01,5.853357350648514767e+01,4.085875124962571192e+01,4.113320428534616013e+01,1.909713680623524112e+01,5.900236883391576725e+01,3.762343177299049302e+01,5.463751723745776445e+01,3.446918906652370396e+01,2.181393811052966925e+01,5.380361429991221911e+01,0.000000000000000000e+00,4.889111369301041066e+01,4.596694510222755525e+01,3.175562177904400230e+01,3.221946360098148432e+01,2.099782296831537209e+01,2.479963642861530460e+01,2.586948837508794341e+01,1.898380147366070148e+01,3.999618793130962757e+01,5.954806601580468595e+01,5.368591532720729731e+01,3.936687749882170806e+01,2.312724410771427230e+01,1.302832210697618365e+01,4.672807653456265342e+01,5.339725418363826748e+01,4.093433404505794471e+01,3.135712728097828972e+01,6.718055201570237500e+01,5.913291733121707949e+01,5.817237047635454417e+01,4.960978884377147580e+01,3.297583300452993882e+01,2.312724410771427230e+01,3.008942940946444367e+01,5.191635890159635380e+01,3.192807404108574332e+01,1.445533365701594875e+01,5.289288820648712885e+01,3.819436805645978694e+01,6.458691402299669448e+01,4.079542214346218287e+01,4.168796671599908166e+01,4.977723921666829199e+01
