0.000000000000000000e+00,2.584214173284287597e+01,4.494009576099738013e+01,1.501619023627005056e+01,5.940213861703682596e+01,1.555561896541871292e+01,4.039816081904704959e+01,3.236107202069312905e+01,3.194806125592187485e+01,2.584214173284287597e+01,5.213849516872809176e+00,2.240178903752205741e+01,5.435915088937525042e+01,6.330173134626650011e+01,2.420559142603968539e+01,2.103599892899009305e+01,3.014568733285637592e+01,4.274238644804899678e+01,2.669996560334412194e+01,2.894994831471718655e+01,3.929662666291442719e+01,4.048536281602277143e+01,4.050712078196282562e+01,5.949547269669556471e+01,6.588770726562519542e+01,3.095670315675033635e+01,2.938332116239329039e+01,1.581869965916930276e+01,2.350894771858185095e+01,2.642885003823795032e+01,3.950854395911106565e+01,2.240178903752205741e+01,1.698936634646108246e+01,4.338748144541309415e+01,3.019554472081287244e+01,3.763223027198681336e+01,2.609274510543305325e+01,2.499705705442883286e+01,2.964220214849564528e+01,5.475642934840660558e+01,7.027160803635708497e+00,4.577215118413089812e+01,5.310917371124250508e+01,5.003769342813212972e+01,3.901317860555479200e+01,3.485640701564182109e+01,2.448611267241250999e+01,2.666629594779775303e+01,5.727960620654553026e+01,5.242065306318709617e+01,6.192950828475942160e+01,5.199382656358062604e+01,4.170028826982723302e+01,3.650675082472800881e+01,1.209926415661287535e+01,3.671952201421932926e+01,1.822272540401241159e+01,6.179033129574435179e+01,4.994344691943818049e+01,4.336168988860575269e+01
2.584214173284287597e+01,0.000000000000000000e+00,6.189627107554089491e+01,4.085374613495635998e+01,7.090792202754421680e+01,1.930837066886910236e+01,4.591216774696871283e+01,4.057448944873478069e+01,3.241510752652047245e+01,0.000000000000000000e+00,2.333731042854093829e+01,2.084566219956691668e+01,5.446788307159318521e+01,7.519663593883298347e+01,4.473424582815774642e+01,4.598299057111236010e+01,4.223576165440206864e+01,4.085071343540611366e+01,2.264329330946783614e+01,5.452657841355663493e+01,4.491845674926113929e+01,6.092947281631334988e+01,6.038399607412107883e+01,6.258798335938276125e+01,8.006799908143764810e+01,5.416680993014841761e+01,3.318873015256244940e+01,3.965964153700414130e+01,3.758896860132637130e+01,1.120202729600992164e+01,5.163952264701880068e+01,2.084566219956691668e+01,3.663910154486578108e+01,6.186570201816115855e+01,5.180483883596974692e+01,5.287453492457041193e+01,5.188782036403123499e+01,4.593946109455851712e+01,5.398984444633593682e+01,5.921426757822786158e+01,2.064902753368231458e+01,5.151298671170524557e+01,7.068581936463489512e+01,5.729629790442717052e+01,4.621596560374520379e+01,5.719261442944249296e+01,2.605404938861478392e+00,7.783641199931665255e+00,5.619112488883269663e+01,5.763037396711088434e+01,6.042774861418771337e+01,6.732164723821755103e+01,4.633673867153459014e+01,5.526411337359995457e+01,2.203023880221418906e+01,4.656174865034068944e+01,8.803145434059151953e+00,7.575968313945588761e+01,6.465278098632124681e+01,3.790360995954993939e+01
4.494009576099738013e+01,6.189627107554089491e+01,0.000000000000000000e+00,3.929802202116061238e+01,1.905095134752974673e+01,4.261152783090631146e+01,2.586586221227841520e+01,2.441970304576096140e+01,3.579250909327390673e+01,6.189627107554089491e+01,5.014005222639547554e+01,4.239128821544165504e+01,3.743479283252792555e+01,2.151892009965958508e+01,2.114275260468458129e+01,3.116437950737194740e+01,2.033693260903553934e+01,3.811325460465761239e+01,4.303471934066693194e+01,4.522403425679228661e+01,2.588975198782893372e+01,1.043401713366502115e+01,8.792620216549710932e+00,3.427002068303325188e+01,2.151920845126692328e+01,2.151920845126693038e+01,3.234619370169249208e+01,3.111564650808567833e+01,2.432358421187375797e+01,5.400127212942771138e+01,1.366647430772662908e+01,4.239128821544165504e+01,2.799943237370088767e+01,4.308169872066943462e+00,1.779117988555809404e+01,9.306388280362950738e+00,3.709729734675401147e+01,2.074394125331589578e+01,2.614973549905151273e+01,2.963105632812017376e+01,5.145221898748746270e+01,2.512877326838347614e+01,8.796639696564424682e+00,2.274532366977818043e+01,2.317268341216858829e+01,1.754804674678963750e+01,5.940880974173411033e+01,5.701984479025894359e+01,4.074727497254745856e+01,2.738891247601721801e+01,4.374977033284710615e+01,7.783641199931662591e+00,2.724824570424812720e+01,8.999385825777114434e+00,4.052885316476574218e+01,1.935456723749500085e+01,5.856339946847798217e+01,1.784331712897389366e+01,7.206959189414816613e+00,4.365641301333143076e+01
1.501619023627005056e+01,4.085374613495635998e+01,3.929802202116061238e+01,0.000000000000000000e+00,5.672574403733550952e+01,2.772245728170166501e+01,4.394786027925140814e+01,3.581189795655255637e+01,3.986314377094970496e+01,4.085374613495635998e+01,1.854836003937144895e+01,3.373611937848429676e+01,5.926273165845035606e+01,6.006068553726554171e+01,1.895214660804852969e+01,8.791679507306573882e+00,3.140033659640400643e+01,4.995107700119288552e+01,3.772433270122842686e+01,1.472149043530894374e+01,4.296627459602394339e+01,3.194131191637228540e+01,3.256339913526783647e+01,6.227773003149189890e+01,6.079838597832614511e+01,2.018761797970901739e+01,3.622342504198996949e+01,9.303384352521716139e+00,2.539146424515105593e+01,4.042666309782188705e+01,3.867910401158475509e+01,3.373611937848429676e+01,1.660471832060032327e+01,3.650977078001756126e+01,2.181877652320716976e+01,3.457789288604021039e+01,1.112814683885327938e+01,1.890312862840547226e+01,1.723182674610739085e+01,5.714474954337749324e+01,2.115888501459277293e+01,4.838802595514648885e+01,4.613866829533001379e+01,5.116618055136421361e+01,4.174259213022503445e+01,2.476816373347343969e+01,3.943581581246573364e+01,4.117030001591655974e+01,6.256621885085841939e+01,5.458387068817476262e+01,6.707927091219920612e+01,4.701882929633227803e+01,4.556936139688671972e+01,3.029960450449322451e+01,2.352200947710865719e+01,3.809799674164732153e+01,3.311657826495555668e+01,5.711723548695488972e+01,4.567125955433045448e+01,5.211584027154398058e+01
5.940213861703682596e+01,7.090792202754421680e+01,1.905095134752974673e+01,5.672574403733550952e+01,0.000000000000000000e+00,5.273393293915368218e+01,2.606817361150240941e+01,3.034548293112031914e+01,3.970069192797488711e+01,7.090792202754421680e+01,6.437562707921078697e+01,5.008765640461741242e+01,2.910346019076607504e+01,4.307103838580971455e+00,3.780625725681094451e+01,4.922833459252098010e+01,2.985623336925154447e+01,3.655186190573810734e+01,4.907161526383940497e+01,6.404879902244393008e+01,2.683937155861117674e+01,2.937065124943353922e+01,2.780165459270400419e+01,2.180075863213769338e+01,1.140124530907420564e+01,4.041642342871334392e+01,3.790032481784642471e+01,4.783319154435129406e+01,3.615017501004781764e+01,6.112085810824292764e+01,2.009188045594489580e+01,5.008765640461741242e+01,4.279906912559466292e+01,2.318065059988076015e+01,3.622867638220869679e+01,2.228064481969738964e+01,5.584908161357369494e+01,3.783079006416721768e+01,4.506729979892438109e+01,1.934299521221112883e+01,6.511887663951719674e+01,2.150957433438123800e+01,1.831320790197908011e+01,1.568095674493115155e+01,2.498209624331283862e+01,3.658771251941014668e+01,6.830486557296856631e+01,6.458395630191310488e+01,3.146169427883033265e+01,1.854628014996982088e+01,3.266146607931941759e+01,1.210634115123013643e+01,2.636061003687841620e+01,2.723754977258737497e+01,5.198888431606744831e+01,2.442270791911508709e+01,6.968611653627728231e+01,8.175726513413712482e+00,1.184683205973878550e+01,4.236062782690716233e+01
1.555561896541871292e+01,1.930837066886910236e+01,4.261152783090631146e+01,2.772245728170166501e+01,5.273393293915368218e+01,0.000000000000000000e+00,2.941760900590401207e+01,2.264724943473959229e+01,1.799758040572967843e+01,1.930837066886910236e+01,1.757518010862290225e+01,6.894131932950458008e+00,4.134357246465807378e+01,5.696010502666226216e+01,2.605641325676612396e+01,3.002320844429703683e+01,2.328671425991947785e+01,2.861676783071609265e+01,1.119295167984121164e+01,4.244240038062683595e+01,2.832556776626960016e+01,4.185289272263686655e+01,4.121932155658205943e+01,4.789101717896363652e+01,6.128990129512997243e+01,3.623901637031986667e+01,1.673451928806276356e+01,2.315560157602176261e+01,1.829073043632208240e+01,1.362813483123122182e+01,3.294597791353356797e+01,6.894131932950458008e+00,1.823325496412093472e+01,4.256879918262534090e+01,3.321985280240504324e+01,3.366567357997102761e+01,3.757188280356184151e+01,2.734072653792389218e+01,3.690784709429406973e+01,4.370559546903044890e+01,1.648967302279541158e+01,3.513426430452040705e+01,5.139437736175720062e+01,4.040991263238697684e+01,2.897094110886559903e+01,3.873847361330098948e+01,1.687129098545239714e+01,1.558807323503640241e+01,4.389488224267279293e+01,4.169987974756766391e+01,4.850368928818397052e+01,4.823264347782951234e+01,3.029831703459640124e+01,3.601458936931069843e+01,4.226933904953891208e+00,2.835236694803854363e+01,1.698502070043728196e+01,5.699273911229324341e+01,4.563778960621566938e+01,2.834654049485700611e+01
4.039816081904704959e+01,4.591216774696871283e+01,2.586586221227841520e+01,4.394786027925140814e+01,2.606817361150240941e+01,2.941760900590401207e+01,0.000000000000000000e+00,8.245166966300965683e+00,1.378974283709596271e+01,4.591216774696871283e+01,4.456103363617926050e+01,2.521482669247450303e+01,1.549612477302522962e+01,3.034174478110340445e+01,2.763380024347685904e+01,3.962016619982253474e+01,1.291367342866760737e+01,1.228160869213727047e+01,2.345644483371894040e+01,5.601305457150428424e+01,1.111948742847380434e+00,3.255785690353543060e+01,3.095023065226656200e+01,1.909770524683222348e+01,3.665628103783988934e+01,3.665628103783988934e+01,1.289351210893066124e+01,3.484729726907725222e+01,1.856903019519159415e+01,3.554060387609398219e+01,1.229508361674917083e+01,2.521482669247450303e+01,2.735625658580777753e+01,2.878605469823980556e+01,3.139377182985280257e+01,1.824169762297827191e+01,4.824266579532019250e+01,2.859005049086132644e+01,4.043456441308388349e+01,1.445533365701594519e+01,4.447794971389522800e+01,5.723630830984087758e+00,3.315227998277589450e+01,1.139073919449240968e+01,2.938390372232185133e+00,3.548350711574307326e+01,4.331747692572228203e+01,3.909017106734344793e+01,1.893563184041450853e+01,1.230679611168150700e+01,2.328086832316611421e+01,2.701162524384354668e+01,1.756466751934557147e+00,2.606775718897299754e+01,3.005338949840296081e+01,7.574998587499748304e+00,4.612905258957585630e+01,3.252597923692812287e+01,2.408286092891479413e+01,1.797516257067459833e+01
3.236107202069312905e+01,4.057448944873478069e+01,2.441970304576096140e+01,3.581189795655255637e+01,3.034548293112031914e+01,2.264724943473959229e+01,8.245166966300965683e+00,0.000000000000000000e+00,1.137558961358774390e+01,4.057448944873478069e+01,3.669430851396355564e+01,1.979937367189805641e+01,2.345801011721994911e+01,3.462700154775389905e+01,2.040551130408662317e+01,3.193383413056947617e+01,5.878638675401104408e+00,1.637208339783948929e+01,1.931687514472773515e+01,4.824768545465206415e+01,7.204803135049724361e+00,2.862077972420126670e+01,2.723562265456141773e+01,2.723540429065981883e+01,3.971908641855061006e+01,3.032861787733361680e+01,8.124132065057349195e+00,2.680878641022089681e+01,1.042804838304434689e+01,3.110004985868769367e+01,1.162900652371815902e+01,1.979937367189805641e+01,1.920726591680176298e+01,2.625177763161151745e+01,2.521681298376507385e+01,1.533841243940765331e+01,4.066619341120044595e+01,2.151136771093969458e+01,3.368142936003187060e+01,2.240468055252863877e+01,3.679497228278403753e+01,1.341251561962502592e+01,3.279970484803468622e+01,1.799798400925402930e+01,6.671692457084289707e+00,2.995069485745868576e+01,3.797370437280633126e+01,3.446119065749786614e+01,2.679749311468974327e+01,2.006123068149763355e+01,3.127578266321947709e+01,2.789403355255327810e+01,9.786435438688696919e+00,2.181147769689117055e+01,2.261005972688922583e+01,6.036386245222493230e+00,3.962330011321412826e+01,3.542264970471127583e+01,2.501898950543913358e+01,2.086242929819851355e+01
3.194806125592187485e+01,3.241510752652047245e+01,3.579250909327390673e+01,3.986314377094970496e+01,3.970069192797488711e+01,1.799758040572967843e+01,1.378974283709596271e+01,1.137558961358774390e+01,0.000000000000000000e+00,3.241510752652047245e+01,3.508650987265860266e+01,1.230666715503536857e+01,2.339041809406546335e+01,4.399822255071390487e+01,2.862603317694243188e+01,3.830388369932529713e+01,1.635508083999379281e+01,1.080559999185149422e+01,9.784767808674004641e+00,5.379421709688838860e+01,1.290987363941111177e+01,3.953725073924660904e+01,3.825682134254289224e+01,3.051085052823720645e+01,4.992288197636607094e+01,3.940313870390372131e+01,4.225968630271772497e+00,3.202160486211539592e+01,1.723841609440986389e+01,2.180304357231599965e+01,2.272275323770250210e+01,1.230666715503536857e+01,2.437659953982243266e+01,3.756302109326787786e+01,3.466947052901188187e+01,2.669393912942271641e+01,4.703530535189484851e+01,2.992378648389202311e+01,4.203813919676791500e+01,2.684372329607172247e+01,3.434095241674486942e+01,1.920262539764701515e+01,4.411314456756233682e+01,2.512375700199668316e+01,1.477927601544122105e+01,3.986426001017921550e+01,2.984649378527043240e+01,2.537624329456680883e+01,2.589752177708135150e+01,2.521526727230647680e+01,3.051037583361238958e+01,3.892029006138251646e+01,1.399259245714605271e+01,3.273423138399739685e+01,2.008763014396468449e+01,1.686070593657010264e+01,3.360650482700446418e+01,4.569344258983702645e+01,3.599943252505858737e+01,1.228714363741721272e+01
2.584214173284287597e+01,0.000000000000000000e+00,6.189627107554089491e+01,4.085374613495635998e+01,7.090792202754421680e+01,1.930837066886910236e+01,4.591216774696871283e+01,4.057448944873478069e+01,3.241510752652047245e+01,0.000000000000000000e+00,2.333731042854093829e+01,2.084566219956691668e+01,5.446788307159318521e+01,7.519663593883298347e+01,4.473424582815774642e+01,4.598299057111236010e+01,4.223576165440206864e+01,4.085071343540611366e+01,2.264329330946783614e+01,5.452657841355663493e+01,4.491845674926113929e+01,6.092947281631334988e+01,6.038399607412107883e+01,6.258798335938276125e+01,8.006799908143764810e+01,5.416680993014841761e+01,3.318873015256244940e+01,3.965964153700414130e+01,3.758896860132637130e+01,1.120202729600992164e+01,5.163952264701880068e+01,2.084566219956691668e+01,3.663910154486578108e+01,6.186570201816115855e+01,5.180483883596974692e+01,5.287453492457041193e+01,5.188782036403123499e+01,4.593946109455851712e+01,5.398984444633593682e+01,5.921426757822786158e+01,2.064902753368231458e+01,5.151298671170524557e+01,7.068581936463489512e+01,5.729629790442717052e+01,4.621596560374520379e+01,5.719261442944249296e+01,2.605404938861478392e+00,7.783641199931665255e+00,5.619112488883269663e+01,5.763037396711088434e+01,6.042774861418771337e+01,6.732164723821755103e+01,4.633673867153459014e+01,5.526411337359995457e+01,2.203023880221418906e+01,4.656174865034068944e+01,8.803145434059151953e+00,7.575968313945588761e+01,6.465278098632124681e+01,3.790360995954993939e+01
5.213849516872809176e+00,2.333731042854093829e+01,5.014005222639547554e+01,1.854836003937144895e+01,6.437562707921078697e+01,1.757518010862290225e+01,4.456103363617926050e+01,3.669430851396355564e+01,3.508650987265860266e+01,2.333731042854093829e+01,0.000000000000000000e+00,2.441364677610103939e+01,5.801404454061739102e+01,6.831702134195683129e+01,2.941443496007563851e+01,2.554505921470769181e+01,3.489730518402298287e+01,4.587094586734416879e+01,2.866994520044140771e+01,3.132677567853266254e+01,4.345121112459156620e+01,4.565103425877313015e+01,4.569738962675656069e+01,6.361402875811202762e+01,7.103373842600096566e+01,3.587540626034946456e+01,3.295536795962663490e+01,2.081095137749724699e+01,2.832633804163469549e+01,2.610742748071074004e+01,4.439968865552648225e+01,2.441364677610103939e+01,2.216586643161060977e+01,4.860088093760814587e+01,3.532591839407035650e+01,4.273818333539516345e+01,2.963946140441495913e+01,3.019210216653639733e+01,3.428178632971994233e+01,5.899601339793242261e+01,2.719872786162421008e+00,5.005617262522936528e+01,5.832276983098682166e+01,5.455336646634637532e+01,4.336600097104784624e+01,3.988334685322244866e+01,2.243996097797206701e+01,2.563484325385263674e+01,6.080020989618384419e+01,5.672569172568463358e+01,6.544579428167369883e+01,5.715777034977892868e+01,4.577206177857463132e+01,4.172059990216353498e+01,1.501996901798430173e+01,4.134401719709268974e+01,1.495104125283239327e+01,6.691888477568484461e+01,5.507521274545256063e+01,4.591438505865363595e+01
2.240178903752205741e+01,2.084566219956691668e+01,4.239128821544165504e+01,3.373611937848429676e+01,5.008765640461741242e+01,6.894131932950458008e+00,2.521482669247450303e+01,1.979937367189805641e+01,1.230666715503536857e+01,2.084566219956691668e+01,2.441364677610103939e+01,0.000000000000000000e+00,3.558235977111618098e+01,5.438271797840577904e+01,2.876158053668100933e+01,3.489642959910013076e+01,2.214687712089596516e+01,2.240431636747712929e+01,4.302238866745327073e+00,4.841391560300800023e+01,2.418871337744135275e+01,4.331649154856993533e+01,4.242882058687968083e+01,4.279694163827621622e+01,5.946555764329736604e+01,3.953239500844098586e+01,1.237700599588711370e+01,2.801156244821354946e+01,1.889311317603108265e+01,1.161370680834314584e+01,3.111311485742634275e+01,0.000000000000000000e+00,2.178738955107232300e+01,4.304302525643581845e+01,3.581433279804576841e+01,3.312800058093296229e+01,4.295820864409193263e+01,3.011500190042710301e+01,4.089385637193627332e+01,3.898506047111164463e+01,2.317052188868293783e+01,3.088808547854234376e+01,5.115093817093685402e+01,3.655722099144784920e+01,2.538201960385153555e+01,4.137479001981264304e+01,1.824025731466898037e+01,1.477045636947199014e+01,3.790375280858381046e+01,3.720687391958982460e+01,4.245010037626154542e+01,4.712872594150576333e+01,2.578623298086199966e+01,3.696122832876818620e+01,1.053608885368727677e+01,2.582228040939058289e+01,2.130100048429482840e+01,5.516099671471745580e+01,4.435852910673779093e+01,2.161025933834021018e+01
5.435915088937525042e+01,5.446788307159318521e+01,3.743479283252792555e+01,5.926273165845035606e+01,2.910346019076607504e+01,4.134357246465807378e+01,1.549612477302522962e+01,2.345801011721994911e+01,2.339041809406546335e+01,5.446788307159318521e+01,5.801404454061739102e+01,3.558235977111618098e+01,0.000000000000000000e+00,3.253188473478134313e+01,4.308060213784064274e+01,5.511611169754812067e+01,2.840792579419257891e+01,1.361716968293031726e+01,3.236076366307609220e+01,7.150881371598671876e+01,1.638803750104701251e+01,4.597513459868874008e+01,4.425458007092337454e+01,9.522854830797481185e+00,4.045980790249259229e+01,5.167834692716489542e+01,2.505951715422018466e+01,5.025476176693851471e+01,3.388605804432017266e+01,4.331017934956785354e+01,2.552449479247565733e+01,3.558235977111618098e+01,4.266059294901319987e+01,4.116356377144752798e+01,4.640165038551932497e+01,3.191132874169019473e+01,6.372668406524336149e+01,4.399571689441665967e+01,5.564777494841858640e+01,9.770750851134291537e+00,5.750196778934130037e+01,1.275768867111208138e+01,4.272122741057761175e+01,1.511916401778060859e+01,1.810306154908657206e+01,5.003187437508518798e+01,5.202549951521356064e+01,4.686634605038319279e+01,3.510998324256900727e+00,1.087415008113766035e+01,7.817772860163093362e+00,3.565863939788923176e+01,1.378915112553578659e+01,4.004406274170430891e+01,4.303373813410090776e+01,2.255054599518719272e+01,5.677442942632217893e+01,3.716145354435916204e+01,3.312449818159537074e+01,1.757100645410434581e+01
6.330173134626650011e+01,7.519663593883298347e+01,2.151892009965958508e+01,6.006068553726554171e+01,4.307103838580971455e+00,5.696010502666226216e+01,3.034174478110340445e+01,3.462700154775389905e+01,4.399822255071390487e+01,7.519663593883298347e+01,6.831702134195683129e+01,5.438271797840577904e+01,3.253188473478134313e+01,0.000000000000000000e+00,4.123221983613472474e+01,5.233259814424367562e+01,3.398175800414732350e+01,4.063469332916837828e+01,5.337863784761761821e+01,6.674233145514875787e+01,3.112623084511985283e+01,3.150228301154370669e+01,3.004500394051256862e+01,2.459768963888924631e+01,8.177748910475521882e+00,4.303812852513775766e+01,4.220586944999825363e+01,5.131263194279097917e+01,4.018347719588516043e+01,6.542765262388034841e+01,2.419609472250882831e+01,5.438271797840577904e+01,4.657593625928279124e+01,2.539424637986504152e+01,3.913233251496135523e+01,2.589926207890676579e+01,5.860326866490587605e+01,4.116465385267631660e+01,4.766653849289311040e+01,2.277678037339030936e+01,6.912512638200098536e+01,2.567548761834261839e+01,1.900683137772388420e+01,1.976237389028145941e+01,2.928778848485262998e+01,3.899165869527455897e+01,7.259422658343466139e+01,6.888946219544962446e+01,3.465714615356447581e+01,2.227154919516471665e+01,3.543695191558152402e+01,1.395559424737340493e+01,3.059320343622276894e+01,3.014605145921250795e+01,5.613935044629675986e+01,2.868339188735916423e+01,7.389600227792760734e+01,6.390852364001082364e+00,1.451940692763082907e+01,4.641118377150583996e+01
2.420559142603968539e+01,4.473424582815774642e+01,2.114275260468458129e+01,1.895214660804852969e+01,3.780625725681094451e+01,2.605641325676612396e+01,2.763380024347685904e+01,2.040551130408662317e+01,2.862603317694243188e+01,4.473424582815774642e+01,2.941443496007563851e+01,2.876158053668100933e+01,4.308060213784064274e+01,4.123221983613472474e+01,0.000000000000000000e+00,1.238319160860866397e+01,1.479110365535984783e+01,3.655186190573810734e+01,3.128434651441685688e+01,2.869209435360754767e+01,2.683937155861117674e+01,1.655579873087351928e+01,1.638501008087306587e+01,4.459443244578685750e+01,4.256210995400380170e+01,1.095887560582415254e+01,2.440619218003401869e+01,1.009980006920283380e+01,1.139095197337645082e+01,3.936687749882170806e+01,2.009188045594489580e+01,2.876158053668100933e+01,8.132543785400466518e+00,1.921426764984421709e+01,7.166476508894600528e+00,1.562675309239429744e+01,2.070382144574226047e+01,1.362200099443085399e+00,1.346707916042684694e+01,3.938569321691493741e+01,3.100734940254585581e+01,3.109863712106977474e+01,2.897994179433105799e+01,3.296459933028025091e+01,2.498209624331283862e+01,1.271138627395474785e+01,4.250798143178487010e+01,4.162748417038719850e+01,4.655018338623276719e+01,3.678167196967232400e+01,5.079529205227246536e+01,2.862134552612048921e+01,2.937747848999769573e+01,1.238319160860866042e+01,2.273402385299869621e+01,2.069575273307314234e+01,3.971325295271747535e+01,3.868017052431783753e+01,2.699792793994222251e+01,4.032701710982153287e+01
2.103599892899009305e+01,4.598299057111236010e+01,3.116437950737194740e+01,8.791679507306573882e+00,4.922833459252098010e+01,3.002320844429703683e+01,3.962016619982253474e+01,3.193383413056947617e+01,3.830388369932529713e+01,4.598299057111236010e+01,2.554505921470769181e+01,3.489642959910013076e+01,5.511611169754812067e+01,5.233259814424367562e+01,1.238319160860866397e+01,0.000000000000000000e+00,2.670938741915463410e+01,4.744213065888415315e+01,3.838021999973211251e+01,1.640510185515702801e+01,3.875246984815247941e+01,2.326006486290441089e+01,2.397906305767955715e+01,5.696330889823365595e+01,5.254525399124933216e+01,1.139651976284950230e+01,3.426708317516703062e+01,6.902001589825006000e+00,2.181735123740461901e+01,4.353762801759325640e+01,3.242873938858163996e+01,3.489642959910013076e+01,1.395625822617494727e+01,2.809785961393632547e+01,1.341280529116812303e+01,2.754241964334056547e+01,8.795985726828419615e+00,1.184700632657498609e+01,8.795985726828419615e+00,5.175746599022486549e+01,2.790058001907564034e+01,4.338291143963310503e+01,3.759495935153285728e+01,4.534373616840481702e+01,3.709260848489961404e+01,1.598171723796384036e+01,4.421395360879724734e+01,4.493584661876950292e+01,5.854773375504770172e+01,4.915500755652502107e+01,6.288717964327955912e+01,3.894206187457165669e+01,4.133661277802410439e+01,2.223897485694761045e+01,2.588656698590244787e+01,3.295650782798970369e+01,3.908253072055993727e+01,4.900162355976771522e+01,3.783080825503512301e+01,5.050477452117802102e+01
3.014568733285637592e+01,4.223576165440206864e+01,2.033693260903553934e+01,3.140033659640400643e+01,2.985623336925154447e+01,2.328671425991947785e+01,1.291367342866760737e+01,5.878638675401104408e+00,1.635508083999379281e+01,4.223576165440206864e+01,3.489730518402298287e+01,2.214687712089596516e+01,2.840792579419257891e+01,3.398175800414732350e+01,1.479110365535984783e+01,2.670938741915463410e+01,0.000000000000000000e+00,2.224854076981922901e+01,2.271600485341879150e+01,4.310735030247683852e+01,1.207243352883079623e+01,2.318409945996855015e+01,2.190704194586486153e+01,3.089043781971210123e+01,3.800439306263660200e+01,2.446662558390490361e+01,1.244056981143620533e+01,2.216788410936096199e+01,6.671692457084281713e+00,3.375600510058097825e+01,9.787901142574067848e+00,2.214687712089596516e+01,1.502092405554295063e+01,2.149224060372924683e+01,1.933972770566889210e+01,1.103279265992147629e+01,3.533340801046000479e+01,1.582103929484867066e+01,2.790351804128090052e+01,2.578845195296498005e+01,3.542345786813819331e+01,1.698836051018081506e+01,2.904524755949128689e+01,2.019921562954339223e+01,1.042804838304435400e+01,2.409932609026463268e+01,3.968237949916617424e+01,3.687497891826576790e+01,3.184804812243057626e+01,2.325588343182697315e+01,3.617916277700660999e+01,2.509912506683111744e+01,1.463893334284350445e+01,1.637915058503775612e+01,2.216435631642539050e+01,6.809034847679438229e+00,4.005090863406262258e+01,3.370949250313929468e+01,2.241778178732101878e+01,2.667242810262466435e+01
4.274238644804899678e+01,4.085071343540611366e+01,3.811325460465761239e+01,4.995107700119288552e+01,3.655186190573810734e+01,2.861676783071609265e+01,1.228160869213727047e+01,1.637208339783948929e+01,1.080559999185149422e+01,4.085071343540611366e+01,4.587094586734416879e+01,2.240431636747712929e+01,1.361716968293031726e+01,4.063469332916837828e+01,3.655186190573810734e+01,4.744213065888415315e+01,2.224854076981922901e+01,0.000000000000000000e+00,1.890312862840547226e+01,6.342118242475348922e+01,1.223116846666997226e+01,4.424032197266920008e+01,4.271095985666114103e+01,2.216034247121717726e+01,4.768948117062453207e+01,4.669387469264723478e+01,1.378796871983007932e+01,4.160735027004180608e+01,2.565553209881509034e+01,2.969715240210364016e+01,2.447586736603593494e+01,2.240431636747712929e+01,3.382800195523297049e+01,4.088381394628208909e+01,4.158822547386105128e+01,3.010768642741906120e+01,5.623811291995234285e+01,3.772433270122842686e+01,4.995050691603220372e+01,1.979751912177776774e+01,4.505786859451948345e+01,1.514025561705610201e+01,4.540674631466778521e+01,2.087888506876045369e+01,1.495104125283239327e+01,4.624890592471629702e+01,3.841103049931500379e+01,3.325966228217191656e+01,1.556728239986332518e+01,1.904630622655072258e+01,2.006110644255290154e+01,3.912180040569204920e+01,1.109661460287636459e+01,3.754974509747201949e+01,3.088714652020354734e+01,1.916159515885135889e+01,4.336600097104784624e+01,4.375414992093623567e+01,3.621773970028545619e+01,5.869378212677144546e+00
2.669996560334412194e+01,2.264329330946783614e+01,4.303471934066693194e+01,3.772433270122842686e+01,4.907161526383940497e+01,1.119295167984121164e+01,2.345644483371894040e+01,1.931687514472773515e+01,9.784767808674004641e+00,2.264329330946783614e+01,2.866994520044140771e+01,4.302238866745327073e+00,3.236076366307609220e+01,5.337863784761761821e+01,3.128434651441685688e+01,3.838021999973211251e+01,2.271600485341879150e+01,1.890312862840547226e+01,0.000000000000000000e+00,5.234566327008719355e+01,2.251510057721494107e+01,4.494734718076418289e+01,4.392405539620069987e+01,4.006375187742949606e+01,5.892696573585734399e+01,4.220131563875850844e+01,1.127165254416135731e+01,3.155147765946350802e+01,2.066383110695389291e+01,1.209318017708521609e+01,3.092565852592027653e+01,4.302238866745327073e+00,2.487671528613254779e+01,4.409917543763489789e+01,3.816188499772533049e+01,3.372958928401604339e+01,4.663494150771644797e+01,3.264654661385994672e+01,4.390366463160176380e+01,3.657609490525003082e+01,2.735020302141245807e+01,2.896182545114680806e+01,5.168493595040524724e+01,3.483736953246192769e+01,2.410107687398923204e+01,4.367778483367307985e+01,2.008537896563517222e+01,1.563372701694573408e+01,3.447041102826879921e+01,3.499362078378420904e+01,3.894189810158258069e+01,4.716092133061708580e+01,2.376005825000778060e+01,3.838021999973211251e+01,1.477633128222966619e+01,2.530647665157691151e+01,2.446287234264237398e+01,5.464805990270735947e+01,4.430940399665746554e+01,1.754139766633607067e+01
2.894994831471718655e+01,5.452657841355663493e+01,4.522403425679228661e+01,1.472149043530894374e+01,6.404879902244393008e+01,4.244240038062683595e+01,5.601305457150428424e+01,4.824768545465206415e+01,5.379421709688838860e+01,5.452657841355663493e+01,3.132677567853266254e+01,4.841391560300800023e+01,7.150881371598671876e+01,6.674233145514875787e+01,2.869209435360754767e+01,1.640510185515702801e+01,4.310735030247683852e+01,6.342118242475348922e+01,5.234566327008719355e+01,0.000000000000000000e+00,5.513423901623606582e+01,3.568675037382766391e+01,3.692167128372560114e+01,7.327270327146412399e+01,6.573241503594262269e+01,2.370660595760202582e+01,4.993364491548214090e+01,2.182794372217961865e+01,3.798424894403697039e+01,5.500065728208530658e+01,4.853797528811928430e+01,4.841391560300800023e+01,2.959608634644778036e+01,4.150210365592829476e+01,2.791252313171231236e+01,4.324252241384554907e+01,8.247720636152502394e+00,2.800435062131084862e+01,1.909890303930528788e+01,6.806104730721266094e+01,3.404664846469508177e+01,5.976786237118339074e+01,5.005627783288591814e+01,6.153848449102144258e+01,5.349744773943920251e+01,2.793221401111378199e+01,5.335753349334788709e+01,5.554874331702968249e+01,7.493175714481179739e+01,6.545518357083237504e+01,7.928650501843819143e+01,5.289800703761837752e+01,5.772388887243867828e+01,3.684000234516227579e+01,3.824349848532696683e+01,4.934573451305840308e+01,4.627781693136505936e+01,6.264124945279823464e+01,5.229947127611097102e+01,6.607988899632188406e+01
3.929662666291442719e+01,4.491845674926113929e+01,2.588975198782893372e+01,4.296627459602394339e+01,2.683937155861117674e+01,2.832556776626960016e+01,1.111948742847380434e+00,7.204803135049724361e+00,1.290987363941111177e+01,4.491845674926113929e+01,4.345121112459156620e+01,2.418871337744135275e+01,1.638803750104701251e+01,3.112623084511985283e+01,2.683937155861117674e+01,3.875246984815247941e+01,1.207243352883079623e+01,1.223116846666997226e+01,2.251510057721494107e+01,5.513423901623606582e+01,0.000000000000000000e+00,3.227177708230973252e+01,3.068946378386468510e+01,2.019894541628543294e+01,3.730822576573663696e+01,3.602686538232913449e+01,1.184388552638129433e+01,3.389400148408691393e+01,1.757704219130911838e+01,3.460641174004137355e+01,1.224469889936596090e+01,2.418871337744135275e+01,2.636661305703857039e+01,2.867847267649472798e+01,3.077725750447143582e+01,1.800290315813346709e+01,4.740239289953794355e+01,2.782293904020214015e+01,3.974059195549854451e+01,1.556728239986332518e+01,4.336600097104784624e+01,6.808867744589417015e+00,3.335677439636935304e+01,1.237905931501352264e+01,2.719872786162421008e+00,3.497460231422385846e+01,4.232127286302730340e+01,3.814566952719145121e+01,1.979751912177776774e+01,1.341249867433566934e+01,2.419243435695950240e+01,2.735277588133687132e+01,2.606619548536214914e+00,2.570956076564621640e+01,2.894262306679483032e+01,7.155309466894064663e+00,4.505786859451948345e+01,3.314727010694598874e+01,2.441429459576518113e+01,1.780236836515247845e+01
4.048536281602277143e+01,6.092947281631334988e+01,1.043401713366502115e+01,3.194131191637228540e+01,2.937065124943353922e+01,4.185289272263686655e+01,3.255785690353543060e+01,2.862077972420126670e+01,3.953725073924660904e+01,6.092947281631334988e+01,4.565103425877313015e+01,4.331649154856993533e+01,4.597513459868874008e+01,3.150228301154370669e+01,1.655579873087351928e+01,2.326006486290441089e+01,2.318409945996855015e+01,4.424032197266920008e+01,4.494734718076418289e+01,3.568675037382766391e+01,3.227177708230973252e+01,0.000000000000000000e+00,1.759458739696707852e+00,4.394736775458925138e+01,3.005356451319478239e+01,1.230720503863811821e+01,3.555443721825052705e+01,2.514101899345653734e+01,2.443053638568477837e+01,5.459317412143269621e+01,2.060135230060681266e+01,4.331649154856993533e+01,2.462053873499802847e+01,6.192486525424433452e+00,1.043401713366501582e+01,1.433535781593843872e+01,2.779871857118451572e+01,1.557346887216164610e+01,1.667923114271070517e+01,3.906594627913781181e+01,4.740239289953794355e+01,3.326424228688878770e+01,1.451951779350769201e+01,3.204733606742788510e+01,2.963946140441496269e+01,7.783641199931662591e+00,5.861246371827395762e+01,5.719261442944249296e+01,4.941544951611415115e+01,3.665930136010580753e+01,5.281603004527455170e+01,1.754804674678963750e+01,3.417674970163484005e+01,6.816055658412166096e+00,3.891337330596977040e+01,2.514057210547927923e+01,5.623811291995233574e+01,2.699838746349620067e+01,1.758500527409429282e+01,4.929648225703061826e+01
4.050712078196282562e+01,6.038399607412107883e+01,8.792620216549710932e+00,3.256339913526783647e+01,2.780165459270400419e+01,4.121932155658205943e+01,3.095023065226656200e+01,2.723562265456141773e+01,3.825682134254289224e+01,6.038399607412107883e+01,4.569738962675656069e+01,4.242882058687968083e+01,4.425458007092337454e+01,3.004500394051256862e+01,1.638501008087306587e+01,2.397906305767955715e+01,2.190704194586486153e+01,4.271095985666114103e+01,4.392405539620069987e+01,3.692167128372560114e+01,3.068946378386468510e+01,1.759458739696707852e+00,0.000000000000000000e+00,4.218790949759942066e+01,2.891066731403189749e+01,1.334338491416856343e+01,3.432345519229301090e+01,2.539657981383636809e+01,2.353941985736000930e+01,5.378860498554778502e+01,1.892574422238897469e+01,4.242882058687968083e+01,2.432835928790400004e+01,4.652062410542638027e+00,1.081091718992955819e+01,1.270992264386734050e+01,2.894280479830189989e+01,1.551199112904233957e+01,1.784335581582853081e+01,3.730822576573663696e+01,4.736880813802650181e+01,3.155561276925219971e+01,1.361924750783700944e+01,3.029051468881637277e+01,2.804087412374255095e+01,8.999488067665122770e+00,5.803449964350279089e+01,5.645805035056027066e+01,4.768948117062453207e+01,3.490435643945565403e+01,5.107188705460596623e+01,1.609550810817414401e+01,3.255414099404750772e+01,5.564733791245512151e+00,3.840849617100623448e+01,2.357788142665983955e+01,5.591231428722426244e+01,2.571975449687125703e+01,1.598135751214754663e+01,4.782568329049769318e+01
5.949547269669556471e+01,6.258798335938276125e+01,3.427002068303325188e+01,6.227773003149189890e+01,2.180075863213769338e+01,4.789101717896363652e+01,1.909770524683222348e+01,2.723540429065981883e+01,3.051085052823720645e+01,6.258798335938276125e+01,6.361402875811202762e+01,4.279694163827621622e+01,9.522854830797481185e+00,2.459768963888924631e+01,4.459443244578685750e+01,5.696330889823365595e+01,3.089043781971210123e+01,2.216034247121717726e+01,4.006375187742949606e+01,7.327270327146412399e+01,2.019894541628543294e+01,4.394736775458925138e+01,4.218790949759942066e+01,0.000000000000000000e+00,3.275029379919931927e+01,5.167251989806521806e+01,3.116422569224350170e+01,5.301236564636084125e+01,3.720882678924470355e+01,5.156993980878326056e+01,2.499043278226396581e+01,4.279694163827621622e+01,4.587513976750957312e+01,3.840534828718636362e+01,4.651428084998652679e+01,3.101367523169825446e+01,6.518954973887201731e+01,4.527511102069988169e+01,5.600794933854465540e+01,5.213152008176852092e+00,6.343938181906960949e+01,1.395294343984752494e+01,3.783312234190120904e+01,1.207107712497947816e+01,2.074094706570274838e+01,4.924131096181680078e+01,6.007526060736140749e+01,5.516429684355112784e+01,1.050049219665019962e+01,7.819858688610559661e+00,1.087014996369788378e+01,3.067163259993624180e+01,1.784304831486798193e+01,3.890779550717012114e+01,4.894462978158171040e+01,2.419101247070051741e+01,6.409086165825243597e+01,2.996874494193552607e+01,2.860631302955035338e+01,2.679340423816235628e+01
6.588770726562519542e+01,8.006799908143764810e+01,2.151920845126692328e+01,6.079838597832614511e+01,1.140124530907420564e+01,6.128990129512997243e+01,3.665628103783988934e+01,3.971908641855061006e+01,4.992288197636607094e+01,8.006799908143764810e+01,7.103373842600096566e+01,5.946555764329736604e+01,4.045980790249259229e+01,8.177748910475521882e+00,4.256210995400380170e+01,5.254525399124933216e+01,3.800439306263660200e+01,4.768948117062453207e+01,5.892696573585734399e+01,6.573241503594262269e+01,3.730822576573663696e+01,3.005356451319478239e+01,2.891066731403189749e+01,3.275029379919931927e+01,0.000000000000000000e+00,4.225405222820045736e+01,4.765609826955738981e+01,5.259943115445125983e+01,4.363812386616973527e+01,7.081615576845861426e+01,2.842963800011041187e+01,5.946555764329736604e+01,4.890921340019153973e+01,2.450083524732335860e+01,3.913249108062309034e+01,2.836345777770094045e+01,5.783741006667314366e+01,4.223371304034119333e+01,4.672174864989351306e+01,3.068946378386468510e+01,7.212034775631003924e+01,3.255842529350007908e+01,1.580437480665267103e+01,2.691899327733302627e+01,3.516178527989735869e+01,3.783083864809429286e+01,7.748594661742532708e+01,7.417619848688659090e+01,4.271095985666114103e+01,2.994732536814269253e+01,4.360160184528387362e+01,1.395603886892216394e+01,3.716508976993718960e+01,3.051372325789651896e+01,5.997438177796831837e+01,3.368331539077663450e+01,7.799825296137902342e+01,4.308383442196879187e+00,1.598135751214754130e+01,5.353452367722990601e+01
3.095670315675033635e+01,5.416680993014841761e+01,2.151920845126693038e+01,2.018761797970901739e+01,4.041642342871334392e+01,3.623901637031986667e+01,3.665628103783988934e+01,3.032861787733361680e+01,3.940313870390372131e+01,5.416680993014841761e+01,3.587540626034946456e+01,3.953239500844098586e+01,5.167834692716489542e+01,4.303812852513775766e+01,1.095887560582415254e+01,1.139651976284950230e+01,2.446662558390490361e+01,4.669387469264723478e+01,4.220131563875850844e+01,2.370660595760202582e+01,3.602686538232913449e+01,1.230720503863811821e+01,1.334338491416856343e+01,5.167251989806521806e+01,4.225405222820045736e+01,0.000000000000000000e+00,3.517738217462891015e+01,1.515076842878553975e+01,2.224310335583865594e+01,4.977723921666829199e+01,2.672593564885264072e+01,3.953239500844098586e+01,1.802221363178932734e+01,1.784334291225589553e+01,5.277591306996382237e+00,2.070292286283711647e+01,1.562688536999839428e+01,9.604700306678175536e+00,4.652111902941842736e+00,4.651275130521063517e+01,3.798153946409610171e+01,3.911386531840053493e+01,2.682576495801579952e+01,3.962764595155119451e+01,3.379914885849785833e+01,4.652111902941842736e+00,5.210727497503236805e+01,5.179814674913274786e+01,5.518893855218227884e+01,4.393743031087746687e+01,5.914868766216825691e+01,2.919848942130118630e+01,3.840849617100623448e+01,1.339170873988133081e+01,3.255414099404750772e+01,2.920033722720338076e+01,4.821804895056276052e+01,3.901360091117403073e+01,2.862194736553289331e+01,5.083344552374704506e+01
