0.000000000000000000e+00,1.302749136417491371e+01,2.251510057721494107e+01,6.295732502315203760e+01,1.393244279736964408e+01,3.448994663800860394e+01,6.405641547922230927e+01,5.457163130416651597e+01,4.262287191477893344e+01,1.559509165893920546e+01,2.345644483371894040e+01,2.867847267649472798e+01,6.232974631316058378e+01,4.719383943556044869e+01,4.023754686724262797e+01,4.672163607257116524e+01,5.412266203985072366e+01,1.609307834137673865e+01,3.698825411957398757e+01,1.228160869213727047e+01,1.645618995392671735e+01,5.727693292693063398e+01,2.567348722339558620e+01,1.933843740136821765e+01,2.161289728422569567e+01,4.133860742255335197e+01,4.586975086006158620e+01,3.028072862652859953e+01,5.809140227891462871e+01,3.005339705624274771e+01,1.237905931501352619e+01,2.861372931018071597e+01,4.970744049298451728e+01,5.872930426895727862e+01,5.677454113624541776e+01,2.839983454299778742e+01,5.640564571891485457e+01,1.360605882570147429e+01,5.661752492629765499e+01,1.229508361674917083e+01,3.187237867705283634e+01,5.519466395078566734e+01,5.222833917385092661e+01,2.753778915976327113e+01,4.186103128023825803e+01,2.452820569140558504e+01,2.512014710077211888e+01,2.790058001907564034e+01,4.292172132218795610e+01
1.302749136417491371e+01,0.000000000000000000e+00,2.842577623312054769e+01,6.289167911545501966e+01,2.457669227838974990e+01,2.473915181113299155e+01,5.711663361747014278e+01,5.620116810404876873e+01,3.102036056426264565e+01,2.719207337594870566e+01,2.900703991511159785e+01,1.649799239674675277e+01,5.400749924631972476e+01,4.634632772090743202e+01,3.650706309848358444e+01,4.439013643191204750e+01,4.701836151436451416e+01,1.379508353970724421e+01,2.398907741855580866e+01,2.470214471215529173e+01,2.863641142610068613e+01,5.829439242998726911e+01,1.379865935672045296e+01,1.660174690600879899e+01,2.566150746691052831e+01,3.095649922386171582e+01,4.747668493813378632e+01,1.811937041956540639e+01,4.839544045709509135e+01,2.779480792327061067e+01,9.529415920143538443e+00,1.668430109883878032e+01,5.047780065996460763e+01,5.043802292361814921e+01,5.436168037608668868e+01,3.479930325299496729e+01,5.558542801546734324e+01,4.651470837976968475e+00,4.875487749505388990e+01,5.559743714236903500e+00,3.773406944435717492e+01,4.494583076573287883e+01,4.567113923299509537e+01,3.424415536534067428e+01,3.558235977111618809e+01,1.346017881017028905e+01,3.075052960126331669e+01,1.514586358923888554e+01,4.410827995555621328e+01
2.251510057721494107e+01,2.842577623312054769e+01,0.000000000000000000e+00,4.234126479915047270e+01,1.223143617132118699e+01,3.383679249339395767e+01,5.257485393738720347e+01,3.295347951131333986e+01,4.468525314307252216e+01,1.470831214735206594e+01,1.111948742847380434e+00,4.409917543763489789e+01,5.367212343778569306e+01,2.832492802690148181e+01,2.669096110751132045e+01,2.984891773277229277e+01,4.399070978743950633e+01,1.664884507938275959e+01,4.649106602391965026e+01,1.779117988555809404e+01,1.716958690540482380e+01,3.599455802559209161e+01,3.281653357488278289e+01,1.631122841532202372e+01,4.224522534714578725e+00,4.036619461282417376e+01,2.461320577130706866e+01,3.675098252513216579e+01,5.289592132494667709e+01,1.756014978808183358e+01,1.930983975520757312e+01,4.453163599608279810e+01,2.894255265288173717e+01,5.037467144323271384e+01,3.898449107058553409e+01,6.374303933532546651e+00,3.679475052944365387e+01,3.201391238352017865e+01,4.763814968400322414e+01,3.161758063952744990e+01,9.518700357351976393e+00,5.168493595040524724e+01,4.134166667632560177e+01,5.869378212677144546e+00,3.233294474287264819e+01,4.183302055473747316e+01,2.605837590694957129e+00,3.715251050365031205e+01,2.223897485694761400e+01
6.295732502315203760e+01,6.289167911545501966e+01,4.234126479915047270e+01,0.000000000000000000e+00,5.455315042435857720e+01,4.861390006138189790e+01,3.400055252432962760e+01,1.080465984117018508e+01,5.639520482342172869e+01,5.670938588521642032e+01,4.123166809974814839e+01,7.327222588290950966e+01,4.105487996728915334e+01,1.659485416331829910e+01,2.843227907207727512e+01,1.983890004549358110e+01,3.413830486656254948e+01,4.940123583578363053e+01,6.768660735939060658e+01,6.010663586230250388e+01,5.894892412676826865e+01,7.203169140227605460e+00,5.769716729984450154e+01,4.634056743836984538e+01,4.169892944607516228e+01,5.001546734324927712e+01,1.779117988555809404e+01,5.862543115063914456e+01,4.785592463047164813e+01,3.514664689159621247e+01,5.403177490067519528e+01,7.416951595200779934e+01,1.341231296247666371e+01,4.021089662898206285e+01,1.301195674007445469e+01,3.901283024407039335e+01,7.773614237546158101e+00,6.749443920557902743e+01,3.778711464767395967e+01,6.794743082381033616e+01,3.581472002710943059e+01,5.046609388291469855e+01,3.191469721193912079e+01,4.012215664853727759e+01,3.443486731365247522e+01,7.371414815658471298e+01,4.005318347827935810e+01,6.198782315747543237e+01,2.019854195890199122e+01
1.393244279736964408e+01,2.457669227838974990e+01,1.223143617132118699e+01,5.455315042435857720e+01,0.000000000000000000e+00,3.888635028177372277e+01,6.282816870615054228e+01,4.499313488747955603e+01,4.889982638623690292e+01,3.510483601324145386e+00,1.334338491416856698e+01,4.106486823155345434e+01,6.289001916171176276e+01,4.039735241619408868e+01,3.713277768312912031e+01,4.148014494100571170e+01,5.360627689648953975e+01,1.857922745559891098e+01,4.692783193651941787e+01,5.559743714236904388e+00,6.031653429847892767e+00,4.812133583974586770e+01,3.383679249339395767e+01,2.038784449690336587e+01,1.395192035553718135e+01,4.588523967582109009e+01,3.679470141754414669e+01,3.838021999973211251e+01,6.067969963356490126e+01,2.701816968026047050e+01,1.822272540401240448e+01,4.120013680724041905e+01,4.116451565027459480e+01,5.941768102517718830e+01,5.093376306412212529e+01,1.648769728899897657e+01,4.900112123427099675e+01,2.668471087344923021e+01,5.687745722660002912e+01,2.568371378226008162e+01,2.008537896563517222e+01,5.870753118988100994e+01,5.118967003731275867e+01,1.544216797319041312e+01,4.137457056414805123e+01,3.754974509747201949e+01,1.451899929946473478e+01,3.733510100157444356e+01,3.447041102826880632e+01
3.448994663800860394e+01,2.473915181113299155e+01,3.383679249339395767e+01,4.861390006138189790e+01,3.888635028177372277e+01,0.000000000000000000e+00,3.338626356989961863e+01,4.583065788048634914e+01,1.096021724451302148e+01,4.237676139222541849e+01,3.356161611335490846e+01,2.685014914452223422e+01,2.941996704767725035e+01,3.313349881561543242e+01,2.040712256690267878e+01,2.883542407097839799e+01,2.350929758508614142e+01,2.040712256690267523e+01,1.907504787507903998e+01,4.216610830609786120e+01,4.474901570514865057e+01,4.649881895487865791e+01,1.223143617132118699e+01,1.860038013260900414e+01,2.961227021747506427e+01,7.034959605520201720e+00,3.863760544401319663e+01,1.081015211614666249e+01,2.377480103946348322e+01,1.918485770369480292e+01,2.241531375459872777e+01,2.791133675406683423e+01,3.945789110075352113e+01,2.589942145656408456e+01,3.702749794743753142e+01,3.848203776433798140e+01,4.084794026143996604e+01,2.862054478555423032e+01,2.450077898483177208e+01,3.004308046644774777e+01,3.949847198084506061e+01,2.070472054452000776e+01,2.289651578740710391e+01,3.865834917026143103e+01,1.470945376905364022e+01,2.919820615675821074e+01,3.465304212018911301e+01,1.502215794636638613e+01,3.526815740549244538e+01
6.405641547922230927e+01,5.711663361747014278e+01,5.257485393738720347e+01,3.400055252432962760e+01,6.282816870615054228e+01,3.338626356989961863e+01,0.000000000000000000e+00,3.936687749882170806e+01,3.450056675761454272e+01,6.612104067116669626e+01,5.168542363213838797e+01,5.970027821278553404e+01,8.136064505224663179e+00,2.961715680182742005e+01,2.589489328101806720e+01,2.501283033045365656e+01,1.009980006920283735e+01,4.798575941782669219e+01,4.904963493235960925e+01,6.770627915067589697e+01,6.872662354344855373e+01,3.731732891976304245e+01,4.561024479661367792e+01,4.482855334842888340e+01,4.932535792284573262e+01,2.970251420449607593e+01,3.837399710324668689e+01,4.370709866788748599e+01,1.732222565833590622e+01,3.581082074599166276e+01,5.185632167551865024e+01,6.079820087307700049e+01,3.526444182758993406e+01,9.501868451667951021e+00,2.222205046879167512e+01,5.350418970226265714e+01,2.910346019076607504e+01,6.139928239113861252e+01,9.303482887924927169e+00,6.264024177306031760e+01,5.211242213085160557e+01,2.153978422268838600e+01,1.184630988873540502e+01,5.431836564342506080e+01,2.219699575933218583e+01,6.250715906851824855e+01,5.165218509562558324e+01,4.812337806273131235e+01,3.713911225394792126e+01
5.457163130416651597e+01,5.620116810404876873e+01,3.295347951131333986e+01,1.080465984117018508e+01,4.499313488747955603e+01,4.583065788048634914e+01,3.936687749882170806e+01,0.000000000000000000e+00,5.503303944827274563e+01,4.687912515814407755e+01,3.186620939991946244e+01,6.826920039342260793e+01,4.522931203175345161e+01,1.300773506815238001e+01,2.563739438170485130e+01,1.821222218605641530e+01,3.671158381414506522e+01,4.242331100812655365e+01,6.451812076962319509e+01,5.049618737943365687e+01,4.900102912453666448e+01,3.601490705865560749e+00,5.311579704453158257e+01,3.966699668064745055e+01,3.297583300452993882e+01,4.870429332861490934e+01,8.784925387751439274e+00,5.483680907419289952e+01,5.038858152651327771e+01,2.935485433671424360e+01,4.691211541284737763e+01,6.907044225249585168e+01,6.373737798546810218e+00,4.358020586709614008e+01,1.722326766440841439e+01,2.894252148287342052e+01,1.049521727720577147e+01,6.066938410347508892e+01,4.081333438545092207e+01,6.089977544498739803e+01,2.557482108548975575e+01,5.213187425775451089e+01,3.400620862250625720e+01,3.005329166901260862e+01,3.318360687263643172e+01,6.801148806073717878e+01,3.050990230012103765e+01,5.765068699642504413e+01,1.209318017708521253e+01
4.262287191477893344e+01,3.102036056426264565e+01,4.468525314307252216e+01,5.639520482342172869e+01,4.889982638623690292e+01,1.096021724451302148e+01,3.450056675761454272e+01,5.503303944827274563e+01,0.000000000000000000e+00,5.233558650360857456e+01,4.444943799809210816e+01,2.682573061577655693e+01,2.832853591902451740e+01,4.206353075776682715e+01,2.942117027485763714e+01,3.720786840634887227e+01,2.608240031690751337e+01,3.033163662972772556e+01,1.471042135692925612e+01,5.166613757690894460e+01,5.459171185140581173e+01,5.525670897098876111e+01,1.723182674610739440e+01,2.901918486474919590e+01,4.046455234425865655e+01,6.392578757905314824e+00,4.847203485062224360e+01,1.304230100137853476e+01,2.001507737125285047e+01,2.997981944228319762e+01,3.140429204419211828e+01,2.793214802695069210e+01,4.872466056819141755e+01,2.539469901359316140e+01,4.394736775458925138e+01,4.943423806423694344e+01,4.878058479366885791e+01,3.390540566367031516e+01,2.522502711602254166e+01,3.556948300416003406e+01,5.044988898191625282e+01,1.562690011286380631e+01,2.671556466489776938e+01,4.959654708827027747e+01,2.207880537883404415e+01,3.078662192637181860e+01,4.557794802174290538e+01,1.699408414877563089e+01,4.523526333215345829e+01
1.559509165893920546e+01,2.719207337594870566e+01,1.470831214735206594e+01,5.670938588521642032e+01,3.510483601324145386e+00,4.237676139222541849e+01,6.612104067116669626e+01,4.687912515814407755e+01,5.233558650360857456e+01,0.000000000000000000e+00,1.580246994635271740e+01,4.359624888665167930e+01,6.630983466926453218e+01,4.303298087827099749e+01,4.035031087473500122e+01,4.438502240151422740e+01,5.697662292968854558e+01,2.203829080211523817e+01,5.000565082582935617e+01,4.301818818681824474e+00,2.605664378665279557e+00,5.011132535693452894e+01,3.706976225715686013e+01,2.389560486663328120e+01,1.698435512659654023e+01,4.938105955952060810e+01,3.891820599965832628e+01,4.164585283488703737e+01,6.417841928698517506e+01,3.033145456467563150e+01,2.145165297946551419e+01,4.366709364064062271e+01,4.338725916967654683e+01,6.284949984198026129e+01,5.367310334741456757e+01,1.799722887394331039e+01,5.143738156599175682e+01,2.889777557971394373e+01,6.029007874759680874e+01,2.775463212962793236e+01,2.151606553636048602e+01,6.221770784106515606e+01,5.452837553745636257e+01,1.689884365667612087e+01,4.478295637141574304e+01,3.984020441144101454e+01,1.673442468529255933e+01,4.044085382144495355e+01,3.679470141754414669e+01
2.345644483371894040e+01,2.900703991511159785e+01,1.111948742847380434e+00,4.123166809974814839e+01,1.334338491416856698e+01,3.356161611335490846e+01,5.168542363213838797e+01,3.186620939991946244e+01,4.444943799809210816e+01,1.580246994635271740e+01,0.000000000000000000e+00,4.453163599608279810e+01,5.289476367156463255e+01,2.723447222546960944e+01,2.581975008775349778e+01,2.881619023202988927e+01,4.318224215137159661e+01,1.690677534375868518e+01,4.661058989222229343e+01,1.890312862840547226e+01,1.825168607856722858e+01,3.489574640317017895e+01,3.294813933924718441e+01,1.634908567545991076e+01,4.075556482198647856e+00,4.001239529653078364e+01,2.350836889390136264e+01,3.680141310578616753e+01,5.227281992067000971e+01,1.687799426626851584e+01,1.978424528438203822e+01,4.498742929651985634e+01,2.783187783319907993e+01,4.962041205596476345e+01,3.790711982705006733e+01,5.869378212677144546e+00,3.568593162700397414e+01,3.268280337325582252e+01,4.686623448623779353e+01,3.233294474287264819e+01,8.775245091684563903e+00,5.114384864179756818e+01,4.051085969473886195e+01,5.544394519087682660e+00,3.161758063952744990e+01,4.237628486526070759e+01,1.755306106899674479e+00,3.733510100157444356e+01,2.112702611410023223e+01
2.867847267649472798e+01,1.649799239674675277e+01,4.409917543763489789e+01,7.327222588290950966e+01,4.106486823155345434e+01,2.685014914452223422e+01,5.970027821278553404e+01,6.826920039342260793e+01,2.682573061577655693e+01,4.359624888665167930e+01,4.453163599608279810e+01,0.000000000000000000e+00,5.455365160757357046e+01,5.683889988140926874e+01,4.505722983596388787e+01,5.362274160979038840e+01,5.012543893266420270e+01,2.790854338173824090e+01,1.339253372148146859e+01,4.083842495461902899e+01,4.489734384385170074e+01,6.979113001072988709e+01,1.564943949462529638e+01,2.964856867092701620e+01,4.082795078183939808e+01,3.014614291223492160e+01,5.990292043097316110e+01,1.609537952338029143e+01,4.678139235907175930e+01,3.891484151646164946e+01,2.480187068122480198e+01,1.111948742847381322e+00,6.211050852121753962e+01,5.131283323793181950e+01,6.284160421652639883e+01,5.039971493478555686e+01,6.558073982909552058e+01,1.515016890847939912e+01,5.049956821158583153e+01,1.668430109883878032e+01,5.303037678831906021e+01,4.245159968523473992e+01,4.971706822199251263e+01,4.996855226312296594e+01,4.118921121925502860e+01,5.277199138277216761e+00,4.622342154590221952e+01,1.184752975757148974e+01,5.640183756757549816e+01
6.232974631316058378e+01,5.400749924631972476e+01,5.367212343778569306e+01,4.105487996728915334e+01,6.289001916171176276e+01,2.941996704767725035e+01,8.136064505224663179e+00,4.522931203175345161e+01,2.832853591902451740e+01,6.630983466926453218e+01,5.289476367156463255e+01,5.455365160757357046e+01,0.000000000000000000e+00,3.416134850186383431e+01,2.743752780010980175e+01,2.900657329807618368e+01,9.886188997048140692e+00,4.655420345650144043e+01,4.303870575901675721e+01,6.739776526972100612e+01,6.889897906056727095e+01,4.358555089885837930e+01,4.150157172618027346e+01,4.363409524715732601e+01,5.003931438217401251e+01,2.446287234264237398e+01,4.293909884928494591e+01,3.894206187457165669e+01,9.503802578169281645e+00,3.623159090733489762e+01,4.995635855018622351e+01,5.566423873894066077e+01,4.044558879117595040e+01,3.603511464059064640e+00,2.858506682996358705e+01,5.552444293811411313e+01,3.539762864384985619e+01,5.801945558651775059e+01,6.041156341064044533e+00,5.940406407113541576e+01,5.462729209805387143e+01,1.400279081455838082e+01,1.277825853196694617e+01,5.622151593483798848e+01,2.153445707486034877e+01,5.783739415794642014e+01,5.313020288984385786e+01,4.338741136587949399e+01,4.115487854276609880e+01
4.719383943556044869e+01,4.634632772090743202e+01,2.832492802690148181e+01,1.659485416331829910e+01,4.039735241619408868e+01,3.313349881561543242e+01,2.961715680182742005e+01,1.300773506815238001e+01,4.206353075776682715e+01,4.303298087827099749e+01,2.723447222546960944e+01,5.683889988140926874e+01,3.416134850186383431e+01,0.000000000000000000e+00,1.275996458250602572e+01,5.437074381845537374e+00,2.488856034436012266e+01,3.297978685760826778e+01,5.203865548411896214e+01,4.591265223035293275e+01,4.548295258304796818e+01,1.336631630109346780e+01,4.135047275534736855e+01,2.985086213335909378e+01,2.672134282035458952e+01,3.571839262980828522e+01,8.806837322593356276e+00,4.260869570998126932e+01,3.818062673812713825e+01,1.856682760099538854e+01,3.762781907539476833e+01,5.771318194548950942e+01,6.883005799588294948e+00,3.200290214660319776e+01,1.080635414146643036e+01,2.676761969963001064e+01,9.301426138518683828e+00,5.096408102621445835e+01,2.911036213035533748e+01,5.146587457660949383e+01,2.440839044102655819e+01,3.954210886960161275e+01,2.201850724534569537e+01,2.778749385400588423e+01,2.017643783605457841e+01,5.714747018012419488e+01,2.646149679034157742e+01,4.574342872600421117e+01,7.774544597417070158e+00
4.023754686724262797e+01,3.650706309848358444e+01,2.669096110751132045e+01,2.843227907207727512e+01,3.713277768312912031e+01,2.040712256690267878e+01,2.589489328101806720e+01,2.563739438170485130e+01,2.942117027485763714e+01,4.035031087473500122e+01,2.581975008775349778e+01,4.505722983596388787e+01,2.743752780010980175e+01,1.275996458250602572e+01,0.000000000000000000e+00,8.608270089205539932e+00,1.757568400437750711e+01,2.446287234264237753e+01,3.939629298353658982e+01,4.219813894769116303e+01,4.295198554281812164e+01,2.610964709604904499e+01,2.941555275530108915e+01,2.112702611410023223e+01,2.345879344365905794e+01,2.313452507831317462e+01,1.931763781799133284e+01,3.019384063794521822e+01,2.865473399109213304e+01,1.037064883738729115e+01,2.894265448741981217e+01,4.599421301592784062e+01,1.930785540041900816e+01,2.439553095854536480e+01,1.801185027016990503e+01,2.809418235266602792e+01,2.066753079037786023e+01,4.114800047772065739e+01,2.151316204451397951e+01,4.194441569976886797e+01,2.725049836510779855e+01,2.894645802927683675e+01,1.478813942255704816e+01,2.881120046590573835e+01,8.164638950713909438e+00,4.593221841998475696e+01,2.587540302635416722e+01,3.360475700927369047e+01,1.634908567545991076e+01
4.672163607257116524e+01,4.439013643191204750e+01,2.984891773277229277e+01,1.983890004549358110e+01,4.148014494100571170e+01,2.883542407097839799e+01,2.501283033045365656e+01,1.821222218605641530e+01,3.720786840634887227e+01,4.438502240151422740e+01,2.881619023202988927e+01,5.362274160979038840e+01,2.900657329807618368e+01,5.437074381845537374e+00,8.608270089205539932e+00,0.000000000000000000e+00,1.956315612625357403e+01,3.160620127372433430e+01,4.788993778355698083e+01,4.686819792688845610e+01,4.692182061414392535e+01,1.806600076341844741e+01,3.799361176144611107e+01,2.832595255038591375e+01,2.753848755341007148e+01,3.082510559735383637e+01,1.399118129179612602e+01,3.879052210078548768e+01,3.275431436697716947e+01,1.689948643641932691e+01,3.622631211520619132e+01,5.454859529167232068e+01,1.228011517804271691e+01,2.670935043296280043e+01,1.009946147033274855e+01,2.939774543237932392e+01,1.206769275880644798e+01,4.904116682662297677e+01,2.379604010084181098e+01,4.971155162701435160e+01,2.753640116777500779e+01,3.411501072587395100e+01,1.666456403251163820e+01,3.032930574229112963e+01,1.515225273621674340e+01,5.436025204810896838e+01,2.834847918908678466e+01,4.220977287734178418e+01,1.221064641146758767e+01
5.412266203985072366e+01,4.701836151436451416e+01,4.399070978743950633e+01,3.413830486656254948e+01,5.360627689648953975e+01,2.350929758508614142e+01,1.009980006920283735e+01,3.671158381414506522e+01,2.608240031690751337e+01,5.697662292968854558e+01,4.318224215137159661e+01,5.012543893266420270e+01,9.886188997048140692e+00,2.488856034436012266e+01,1.757568400437750711e+01,1.956315612625357403e+01,0.000000000000000000e+00,3.809679769259999205e+01,4.017430439125140396e+01,5.830193543579023441e+01,5.957752902068655487e+01,3.551109088721863571e+01,3.568649277894679273e+01,3.500141858841088549e+01,4.046499760622491948e+01,2.059500557560986778e+01,3.355380900802965272e+01,3.404685304087750808e+01,1.380816148624967177e+01,2.670322777993640884e+01,4.186279633602664063e+01,5.121134541085907443e+01,3.145787017577313804e+01,7.165676239274736403e+00,2.115403433347378481e+01,4.566986304427084065e+01,2.756662893165883688e+01,5.131251146316219547e+01,4.235177999070049104e+00,5.254462553378619560e+01,4.474161217142056302e+01,1.640914439025767635e+01,2.941803275147931274e+00,4.638175482707191577e+01,1.238171184907843880e+01,5.270365339123484461e+01,4.335697407377622881e+01,3.841502679560952060e+01,3.155147765946350802e+01
1.609307834137673865e+01,1.379508353970724421e+01,1.664884507938275959e+01,4.940123583578363053e+01,1.857922745559891098e+01,2.040712256690267523e+01,4.798575941782669219e+01,4.242331100812655365e+01,3.033163662972772556e+01,2.203829080211523817e+01,1.690677534375868518e+01,2.790854338173824090e+01,4.655420345650144043e+01,3.297978685760826778e+01,2.446287234264237753e+01,3.160620127372433430e+01,3.809679769259999205e+01,0.000000000000000000e+00,2.998721156254049092e+01,2.179478936701308811e+01,2.436402871591534591e+01,4.458008253218477535e+01,1.633531819853791944e+01,3.335846228542144853e+00,1.301900717268951624e+01,2.743752780010980530e+01,3.368697099779868154e+01,2.054365424671481222e+01,4.306680004037986720e+01,1.470905156356965371e+01,4.651176662205779522e+00,2.845694192738148232e+01,3.677017603283436387e+01,4.296986266617399508e+01,4.170015201222355472e+01,2.274353711687080093e+01,4.227552289875401215e+01,1.825061467246080227e+01,4.073917509791223068e+01,1.857035488910983290e+01,2.517506346676000106e+01,4.066867636001693143e+01,3.614896227410230978e+01,2.244254331649069201e+01,2.578940581804730670e+01,2.636840460273724673e+01,1.852347051721713811e+01,2.054365424671481222e+01,3.033360588475462194e+01
3.698825411957398757e+01,2.398907741855580866e+01,4.649106602391965026e+01,6.768660735939060658e+01,4.692783193651941787e+01,1.907504787507903998e+01,4.904963493235960925e+01,6.451812076962319509e+01,1.471042135692925612e+01,5.000565082582935617e+01,4.661058989222229343e+01,1.339253372148146859e+01,4.303870575901675721e+01,5.203865548411896214e+01,3.939629298353658982e+01,4.788993778355698083e+01,4.017430439125140396e+01,2.998721156254049092e+01,0.000000000000000000e+00,4.816307985273158465e+01,5.181620902695028263e+01,6.539336617177364985e+01,1.367654782741667674e+01,3.029487262553450933e+01,4.256690659640740648e+01,1.958191373252411083e+01,5.688796857432237886e+01,1.010986231216301334e+01,3.457815873959366826e+01,3.620451477550938080e+01,2.880007807936911135e+01,1.441519509530048815e+01,5.815475726244456922e+01,4.007128902521425573e+01,5.601011410967364412e+01,5.229210381019291276e+01,5.991851692748086577e+01,2.503546236691846971e+01,3.974718911376302088e+01,2.678927558121438324e+01,5.421954104377619643e+01,3.005357984956392059e+01,4.037468176623092830e+01,5.213818687688164744e+01,3.360649458667128897e+01,1.825983918953038909e+01,4.810093831151198884e+01,9.608219185527310913e+00,5.342115708035144905e+01
1.228160869213727047e+01,2.470214471215529173e+01,1.779117988555809404e+01,6.010663586230250388e+01,5.559743714236904388e+00,4.216610830609786120e+01,6.770627915067589697e+01,5.049618737943365687e+01,5.166613757690894460e+01,4.301818818681824474e+00,1.890312862840547226e+01,4.083842495461902899e+01,6.739776526972100612e+01,4.591265223035293275e+01,4.219813894769116303e+01,4.686819792688845610e+01,5.830193543579023441e+01,2.179478936701308811e+01,4.816307985273158465e+01,0.000000000000000000e+00,4.223078616009627417e+00,5.364921822411908181e+01,3.570369276344658971e+01,2.413674075216236403e+01,1.933748775259169861e+01,4.920106575899664847e+01,4.234126479915047270e+01,4.034346338711911528e+01,6.467441611905903187e+01,3.194593157900573388e+01,2.030851229378535194e+01,4.082328407621476885e+01,4.672159245334057687e+01,6.388013909972365667e+01,5.640525217622973031e+01,2.181410353423772364e+01,5.455318354908779810e+01,2.586114352004535633e+01,6.142387315602020692e+01,2.457669227838974990e+01,2.538752251606199195e+01,6.243293338346040144e+01,5.597768101053938494e+01,2.073902608016605242e+01,4.597493710220411600e+01,3.680141310578616753e+01,2.006110644255290154e+01,3.871700294920766083e+01,4.003015474250570804e+01
1.645618995392671735e+01,2.863641142610068613e+01,1.716958690540482380e+01,5.894892412676826865e+01,6.031653429847892767e+00,4.474901570514865057e+01,6.872662354344855373e+01,4.900102912453666448e+01,5.459171185140581173e+01,2.605664378665279557e+00,1.825168607856722858e+01,4.489734384385170074e+01,6.889897906056727095e+01,4.548295258304796818e+01,4.295198554281812164e+01,4.692182061414392535e+01,5.957752902068655487e+01,2.436402871591534591e+01,5.181620902695028263e+01,4.223078616009627417e+00,0.000000000000000000e+00,5.227922341371399284e+01,3.906979464999132290e+01,2.633926205902999484e+01,1.956891225234226184e+01,5.176638237652758079e+01,4.116450468579536448e+01,4.367666233458361802e+01,6.670182794234449375e+01,3.293666411821632778e+01,2.349477588836860775e+01,4.491111125589934261e+01,4.567072159485492477e+01,6.543390898908138809e+01,5.615379313853884469e+01,2.006107270496933381e+01,5.380382401940791226e+01,2.999384626241030105e+01,6.288150547279770564e+01,2.874415087280383219e+01,2.350825376793191523e+01,6.469333888295747670e+01,5.713272294742018431e+01,1.895182281045467221e+01,4.737521954678627623e+01,4.094433320293077827e+01,1.909723125588336501e+01,4.229602288684041866e+01,3.913086660453764409e+01
5.727693292693063398e+01,5.829439242998726911e+01,3.599455802559209161e+01,7.203169140227605460e+00,4.812133583974586770e+01,4.649881895487865791e+01,3.731732891976304245e+01,3.601490705865560749e+00,5.525670897098876111e+01,5.011132535693452894e+01,3.489574640317017895e+01,6.979113001072988709e+01,4.358555089885837930e+01,1.336631630109346780e+01,2.610964709604904499e+01,1.806600076341844741e+01,3.551109088721863571e+01,4.458008253218477535e+01,6.539336617177364985e+01,5.364921822411908181e+01,5.227922341371399284e+01,0.000000000000000000e+00,5.444798654275270167e+01,4.169965620032989762e+01,3.575748963357248300e+01,4.888073781990247113e+01,1.144627302194032126e+01,5.589665260597500662e+01,4.929648225703061826e+01,3.098867300850427142e+01,4.913627898913997427e+01,7.062763396017871287e+01,7.816993178725503810e+00,4.218056335851660776e+01,1.510828342362254162e+01,3.224651354257403568e+01,8.224136216029135582e+00,6.282051598655372970e+01,3.950331094790600162e+01,6.313113686583898954e+01,2.894252148287342052e+01,5.133067402417758984e+01,3.293224221416912911e+01,3.335846228542141745e+01,3.321779788470749395e+01,6.977849605741577932e+01,3.360626293062364311e+01,5.891210549992774048e+01,1.440658882401489649e+01
2.567348722339558620e+01,1.379865935672045296e+01,3.281653357488278289e+01,5.769716729984450154e+01,3.383679249339395767e+01,1.223143617132118699e+01,4.561024479661367792e+01,5.311579704453158257e+01,1.723182674610739440e+01,3.706976225715686013e+01,3.294813933924718441e+01,1.564943949462529638e+01,4.150157172618027346e+01,4.135047275534736855e+01,2.941555275530108915e+01,3.799361176144611107e+01,3.568649277894679273e+01,1.633531819853791944e+01,1.367654782741667674e+01,3.570369276344658971e+01,3.906979464999132290e+01,5.444798654275270167e+01,0.000000000000000000e+00,1.667244705218652001e+01,2.891512333037860216e+01,1.754720855451811801e+01,4.498102963839382085e+01,4.653415762297647973e+00,3.509525520762149853e+01,2.391797893258952712e+01,1.562153703425658691e+01,1.660770022200349061e+01,4.686319967301738387e+01,3.802659130132611409e+01,4.720044066430271101e+01,3.865834917026143813e+01,4.998198433547032948e+01,1.699138343217205716e+01,3.671959047877707860e+01,1.857301135741839460e+01,4.068580095486669990e+01,3.140565850061626563e+01,3.489824736247982884e+01,3.848203776433798140e+01,2.579131874533055679e+01,1.717280727609471214e+01,3.445624178736971288e+01,4.653415762297647085e+00,4.147129705429698276e+01
1.933843740136821765e+01,1.660174690600879899e+01,1.631122841532202372e+01,4.634056743836984538e+01,2.038784449690336587e+01,1.860038013260900414e+01,4.482855334842888340e+01,3.966699668064745055e+01,2.901918486474919590e+01,2.389560486663328120e+01,1.634908567545991076e+01,2.964856867092701620e+01,4.363409524715732601e+01,2.985086213335909378e+01,2.112702611410023223e+01,2.832595255038591375e+01,3.500141858841088549e+01,3.335846228542144853e+00,3.029487262553450933e+01,2.413674075216236403e+01,2.633926205902999484e+01,4.169965620032989762e+01,1.667244705218652001e+01,0.000000000000000000e+00,1.228609366974478867e+01,2.554735018035116312e+01,3.099153729744665853e+01,2.045317676519723449e+01,4.053788024266889067e+01,1.144738081117596629e+01,7.901622274242387611e+00,3.028806620507474534e+01,3.388266362576661095e+01,4.006626069699391479e+01,3.841279847148889104e+01,2.199738326267565824e+01,3.913155791649574411e+01,2.116773314617296364e+01,3.776235051461038950e+01,2.161630522019785161e+01,2.404463495778216497e+01,3.836907642735199886e+01,3.298331945552258304e+01,2.185641142483010313e+01,2.264978060868113729e+01,2.859544250328926651e+01,1.780881607129163768e+01,2.116617017671550371e+01,2.757948830389637607e+01
2.161289728422569567e+01,2.566150746691052831e+01,4.224522534714578725e+00,4.169892944607516228e+01,1.395192035553718135e+01,2.961227021747506427e+01,4.932535792284573262e+01,3.297583300452993882e+01,4.046455234425865655e+01,1.698435512659654023e+01,4.075556482198647856e+00,4.082795078183939808e+01,5.003931438217401251e+01,2.672134282035458952e+01,2.345879344365905794e+01,2.753848755341007148e+01,4.046499760622491948e+01,1.301900717268951624e+01,4.256690659640740648e+01,1.933748775259169861e+01,1.956891225234226184e+01,3.575748963357248300e+01,2.891512333037860216e+01,1.228609366974478867e+01,0.000000000000000000e+00,3.615340561182600965e+01,2.431858693906194802e+01,3.273423138399739685e+01,4.892928734953953551e+01,1.380923246218618416e+01,1.624756763025087025e+01,4.132461439948419013e+01,2.832480031367232698e+01,4.668373582225488150e+01,3.709483525203454946e+01,9.763941236208260932e+00,3.560829050281505914e+01,2.956642755943918388e+01,4.399822255071390487e+01,2.936875749130499358e+01,1.220471987561633398e+01,4.760467304140530587e+01,3.789511563034854902e+01,9.572108359393372012e+00,2.857929331411902041e+01,3.889647049155069425e+01,5.546349124984192969e+00,3.333310163360312828e+01,2.151653766444463756e+01
4.133860742255335197e+01,3.095649922386171582e+01,4.036619461282417376e+01,5.001546734324927712e+01,4.588523967582109009e+01,7.034959605520201720e+00,2.970251420449607593e+01,4.870429332861490934e+01,6.392578757905314824e+00,4.938105955952060810e+01,4.001239529653078364e+01,3.014614291223492160e+01,2.446287234264237398e+01,3.571839262980828522e+01,2.313452507831317462e+01,3.082510559735383637e+01,2.059500557560986778e+01,2.743752780010980530e+01,1.958191373252411083e+01,4.920106575899664847e+01,5.176638237652758079e+01,4.888073781990247113e+01,1.754720855451811801e+01,2.554735018035116312e+01,3.615340561182600965e+01,0.000000000000000000e+00,4.230086629955690825e+01,1.451943855480590706e+01,1.754804674678963750e+01,2.460671078857771121e+01,2.938622382553660728e+01,3.125369710697415471e+01,4.241526156411062942e+01,2.117093897863293606e+01,3.762363843285098852e+01,4.466436339716938875e+01,4.239128821544165504e+01,3.449841177110816659e+01,2.042831397856657460e+01,3.603225077683761413e+01,4.537941600483235760e+01,1.400279081455838615e+01,2.086380819956312749e+01,4.492657930225806240e+01,1.568824911602011341e+01,3.338629106173684136e+01,4.099215940770640998e+01,1.895219503786220727e+01,3.912180040569204920e+01
4.586975086006158620e+01,4.747668493813378632e+01,2.461320577130706866e+01,1.779117988555809404e+01,3.679470141754414669e+01,3.863760544401319663e+01,3.837399710324668689e+01,8.784925387751439274e+00,4.847203485062224360e+01,3.891820599965832628e+01,2.350836889390136264e+01,5.990292043097316110e+01,4.293909884928494591e+01,8.806837322593356276e+00,1.931763781799133284e+01,1.399118129179612602e+01,3.355380900802965272e+01,3.368697099779868154e+01,5.688796857432237886e+01,4.234126479915047270e+01,4.116450468579536448e+01,1.144627302194032126e+01,4.498102963839382085e+01,3.099153729744665853e+01,2.431858693906194802e+01,4.230086629955690825e+01,0.000000000000000000e+00,4.701491902505223663e+01,4.659927297278655800e+01,2.107063319935668844e+01,3.815101009096492390e+01,6.067200447210798586e+01,4.650494397725480233e+00,4.069990132570000441e+01,1.809900712927955979e+01,2.130083091916099391e+01,1.338380958319744352e+01,5.192213972448473669e+01,3.778711464767395967e+01,5.213153426895060250e+01,1.825146365252313174e+01,4.764311398611460646e+01,3.064990012544385323e+01,2.240415515275592639e+01,2.739592532738139141e+01,5.945266308694002078e+01,2.228039992288527671e+01,4.957508055743523556e+01,3.510483601324143610e+00
3.028072862652859953e+01,1.811937041956540639e+01,3.675098252513216579e+01,5.862543115063914456e+01,3.838021999973211251e+01,1.081015211614666249e+01,4.370709866788748599e+01,5.483680907419289952e+01,1.304230100137853476e+01,4.164585283488703737e+01,3.680141310578616753e+01,1.609537952338029143e+01,3.894206187457165669e+01,4.260869570998126932e+01,3.019384063794521822e+01,3.879052210078548768e+01,3.404685304087750808e+01,2.054365424671481222e+01,1.010986231216301334e+01,4.034346338711911528e+01,4.367666233458361802e+01,5.589665260597500662e+01,4.653415762297647973e+00,2.045317676519723449e+01,3.273423138399739685e+01,1.451943855480590706e+01,4.701491902505223663e+01,0.000000000000000000e+00,3.187192714611011368e+01,2.617656888276639293e+01,2.019636627594963940e+01,1.717316837967082321e+01,4.850138219450207799e+01,3.558235977111618098e+01,4.749394230067334632e+01,4.239983933156624829e+01,5.085753450771918693e+01,2.086310517643736517e+01,3.457797247006391927e+01,2.252984543612767965e+01,4.421395360879724734e+01,2.791222626728498568e+01,3.362679771047127275e+01,4.229765200688559190e+01,2.539365405217824545e+01,1.890312862840547226e+01,3.823812848373801643e+01,4.447794971389525287e+00,4.352773735814110978e+01
5.809140227891462871e+01,4.839544045709509135e+01,5.289592132494667709e+01,4.785592463047164813e+01,6.067969963356490126e+01,2.377480103946348322e+01,1.732222565833590622e+01,5.038858152651327771e+01,2.001507737125285047e+01,6.417841928698517506e+01,5.227281992067000971e+01,4.678139235907175930e+01,9.503802578169281645e+00,3.818062673812713825e+01,2.865473399109213304e+01,3.275431436697716947e+01,1.380816148624967177e+01,4.306680004037986720e+01,3.457815873959366826e+01,6.467441611905903187e+01,6.670182794234449375e+01,4.929648225703061826e+01,3.509525520762149853e+01,4.053788024266889067e+01,4.892928734953953551e+01,1.754804674678963750e+01,4.659927297278655800e+01,3.187192714611011368e+01,0.000000000000000000e+00,3.542430543747081373e+01,4.581502553578675219e+01,4.789149425132407600e+01,4.492216274346265692e+01,8.138887813828768358e+00,3.491686481754148019e+01,5.578006899081771053e+01,4.137479001981264304e+01,5.203343484419497145e+01,1.010763226977953799e+01,5.354998982158802789e+01,5.549170263373307677e+01,4.652161425385648030e+00,1.638922185294900302e+01,5.632052172121327516e+01,2.104666640383972265e+01,5.049979582479824813e+01,5.281603004527455170e+01,3.622931053193974549e+01,4.424032197266920008e+01
3.005339705624274771e+01,2.779480792327061067e+01,1.756014978808183358e+01,3.514664689159621247e+01,2.701816968026047050e+01,1.918485770369480292e+01,3.581082074599166276e+01,2.935485433671424360e+01,2.997981944228319762e+01,3.033145456467563150e+01,1.687799426626851584e+01,3.891484151646164946e+01,3.623159090733489762e+01,1.856682760099538854e+01,1.037064883738729115e+01,1.689948643641932691e+01,2.670322777993640884e+01,1.470905156356965371e+01,3.620451477550938080e+01,3.194593157900573388e+01,3.293666411821632778e+01,3.098867300850427142e+01,2.391797893258952712e+01,1.144738081117596629e+01,1.380923246218618416e+01,2.460671078857771121e+01,2.107063319935668844e+01,2.617656888276639293e+01,3.542430543747081373e+01,0.000000000000000000e+00,1.933854324060828134e+01,3.971678260627414403e+01,2.323800516335937516e+01,3.287659289866533641e+01,2.699671079110505190e+01,2.055360800212112693e+01,2.779062096358981293e+01,3.242417363894885085e+01,3.019043533655185030e+01,3.298243470705389768e+01,2.085998851417123490e+01,3.449755493485398006e+01,2.420276308765333084e+01,2.099993457146130282e+01,1.478616598314129860e+01,3.879388937615675559e+01,1.739569839592828160e+01,2.852720594753507299e+01,1.756014978808183713e+01
1.237905931501352619e+01,9.529415920143538443e+00,1.930983975520757312e+01,5.403177490067519528e+01,1.822272540401240448e+01,2.241531375459872777e+01,5.185632167551865024e+01,4.691211541284737763e+01,3.140429204419211828e+01,2.145165297946551419e+01,1.978424528438203822e+01,2.480187068122480198e+01,4.995635855018622351e+01,3.762781907539476833e+01,2.894265448741981217e+01,3.622631211520619132e+01,4.186279633602664063e+01,4.651176662205779522e+00,2.880007807936911135e+01,2.030851229378535194e+01,2.349477588836860775e+01,4.913627898913997427e+01,1.562153703425658691e+01,7.901622274242387611e+00,1.624756763025087025e+01,2.938622382553660728e+01,3.815101009096492390e+01,2.019636627594963940e+01,4.581502553578675219e+01,1.933854324060828134e+01,0.000000000000000000e+00,2.522205581237255245e+01,4.133526805082929911e+01,4.635500685162168821e+01,4.631434144866180702e+01,2.563994682813641290e+01,4.692474199525731393e+01,1.379567865476741417e+01,4.426715599975668880e+01,1.399665382690713322e+01,2.841284841291028584e+01,4.306892727991624525e+01,4.006736538307671225e+01,2.517766278314937267e+01,2.970058874971676843e+01,2.264927728037927679e+01,2.150076598775680381e+01,1.919185896512581024e+01,3.483736953246193480e+01
2.861372931018071597e+01,1.668430109883878032e+01,4.453163599608279810e+01,7.416951595200779934e+01,4.120013680724041905e+01,2.791133675406683423e+01,6.079820087307700049e+01,6.907044225249585168e+01,2.793214802695069210e+01,4.366709364064062271e+01,4.498742929651985634e+01,1.111948742847381322e+00,5.566423873894066077e+01,5.771318194548950942e+01,4.599421301592784062e+01,5.454859529167232068e+01,5.121134541085907443e+01,2.845694192738148232e+01,1.441519509530048815e+01,4.082328407621476885e+01,4.491111125589934261e+01,7.062763396017871287e+01,1.660770022200349061e+01,3.028806620507474534e+01,4.132461439948419013e+01,3.125369710697415471e+01,6.067200447210798586e+01,1.717316837967082321e+01,4.789149425132407600e+01,3.971678260627414403e+01,2.522205581237255245e+01,0.000000000000000000e+00,6.293122404118631863e+01,5.242132052446550716e+01,6.380810129734167191e+01,5.085154054457231609e+01,6.648884979591196043e+01,1.502725284059918387e+01,5.160156509417245729e+01,1.649799239674675277e+01,5.352931302193259455e+01,4.355850578650341731e+01,5.078736342019426786e+01,5.039971493478555686e+01,4.221214033104783425e+01,4.654748189906134925e+00,4.668918236214223327e+01,1.289685975335311063e+01,5.717476551308524080e+01
