0.000000000000000000e+00,1.445533365701594875e+01,2.636451573933800319e+01,2.478323358300025703e+01,3.866950241680300593e+01,3.913038317417822043e+01,4.482486217207672041e+01,3.576059346250040250e+01,3.508775241473484385e+01,1.469942555204555923e+01,2.773317457496787597e+01,5.435722116156649975e+01,7.783641199931666144e+00,3.782903721764142801e+01,4.222894134988388970e+01,2.078981678173387948e+01,1.638600621847310990e+01,4.220278933117341325e+01,2.480053924700941792e+01,2.475284236985323361e+01,2.680364418750051314e+01,2.130125561435993475e+01,4.542662447308672569e+01,1.975073846142342404e+01,1.144690488686721963e+01,2.277574422222227923e+01,5.501839987835869294e+01,3.135610824172914590e+01,3.416904521888663737e+01,3.891820599965832628e+01,3.271928122120438331e+01,6.033677234062090555e+00,2.605967808901473504e+01,1.127165254416135731e+01,2.323329275851127562e+01,1.799773152490929817e+01,5.273533321934992557e+01,3.827317129253579964e+01,5.065884192262914354e+01,2.500872970010880536e+01,3.616524197406858576e+01,4.133670038948729086e+01,3.613174172730103351e+01,3.417317872247691923e+01,1.450541717895807459e+01,1.222667166487732970e+01,3.109368256139047304e+01,4.506031621534919651e+01,2.407464696815709004e+01
1.445533365701594875e+01,0.000000000000000000e+00,3.973833344485534269e+01,3.286856825848888519e+01,3.541506128545818655e+01,4.714182072337064255e+01,5.864995981687084026e+01,4.984314698473702521e+01,4.903593015223518847e+01,8.450491155779355168e+00,4.065927233498346993e+01,6.742397875426757992e+01,2.223897485694761400e+01,3.541506128545818655e+01,5.640643425294764768e+01,1.494188109584618296e+01,9.575578772632914237e+00,5.581382807676019553e+01,3.913133503883912567e+01,3.827013822834707213e+01,3.962746038241816393e+01,3.568608391521230772e+01,5.517306595022338200e+01,3.034007486237262086e+01,4.303080394028967248e+00,3.614333187680195891e+01,6.795814700110247486e+01,2.724154314198554516e+01,3.297204423043145738e+01,5.337353965667426792e+01,4.493209519693465381e+01,1.933780372222667054e+01,3.912808577905473584e+01,1.053454132788613506e+01,1.530972503812150087e+01,4.303501874393229620e+00,6.587984219948943121e+01,5.229387399771690781e+01,6.115300762283965952e+01,3.538794391625597768e+01,4.324928184491012928e+01,4.964052309551218656e+01,4.946440797635029440e+01,4.737865215317290790e+01,1.394035643189419105e+01,1.893272751444894553e+01,4.376252861047517939e+01,5.910269702286746707e+01,2.440619218003401869e+01
2.636451573933800319e+01,3.973833344485534269e+01,0.000000000000000000e+00,1.809924274479316963e+01,4.528678389988447606e+01,2.409932609026463624e+01,1.909808654039894549e+01,1.144761942691750356e+01,1.009961909476327691e+01,4.101183210778791732e+01,2.721881254302803477e+00,2.799697974847411430e+01,1.980308911567670194e+01,4.339053255124824204e+01,1.799808522015157664e+01,4.656369450485411932e+01,4.265650492035706520e+01,1.609384260093981922e+01,8.237023788036918148e+00,2.313573664569176458e+01,2.940249576013041821e+00,9.777580926338972134e+00,2.474699970775283120e+01,1.289494161133873895e+01,3.757608998372071341e+01,2.334852779497165187e+01,2.868435657295432506e+01,4.170116241765704501e+01,3.911766777269008344e+01,1.980308911567669483e+01,8.465006713348945055e+00,2.497159408644259315e+01,2.584846940641721247e+01,3.721864010445055726e+01,4.931061992484696077e+01,4.222946895171345716e+01,2.637081884940812770e+01,1.341258350515137643e+01,2.775221151884952775e+01,1.207651187471924814e+01,2.446662558390490361e+01,2.492125607955100364e+01,2.989364410186811227e+01,7.821954269148233330e+00,3.113456479972666102e+01,3.382148081983418564e+01,5.881120149629653682e+00,2.001507737125284692e+01,3.193717883123172285e+01
2.478323358300025703e+01,3.286856825848888519e+01,1.809924274479316963e+01,0.000000000000000000e+00,2.736573759644756265e+01,1.452709679442110691e+01,3.434429406779263871e+01,2.897203492442219286e+01,2.735963364025459299e+01,3.774998767231559782e+01,1.660422235766528942e+01,3.901345962161880720e+01,2.315844503428932555e+01,2.539731233089742801e+01,3.500207093528236868e+01,4.466392108208131617e+01,3.949818906142104424e+01,3.078494539889137371e+01,2.460414345260241831e+01,3.652510770589676525e+01,1.564574862174370651e+01,2.379691242194055079e+01,2.241186370135896055e+01,7.162479203517264637e+00,3.269285285908240013e+01,3.577262322826891960e+01,3.913222696718790417e+01,2.480194654522271236e+01,2.117355902416789348e+01,3.790032481784641760e+01,1.690018814062731067e+01,2.756993172143984694e+01,3.906555360456996340e+01,3.545288547278030222e+01,4.649498787324898785e+01,3.359864125042929572e+01,3.783079006416721057e+01,3.037904185250832612e+01,2.869209435360754767e+01,6.191151576615279595e+00,1.140124530907420741e+01,1.690906216773461779e+01,4.582648961410461652e+01,2.219699575933218583e+01,1.992040833696088598e+01,3.646023059769169095e+01,1.754616366420727047e+01,3.615017501004781053e+01,1.556728239986332873e+01
3.866950241680300593e+01,3.541506128545818655e+01,4.528678389988447606e+01,2.736573759644756265e+01,0.000000000000000000e+00,3.224651354257403568e+01,6.132632327266495764e+01,5.633359779638043818e+01,5.472536988118467605e+01,4.367778483367307985e+01,4.395722860013719924e+01,6.409522175539662214e+01,4.240584592729523905e+01,2.223897485694761755e+00,6.233504571711650044e+01,5.035176122276077848e+01,4.496342953523790698e+01,5.772780172861991588e+01,5.082613318392390056e+01,5.974859478843372074e+01,4.297585689362166050e+01,4.913625613477106668e+01,4.227605297948024798e+01,3.280265736423025658e+01,3.837443704078051354e+01,5.836682121124488987e+01,6.390659763283981221e+01,8.178760858029127334e+00,6.192486525424427235e+00,6.497429170049065306e+01,4.378773386618656360e+01,4.425891772477513797e+01,6.187524141785556253e+01,4.424032197266920008e+01,5.038858152651327771e+01,3.275431436697716947e+01,6.321656771063827307e+01,5.772704306013776687e+01,4.900171750431214690e+01,3.355667493711592897e+01,2.783214004078547532e+01,3.449737616512484095e+01,7.041819441342909158e+01,4.941932301823393203e+01,2.443053638568477837e+01,5.010400782685324117e+01,4.479310803990852463e+01,6.331980674827671152e+01,1.515199628350264760e+01
3.913038317417822043e+01,4.714182072337064255e+01,2.409932609026463624e+01,1.452709679442110691e+01,3.224651354257403568e+01,0.000000000000000000e+00,3.273656459568856292e+01,3.140429204419211828e+01,2.965357258636430871e+01,5.227281992067000971e+01,2.149703859174081089e+01,3.256374495215481346e+01,3.649824182445109244e+01,3.002261605687927570e+01,3.561089159694037676e+01,5.918973351431457530e+01,5.401964226503365296e+01,2.929850933020982495e+01,3.227177708230973252e+01,4.659927297278655800e+01,2.117833652912511511e+01,3.298002834643120451e+01,1.010002754276630199e+01,1.986809997086889723e+01,4.717608814101936332e+01,4.638652133416297829e+01,3.219088775478563491e+01,3.326754822382076782e+01,2.682573061577655693e+01,4.180385315415299630e+01,1.743056161936702608e+01,4.132622057246804559e+01,4.929648225703061826e+01,4.995050691603219661e+01,6.101043078593193059e+01,4.749851183017929657e+01,3.194131191637228540e+01,3.165029127512168827e+01,1.690078627977743153e+01,1.515383377114050489e+01,4.652111902941842736e+00,2.608724946637300146e+00,5.398984444633593682e+01,2.327824235744841275e+01,3.368528107371840719e+01,5.046055955405417137e+01,1.982123530725283445e+01,3.533340801046000479e+01,2.637644979728449002e+01
4.482486217207672041e+01,5.864995981687084026e+01,1.909808654039894549e+01,3.434429406779263871e+01,6.132632327266495764e+01,3.273656459568856292e+01,0.000000000000000000e+00,9.498016885030581946e+00,9.787691382164661391e+00,5.918578086770417457e+01,1.890312862840546515e+01,1.223091208220889392e+01,3.757755414472816824e+01,5.923416416876796120e+01,5.555509375905354652e+00,6.411084416543778275e+01,6.074533693200178419e+01,3.602875810187272876e+00,2.085609745595298392e+01,3.267778676074907906e+01,2.001507737125284692e+01,2.441816938642090662e+01,2.678708272663852341e+01,3.116430601363572706e+01,5.622567539994245323e+01,3.408528169300787880e+01,1.345880086990077551e+01,5.910613596622751231e+01,5.518032903370425402e+01,1.532942298661827252e+01,1.754574659258533842e+01,4.232967198424690025e+01,3.486404409828289630e+01,5.511859009801708709e+01,6.707962277563736109e+01,6.128071200103023841e+01,1.051852899742311109e+01,6.897690362028834343e+00,2.481255033467741455e+01,2.832711115131877122e+01,3.556821934222776349e+01,3.194484547857673462e+01,3.282407233378877720e+01,1.230694417214354530e+01,5.011166931135164759e+01,5.024571862593443683e+01,1.689997163512976641e+01,2.940249576013041821e+00,4.960314528310480142e+01
3.576059346250040250e+01,4.984314698473702521e+01,1.144761942691750356e+01,2.897203492442219286e+01,5.633359779638043818e+01,3.140429204419211828e+01,9.498016885030581946e+00,0.000000000000000000e+00,1.757114009254642006e+00,4.993342941253256839e+01,1.238023647153152673e+01,2.109394088535740153e+01,2.833362829224446244e+01,5.436784490396563285e+01,6.671692457084281713e+00,5.469974201775571743e+01,5.146155059790766018e+01,8.129032392892014514e+00,1.139073919449240968e+01,2.377540674988759051e+01,1.338787829464238399e+01,1.497622394179683702e+01,2.833250008954563981e+01,2.432208709179030492e+01,4.720367869971150299e+01,2.499237096485954268e+01,2.216599375865085975e+01,5.307594673624414128e+01,5.014268919403824043e+01,1.050684007872721537e+01,1.406054643414835681e+01,3.295769118685787191e+01,2.614138296821305474e+01,4.580054334553264539e+01,5.770274836299874721e+01,5.270213702907484077e+01,1.933539681563935275e+01,2.607055745794196078e+00,2.862783710523724068e+01,2.278531912820201200e+01,3.309926284800103957e+01,3.137651625518557807e+01,2.591381059127543551e+01,8.129032392892014514e+00,4.234158617216701259e+01,4.075637631184095255e+01,1.207515090190138629e+01,9.302500217770688806e+00,4.333566675737931462e+01
3.508775241473484385e+01,4.903593015223518847e+01,1.009961909476327691e+01,2.735963364025459299e+01,5.472536988118467605e+01,2.965357258636430871e+01,9.787691382164661391e+00,1.757114009254642006e+00,0.000000000000000000e+00,4.940303482885376951e+01,1.080824743918912034e+01,2.081493497580673946e+01,2.779271194080669005e+01,5.274656526710205640e+01,7.901651091010831962e+00,5.434061493965840839e+01,5.095906681870847166e+01,7.781086185097392693e+00,1.119751106140181562e+01,2.442605205628130705e+01,1.184526837325417681e+01,1.470386964263404117e+01,2.672789506379212199e+01,2.289555753284608031e+01,4.651005652570061244e+01,2.551538632574154164e+01,2.181584133860777541e+01,5.158200030228876898e+01,4.853313856715544716e+01,1.221777858850962240e+01,1.230343246969401250e+01,3.255034591049454207e+01,2.687234755780198014e+01,4.533093522313806290e+01,5.729772459543600149e+01,5.179654086783900624e+01,1.906302572555270203e+01,3.335846228542140857e+00,2.724571223942842479e+01,2.116878957685322860e+01,3.134461428839069796e+01,2.964499224885758366e+01,2.720146649752642531e+01,6.384545568197911081e+00,4.116459831596198882e+01,4.057932776772853600e+01,1.033899240430237754e+01,1.009961909476327691e+01,4.186323826921999824e+01
1.469942555204555923e+01,8.450491155779355168e+00,4.101183210778791732e+01,3.774998767231559782e+01,4.367778483367307985e+01,5.227281992067000971e+01,5.918578086770417457e+01,4.993342941253256839e+01,4.940303482885376951e+01,0.000000000000000000e+00,4.243103271977523150e+01,6.900750827890219341e+01,2.161176538194563079e+01,4.356440574509060326e+01,5.622294528504446021e+01,7.144221180647810421e+00,1.755306106899674479e+00,5.670409136507724668e+01,3.867911270153441450e+01,3.457726148129839316e+01,4.150298118500989375e+01,3.508526958234428150e+01,5.942968861498874134e+01,3.382800195523297049e+01,5.547001310253142137e+00,3.236070782198216023e+01,6.968909167339964483e+01,3.552840368956699990e+01,4.088381394628208909e+01,5.179527946605048072e+01,4.738156223281068691e+01,1.716994211264447756e+01,3.489574640317018606e+01,4.447794971389523511e+00,8.775245091684565679e+00,1.221064641146758767e+01,6.737157334282052545e+01,5.249713803641590459e+01,6.496210573271959277e+01,3.908814443951242623e+01,4.876624585599983419e+01,5.464999776679830745e+01,4.521786715696030967e+01,4.883106606478375511e+01,2.087220462873422733e+01,1.289209035817629356e+01,4.579165209867224462e+01,5.921943146261970270e+01,3.177453519726296349e+01
2.773317457496787597e+01,4.065927233498346993e+01,2.721881254302803477e+00,1.660422235766528942e+01,4.395722860013719924e+01,2.149703859174081089e+01,1.890312862840546515e+01,1.238023647153152673e+01,1.080824743918912034e+01,4.243103271977523150e+01,0.000000000000000000e+00,2.677903253381539983e+01,2.159174889533676378e+01,4.200099362266108471e+01,1.860519648214818034e+01,4.820330880650035965e+01,4.410661197032348468e+01,1.562667992121961369e+01,1.094016221902772479e+01,2.585480333343245363e+01,1.111948742847380434e+00,1.244353180511666146e+01,2.205301316707448223e+01,1.230694417214355241e+01,3.874017391745820049e+01,2.604538914019579110e+01,2.736166467779440481e+01,4.080263874946676594e+01,3.776747057285614773e+01,2.159174889533676023e+01,5.882362791100938182e+00,2.682939273386205414e+01,2.856807096596646645e+01,3.877691756772149034e+01,5.086175942027730912e+01,4.292514930617682722e+01,2.522146318367702023e+01,1.395397087319913965e+01,2.523255762353745268e+01,1.043014824483914715e+01,2.207676953156930821e+01,2.224837971165989359e+01,3.250231398623119361e+01,6.809135355173157045e+00,3.125331602935764508e+01,3.583982343004140603e+01,3.515396106144992761e+00,2.019930592222818788e+01,3.111432152347081725e+01
5.435722116156649975e+01,6.742397875426757992e+01,2.799697974847411430e+01,3.901345962161880720e+01,6.409522175539662214e+01,3.256374495215481346e+01,1.223091208220889392e+01,2.109394088535740153e+01,2.081493497580673946e+01,6.900750827890219341e+01,2.677903253381539983e+01,0.000000000000000000e+00,4.765460836783117315e+01,6.189698805570604634e+01,1.764709328329191607e+01,7.444418267887304808e+01,7.064724064935560932e+01,1.303880813428678920e+01,3.193017188959691666e+01,4.475272043709963299e+01,2.779848797595901289e+01,3.532031226056077600e+01,2.377541987284362790e+01,3.791241583506134560e+01,6.549529999983620598e+01,4.605977927830639373e+01,1.362536749770864919e+00,6.339572223918057148e+01,5.822149400452895662e+01,2.734373658468214074e+01,2.289667583777661264e+01,5.269360485098415836e+01,4.700677961076339528e+01,6.517423813185152426e+01,7.725609805732993607e+01,6.956546289434680830e+01,1.758544175696727718e+00,1.865336022231361213e+01,1.896002705200416116e+01,3.380048472699998285e+01,3.650999731750100352e+01,3.089896506756766925e+01,4.493806667805112909e+01,2.018427801168419933e+01,5.724049063891510514e+01,6.112668851935944758e+01,2.369279389663848789e+01,1.432416251972766297e+01,5.455356743193105729e+01
7.783641199931666144e+00,2.223897485694761400e+01,1.980308911567670194e+01,2.315844503428932555e+01,4.240584592729523905e+01,3.649824182445109244e+01,3.757755414472816824e+01,2.833362829224446244e+01,2.779271194080669005e+01,2.161176538194563079e+01,2.159174889533676378e+01,4.765460836783117315e+01,0.000000000000000000e+00,4.122306839952494784e+01,3.469002470999860321e+01,2.679238349550770693e+01,2.316908524845232975e+01,3.515408645332632886e+01,1.717065447797514821e+01,1.808557087389036155e+01,2.080432671772484809e+01,1.361756877309927916e+01,4.133670038948729086e+01,1.666062841431986286e+01,1.909756274394825226e+01,1.636273918119939097e+01,4.840742227653618812e+01,3.586266687954763910e+01,3.720079168977855488e+01,3.113456479972665747e+01,2.707408302782815923e+01,5.267850692436151228e+00,1.983661993765027631e+01,1.757285867649655131e+01,2.961977859872043339e+01,2.571893722293435758e+01,4.598455823571497092e+01,3.088996678555157516e+01,4.590863461756247688e+01,2.147070959049470673e+01,3.432345519229301090e+01,3.840621730683957225e+01,2.939553108636401291e+01,2.758660312157899241e+01,1.980308911567669838e+01,1.449401843278763735e+01,2.508528858502515035e+01,3.762879727133841357e+01,2.727698329242326736e+01
3.782903721764142801e+01,3.541506128545818655e+01,4.339053255124824204e+01,2.539731233089742801e+01,2.223897485694761755e+00,3.002261605687927570e+01,5.923416416876796120e+01,5.436784490396563285e+01,5.274656526710205640e+01,4.356440574509060326e+01,4.200099362266108471e+01,6.189698805570604634e+01,4.122306839952494784e+01,0.000000000000000000e+00,6.031891845193371893e+01,5.035176122276077848e+01,4.490839871943136785e+01,5.563366365006566383e+01,4.909374311955840398e+01,5.836682121124488987e+01,4.103310267155075763e+01,4.749851183017930367e+01,4.005337706772401418e+01,3.102036056426264565e+01,3.818062673812713825e+01,5.703830728091570990e+01,6.170164422039688645e+01,8.475721161040446816e+00,4.308597133643986332e+00,6.312102677151436581e+01,4.170515215376057228e+01,4.329866692764875324e+01,6.054202457492552014e+01,4.390366463160176380e+01,5.053559446899495100e+01,3.298002834643120451e+01,6.102720566792601886e+01,5.572170474088660086e+01,4.678143175680489918e+01,3.158261724646008162e+01,2.561114481245980201e+01,3.227533673676758497e+01,6.892751165767235477e+01,4.737552835067242540e+01,2.381547370788561580e+01,4.945823733175230785e+01,4.275952065806229996e+01,6.125537107259555825e+01,1.396291342045497785e+01
4.222894134988388970e+01,5.640643425294764768e+01,1.799808522015157664e+01,3.500207093528236868e+01,6.233504571711650044e+01,3.561089159694037676e+01,5.555509375905354652e+00,6.671692457084281713e+00,7.901651091010831962e+00,5.622294528504446021e+01,1.860519648214818034e+01,1.764709328329191607e+01,3.469002470999860321e+01,6.031891845193371893e+01,0.000000000000000000e+00,6.074049967360357272e+01,5.771308823525543374e+01,7.158491989521903243e+00,1.754408334352657661e+01,2.780270143801746840e+01,1.967118517937073108e+01,2.113870111346544434e+01,3.083994426276558798e+01,3.078401797095296644e+01,5.367515557810418159e+01,2.936006075837325469e+01,1.891551845926521125e+01,5.940740531128480484e+01,5.614523277249255528e+01,9.775301957449196166e+00,1.899757160570436909e+01,3.913213782541713925e+01,2.985116655374991979e+01,5.201935537905280427e+01,6.380803376280667294e+01,5.932430573941260121e+01,1.597373748917669189e+01,4.651225617223590625e+00,2.964627628634921663e+01,2.882275367600076876e+01,3.790535427793474099e+01,3.516699437942882156e+01,2.730771648753683678e+01,1.303615312157527306e+01,4.900136205128609390e+01,4.653542363419610695e+01,1.757890867462234397e+01,3.514357679353586228e+00,4.971384532031462555e+01
2.078981678173387948e+01,1.494188109584618296e+01,4.656369450485411932e+01,4.466392108208131617e+01,5.035176122276077848e+01,5.918973351431457530e+01,6.411084416543778275e+01,5.469974201775571743e+01,5.434061493965840839e+01,7.144221180647810421e+00,4.820330880650035965e+01,7.444418267887304808e+01,2.679238349550770693e+01,5.035176122276077848e+01,6.074049967360357272e+01,0.000000000000000000e+00,5.543743633219828659e+00,6.185663666809146832e+01,4.331747692572228203e+01,3.691967119378266204e+01,4.733622470629237000e+01,3.972412974160560140e+01,6.607490834336371677e+01,4.039282408993592810e+01,1.267068117964468854e+01,3.471021579012268177e+01,7.519954050192424688e+01,4.217538168924795627e+01,4.781985057959867191e+01,5.542557664260234418e+01,5.340426944643729001e+01,2.180304357231600321e+01,3.671941097787239983e+01,9.518700357351978170e+00,3.335846228542141745e+00,1.797303610710350696e+01,7.276939149891477143e+01,5.729772459543600149e+01,7.143020868477695728e+01,4.566650184699235382e+01,5.577477662415147108e+01,6.153054395527717446e+01,4.672156832473002197e+01,5.436723990748003388e+01,2.798885561103073627e+01,1.470812814023865833e+01,5.164205226348680355e+01,6.389187191140779731e+01,3.886110245209467706e+01
1.638600621847310990e+01,9.575578772632914237e+00,4.265650492035706520e+01,3.949818906142104424e+01,4.496342953523790698e+01,5.401964226503365296e+01,6.074533693200178419e+01,5.146155059790766018e+01,5.095906681870847166e+01,1.755306106899674479e+00,4.410661197032348468e+01,7.064724064935560932e+01,2.316908524845232975e+01,4.490839871943136785e+01,5.771308823525543374e+01,5.543743633219828659e+00,0.000000000000000000e+00,5.829813208062839891e+01,4.017441531256835674e+01,3.560826512085228757e+01,4.318593832561580115e+01,3.657559343656738093e+01,6.118432839971012527e+01,3.557851096516853318e+01,7.147381258707675045e+00,3.338609327375159808e+01,7.133909915156877446e+01,3.679690228071695657e+01,4.231316931557613970e+01,5.311995071221707576e+01,4.908922076294888370e+01,1.860246328661287762e+01,3.581477668498678213e+01,5.723235072072104579e+00,7.019939000565705634e+00,1.301336539434719697e+01,6.900544723090219179e+01,5.403271900235523617e+01,6.671020400253485150e+01,4.083985297575897988e+01,5.049975680142028267e+01,5.639987933201661008e+01,4.609253458294981698e+01,5.047780065996460763e+01,2.245029810204097487e+01,1.361697068610736316e+01,4.747859800598659774e+01,6.073762904642303084e+01,3.331735908930550494e+01
4.220278933117341325e+01,5.581382807676019553e+01,1.609384260093981922e+01,3.078494539889137371e+01,5.772780172861991588e+01,2.929850933020982495e+01,3.602875810187272876e+00,8.129032392892014514e+00,7.781086185097392693e+00,5.670409136507724668e+01,1.562667992121961369e+01,1.303880813428678920e+01,3.515408645332632886e+01,5.563366365006566383e+01,7.158491989521903243e+00,6.185663666809146832e+01,5.829813208062839891e+01,0.000000000000000000e+00,1.894437442281459738e+01,3.189993112837312950e+01,1.673468241572347281e+01,2.239654804787021192e+01,2.381853155268083100e+01,2.779871857118451572e+01,5.353828468598893409e+01,3.311702170221563080e+01,1.406574844883862241e+01,5.556421694877327866e+01,5.158455705059318319e+01,1.632325546879554068e+01,1.395455993846358389e+01,4.005473655655477216e+01,3.424415536534066717e+01,5.272694392029215749e+01,6.475695493060247543e+01,5.831838243829002977e+01,1.128472727628344430e+01,5.880499305228786611e+00,2.249968344259873376e+01,2.480153110920631576e+01,3.202898684004880181e+01,2.860625345427439825e+01,3.329772500854871708e+01,8.895589942779043469e+00,4.687999594923811486e+01,4.826722591541668095e+01,1.341265155801392694e+01,6.037745312138371290e+00,4.609549033918654715e+01
2.480053924700941792e+01,3.913133503883912567e+01,8.237023788036918148e+00,2.460414345260241831e+01,5.082613318392390056e+01,3.227177708230973252e+01,2.085609745595298392e+01,1.139073919449240968e+01,1.119751106140181562e+01,3.867911270153441450e+01,1.094016221902772479e+01,3.193017188959691666e+01,1.717065447797514821e+01,4.909374311955840398e+01,1.754408334352657661e+01,4.331747692572228203e+01,4.017441531256835674e+01,1.894437442281459738e+01,0.000000000000000000e+00,1.511190668876951193e+01,1.110839499652408158e+01,3.602306969764027755e+00,3.275833692230492034e+01,1.811017868779310191e+01,3.622568530334182668e+01,1.559509165893920546e+01,3.287458506571600481e+01,4.623727932078711689e+01,4.478524658285773796e+01,1.501969689526706730e+01,1.636709786876390993e+01,2.161289728422569567e+01,1.780236836515247845e+01,3.448824608053406138e+01,4.633769500829895804e+01,4.227592311407787662e+01,3.018873411689714814e+01,1.399502641488212973e+01,3.518956936520530832e+01,1.915192661805297192e+01,3.235644816589626060e+01,3.315227998277589450e+01,2.181374654559746418e+01,1.344780284299746498e+01,3.326333967793037516e+01,2.939885356651270243e+01,1.365141995453838675e+01,2.058981308365883578e+01,3.650184541893084145e+01
2.475284236985323361e+01,3.827013822834707213e+01,2.313573664569176458e+01,3.652510770589676525e+01,5.974859478843372074e+01,4.659927297278655800e+01,3.267778676074907906e+01,2.377540674988759051e+01,2.442605205628130705e+01,3.457726148129839316e+01,2.585480333343245363e+01,4.475272043709963299e+01,1.808557087389036155e+01,5.836682121124488987e+01,2.780270143801746840e+01,3.691967119378266204e+01,3.560826512085228757e+01,3.189993112837312950e+01,1.511190668876951193e+01,0.000000000000000000e+00,2.583088123552408177e+01,1.363311093940582985e+01,4.783735737260898446e+01,2.937774421488085252e+01,3.433976586428666877e+01,2.223897485694760867e+00,4.587745793893608948e+01,5.366547084627329411e+01,5.418048387206789585e+01,1.990798719636979897e+01,3.145404796533707525e+01,1.904347971011439000e+01,2.715541459969244897e+00,3.014523594180466404e+01,4.023683800260699428e+01,4.227337900604089072e+01,4.299949297820336369e+01,2.611408986581449554e+01,5.023999686148920318e+01,3.223064277476513695e+01,4.600454931150686377e+01,4.774680879752769158e+01,1.138596861668886362e+01,2.828416385209666828e+01,3.788645345015643073e+01,2.228038979720314572e+01,2.874763335317313206e+01,3.131097431505378736e+01,4.463030648004033907e+01
2.680364418750051314e+01,3.962746038241816393e+01,2.940249576013041821e+00,1.564574862174370651e+01,4.297585689362166050e+01,2.117833652912511511e+01,2.001507737125284692e+01,1.338787829464238399e+01,1.184526837325417681e+01,4.150298118500989375e+01,1.111948742847380434e+00,2.779848797595901289e+01,2.080432671772484809e+01,4.103310267155075763e+01,1.967118517937073108e+01,4.733622470629237000e+01,4.318593832561580115e+01,1.673468241572347281e+01,1.110839499652408158e+01,2.583088123552408177e+01,0.000000000000000000e+00,1.229358343872079828e+01,2.224837971165989359e+01,1.120249279022936406e+01,3.775418976411752681e+01,2.592643719122682455e+01,2.836018413625793144e+01,3.974344799405074014e+01,3.678902639476997649e+01,2.240669744862353596e+01,6.386261977066722828e+00,2.605789945958910536e+01,2.854642269549332667e+01,3.788991535599247840e+01,4.996658063981982423e+01,4.186059068464063415e+01,2.625430813056268420e+01,1.502078737277399512e+01,2.569385401906097144e+01,9.499554847913824318e+00,2.153814251095830556e+01,2.205301316707448223e+01,3.282407233378877720e+01,7.901766534922895602e+00,3.014574783383737255e+01,3.512547954435682840e+01,4.305828586543909431e+00,2.130164007743060850e+01,3.004280635209976680e+01
2.130125561435993475e+01,3.568608391521230772e+01,9.777580926338972134e+00,2.379691242194055079e+01,4.913625613477106668e+01,3.298002834643120451e+01,2.441816938642090662e+01,1.497622394179683702e+01,1.470386964263404117e+01,3.508526958234428150e+01,1.244353180511666146e+01,3.532031226056077600e+01,1.361756877309927916e+01,4.749851183017930367e+01,2.113870111346544434e+01,3.972412974160560140e+01,3.657559343656738093e+01,2.239654804787021192e+01,3.602306969764027755e+00,1.363311093940582985e+01,1.229358343872079828e+01,0.000000000000000000e+00,3.449346295992346256e+01,1.688875700827571080e+01,3.270167294627497512e+01,1.363311093940582985e+01,3.622750568611839839e+01,4.412165864612339305e+01,4.320267968849770313e+01,1.799773152490929462e+01,1.823958537191374418e+01,1.801059033931556286e+01,1.634110593752094331e+01,3.088714652020354734e+01,4.273790957778128075e+01,3.891820599965832628e+01,3.358905897708253718e+01,1.757657625851989280e+01,3.745953197885221897e+01,1.890531868744156796e+01,3.255414099404750772e+01,3.411501072587395100e+01,2.203023880221418551e+01,1.625456253395778461e+01,3.043816770580746578e+01,2.587895808219455063e+01,1.561269970153568210e+01,2.419147311414036139e+01,3.448845842023565211e+01
4.542662447308672569e+01,5.517306595022338200e+01,2.474699970775283120e+01,2.241186370135896055e+01,4.227605297948024798e+01,1.010002754276630199e+01,2.678708272663852341e+01,2.833250008954563981e+01,2.672789506379212199e+01,5.942968861498874134e+01,2.205301316707448223e+01,2.377541987284362790e+01,4.133670038948729086e+01,4.005337706772401418e+01,3.083994426276558798e+01,6.607490834336371677e+01,6.118432839971012527e+01,2.381853155268083100e+01,3.275833692230492034e+01,4.783735737260898446e+01,2.224837971165989359e+01,3.449346295992346256e+01,0.000000000000000000e+00,2.569152965142485456e+01,5.466210516982233969e+01,4.809512824111299523e+01,2.318210793784595936e+01,4.331816969493933556e+01,3.692161512515220068e+01,3.874277426774314392e+01,1.639123909472790430e+01,4.650101907286153136e+01,5.054176634566294979e+01,5.661687351930056167e+01,6.820197096958565908e+01,5.601050122567560408e+01,2.347534927305525443e+01,2.774922926575578686e+01,6.809674523590990347e+00,2.042166300444018745e+01,1.471035869201432433e+01,7.783641199931669696e+00,5.335103820511780981e+01,2.070850754094622559e+01,4.230242736454771801e+01,5.578536411992244837e+01,1.910908228565998002e+01,2.965607654405772209e+01,3.603543476768232523e+01
1.975073846142342404e+01,3.034007486237262086e+01,1.289494161133873895e+01,7.162479203517264637e+00,3.280265736423025658e+01,1.986809997086889723e+01,3.116430601363572706e+01,2.432208709179030492e+01,2.289555753284608031e+01,3.382800195523297049e+01,1.230694417214355241e+01,3.791241583506134560e+01,1.666062841431986286e+01,3.102036056426264565e+01,3.078401797095296644e+01,4.039282408993592810e+01,3.557851096516853318e+01,2.779871857118451572e+01,1.811017868779310191e+01,2.937774421488085252e+01,1.120249279022936406e+01,1.688875700827571080e+01,2.569152965142485456e+01,0.000000000000000000e+00,2.927710993589031929e+01,2.861014461538162479e+01,3.827774857947986931e+01,2.882529172214185209e+01,2.671309165038946531e+01,3.223689537315097198e+01,1.502133460263001119e+01,2.146355432818910813e+01,3.190781136094430792e+01,3.092565852592027298e+01,4.258327663471106916e+01,3.195161916527712620e+01,3.650841445820358899e+01,2.614777286131130651e+01,3.114316951655856869e+01,5.273679187151071091e+00,1.774566832035621289e+01,2.187005909553564820e+01,3.886615806751277802e+01,1.890312862840547226e+01,1.933907340822650056e+01,3.063888607652075891e+01,1.451929653890609195e+01,3.250398627858038481e+01,1.904944802439757368e+01
1.144690488686721963e+01,4.303080394028967248e+00,3.757608998372071341e+01,3.269285285908240013e+01,3.837443704078051354e+01,4.717608814101936332e+01,5.622567539994245323e+01,4.720367869971150299e+01,4.651005652570061244e+01,5.547001310253142137e+00,3.874017391745820049e+01,6.549529999983620598e+01,1.909756274394825226e+01,3.818062673812713825e+01,5.367515557810418159e+01,1.267068117964468854e+01,7.147381258707675045e+00,5.353828468598893409e+01,3.622568530334182668e+01,3.433976586428666877e+01,3.775418976411752681e+01,3.270167294627497512e+01,5.466210516982233969e+01,2.927710993589031929e+01,0.000000000000000000e+00,3.218374805448431886e+01,6.610112298165417144e+01,3.026564802985677360e+01,3.540634066073186403e+01,5.011146968933095280e+01,4.337379532379448932e+01,1.562647623648290818e+01,3.508361935689484312e+01,6.376571460409507175e+00,1.392586700129075084e+01,8.606582252882752471e+00,6.390467283378325192e+01,4.970972168195184082e+01,6.038602520198863033e+01,3.448021631352229832e+01,4.354301236108835127e+01,4.959828755841610359e+01,4.544287080040570714e+01,4.533486343543743402e+01,1.532583348687303548e+01,1.463058322801876621e+01,4.198508425989687964e+01,5.650151987461300251e+01,2.622979576733093765e+01
2.277574422222227923e+01,3.614333187680195891e+01,2.334852779497165187e+01,3.577262322826891960e+01,5.836682121124488987e+01,4.638652133416297829e+01,3.408528169300787880e+01,2.499237096485954268e+01,2.551538632574154164e+01,3.236070782198216023e+01,2.604538914019579110e+01,4.605977927830639373e+01,1.636273918119939097e+01,5.703830728091570990e+01,2.936006075837325469e+01,3.471021579012268177e+01,3.338609327375159808e+01,3.311702170221563080e+01,1.559509165893920546e+01,2.223897485694760867e+00,2.592643719122682455e+01,1.363311093940582985e+01,4.809512824111299523e+01,2.861014461538162479e+01,3.218374805448431886e+01,0.000000000000000000e+00,4.715335012047349039e+01,5.212268220520876838e+01,5.288709362272409464e+01,2.180503324099496965e+01,3.176696418471937378e+01,1.698435512659654023e+01,3.509969436860010283e+00,2.793110325941682959e+01,3.802503032881442380e+01,4.017385183981736674e+01,4.430245994299627199e+01,2.740776842240440203e+01,5.077854079173720692e+01,3.176696418471937378e+01,4.557250044862395555e+01,4.764311398611460646e+01,1.338273072317524104e+01,2.897515634172295051e+01,3.614961458068403743e+01,2.006108394391000616e+01,2.908967692354094225e+01,3.285257239693031295e+01,4.322292511885727606e+01
5.501839987835869294e+01,6.795814700110247486e+01,2.868435657295432506e+01,3.913222696718790417e+01,6.390659763283981221e+01,3.219088775478563491e+01,1.345880086990077551e+01,2.216599375865085975e+01,2.181584133860777541e+01,6.968909167339964483e+01,2.736166467779440481e+01,1.362536749770864919e+00,4.840742227653618812e+01,6.170164422039688645e+01,1.891551845926521125e+01,7.519954050192424688e+01,7.133909915156877446e+01,1.406574844883862241e+01,3.287458506571600481e+01,4.587745793893608948e+01,2.836018413625793144e+01,3.622750568611839839e+01,2.318210793784595936e+01,3.827774857947986931e+01,6.610112298165417144e+01,4.715335012047349039e+01,0.000000000000000000e+00,6.338107834230069670e+01,5.807778589030223770e+01,2.863558560916838402e+01,2.325858413828512994e+01,5.347937079497926760e+01,4.815571139399775547e+01,6.589548251183866512e+01,7.798422432786583158e+01,7.003043151201457306e+01,2.943049097388430457e+00,1.976403963889054793e+01,1.810816038909443293e+01,3.404668470611527198e+01,3.622915184870552707e+01,3.044479562353309277e+01,4.621864654181552368e+01,2.086240256337272925e+01,5.757981595621547655e+01,6.198473571010747207e+01,2.419655840472478658e+01,1.562507820330794672e+01,5.463856582409604101e+01
3.135610824172914590e+01,2.724154314198554516e+01,4.170116241765704501e+01,2.480194654522271236e+01,8.178760858029127334e+00,3.326754822382076782e+01,5.910613596622751231e+01,5.307594673624414128e+01,5.158200030228876898e+01,3.552840368956699990e+01,4.080263874946676594e+01,6.339572223918057148e+01,3.586266687954763910e+01,8.475721161040446816e+00,5.940740531128480484e+01,4.217538168924795627e+01,3.679690228071695657e+01,5.556421694877327866e+01,4.623727932078711689e+01,5.366547084627329411e+01,3.974344799405074014e+01,4.412165864612339305e+01,4.331816969493933556e+01,2.882529172214185209e+01,3.026564802985677360e+01,5.212268220520876838e+01,6.338107834230069670e+01,0.000000000000000000e+00,7.786733969852662973e+00,6.090594132664192273e+01,4.170206724647164975e+01,3.714884093189446190e+01,5.562566093158233116e+01,3.621773970028545619e+01,4.221933337529042518e+01,2.460069520143639110e+01,6.232872218372868645e+01,5.475626125859802329e+01,5.012661263791100907e+01,3.078550321707485438e+01,2.862194736553289331e+01,3.576685801791740715e+01,6.465278098632124681e+01,4.687379438761104211e+01,1.688032165218556457e+01,4.240623373920309547e+01,4.223238230487137201e+01,6.080700681359087412e+01,9.789583730156216745e+00
3.416904521888663737e+01,3.297204423043145738e+01,3.911766777269008344e+01,2.117355902416789348e+01,6.192486525424427235e+00,2.682573061577655693e+01,5.518032903370425402e+01,5.014268919403824043e+01,4.853313856715544716e+01,4.088381394628208909e+01,3.776747057285614773e+01,5.822149400452895662e+01,3.720079168977855488e+01,4.308597133643986332e+00,5.614523277249255528e+01,4.781985057959867191e+01,4.231316931557613970e+01,5.158455705059318319e+01,4.478524658285773796e+01,5.418048387206789585e+01,3.678902639476997649e+01,4.320267968849770313e+01,3.692161512515220068e+01,2.671309165038946531e+01,3.540634066073186403e+01,5.288709362272409464e+01,5.807778589030223770e+01,7.786733969852662973e+00,0.000000000000000000e+00,5.883112538134621872e+01,3.763617151095834856e+01,3.948863323109159751e+01,5.638586329020617427e+01,4.088381394628208909e+01,4.824458829420041184e+01,3.094665534961455222e+01,5.729584176017191055e+01,5.153559964540666982e+01,4.370768775500297210e+01,2.736437834801920843e+01,2.228072726039286877e+01,2.919863131509011467e+01,6.467964848493869567e+01,4.323946486492618391e+01,2.055117140100661288e+01,4.599915558765570722e+01,3.860940591112124309e+01,5.715015014336579924e+01,1.010540448811218361e+01
3.891820599965832628e+01,5.337353965667426792e+01,1.980308911567669483e+01,3.790032481784641760e+01,6.497429170049065306e+01,4.180385315415299630e+01,1.532942298661827252e+01,1.050684007872721537e+01,1.221777858850962240e+01,5.179527946605048072e+01,2.159174889533676023e+01,2.734373658468214074e+01,3.113456479972665747e+01,6.312102677151436581e+01,9.775301957449196166e+00,5.542557664260234418e+01,5.311995071221707576e+01,1.632325546879554068e+01,1.501969689526706730e+01,1.990798719636979897e+01,2.240669744862353596e+01,1.799773152490929462e+01,3.874277426774314392e+01,3.223689537315097198e+01,5.011146968933095280e+01,2.180503324099496965e+01,2.863558560916838402e+01,6.090594132664192273e+01,5.883112538134621872e+01,0.000000000000000000e+00,2.438289997201127335e+01,3.471068448352922076e+01,2.151119640854726711e+01,4.740809648784558306e+01,5.864481441833359554e+01,5.677452514817548490e+01,2.570093204985558799e+01,1.110446232362138907e+01,3.852845713316380483e+01,3.185768374081617438e+01,4.324928184491012928e+01,4.185687338210337316e+01,1.761183138798719838e+01,1.858978723734177763e+01,4.827923558902097767e+01,4.079360560470912134e+01,2.215381553234944789e+01,1.302324603598720110e+01,5.112255850107251831e+01
3.271928122120438331e+01,4.493209519693465381e+01,8.465006713348945055e+00,1.690018814062731067e+01,4.378773386618656360e+01,1.743056161936702608e+01,1.754574659258533842e+01,1.406054643414835681e+01,1.230343246969401250e+01,4.738156223281068691e+01,5.882362791100938182e+00,2.289667583777661264e+01,2.707408302782815923e+01,4.170515215376057228e+01,1.899757160570436909e+01,5.340426944643729001e+01,4.908922076294888370e+01,1.395455993846358389e+01,1.636709786876390993e+01,3.145404796533707525e+01,6.386261977066722828e+00,1.823958537191374418e+01,1.639123909472790430e+01,1.502133460263001119e+01,4.337379532379448932e+01,3.176696418471937378e+01,2.325858413828512994e+01,4.170206724647164975e+01,3.763617151095834856e+01,2.438289997201127335e+01,0.000000000000000000e+00,3.233977866119702327e+01,3.415548880641954099e+01,4.391453469981692592e+01,5.594830423363738703e+01,4.683491896707770508e+01,2.151853645456203523e+01,1.464350985518957771e+01,1.935174751152360173e+01,1.111948742847381055e+01,1.907143423246832015e+01,1.766204318010042584e+01,3.730845613481518086e+01,6.038766613806951788e+00,3.434381494065629425e+01,4.146182287089072105e+01,2.723223541842307860e+00,1.957643226817516435e+01,3.236135416400308884e+01
6.033677234062090555e+00,1.933780372222667054e+01,2.497159408644259315e+01,2.756993172143984694e+01,4.425891772477513797e+01,4.132622057246804559e+01,4.232967198424690025e+01,3.295769118685787191e+01,3.255034591049454207e+01,1.716994211264447756e+01,2.682939273386205414e+01,5.269360485098415836e+01,5.267850692436151228e+00,4.329866692764875324e+01,3.913213782541713925e+01,2.180304357231600321e+01,1.860246328661287762e+01,4.005473655655477216e+01,2.161289728422569567e+01,1.904347971011439000e+01,2.605789945958910536e+01,1.801059033931556286e+01,4.650101907286153136e+01,2.146355432818910813e+01,1.562647623648290818e+01,1.698435512659654023e+01,5.347937079497926760e+01,3.714884093189446190e+01,3.948863323109159751e+01,3.471068448352922076e+01,3.233977866119702327e+01,0.000000000000000000e+00,2.017213201814660195e+01,1.289256341666372130e+01,2.475108966817856881e+01,2.325417415318428738e+01,5.100692508676620207e+01,3.554625113850442375e+01,5.115522917123828250e+01,2.645110360596795118e+01,3.889783515189553498e+01,4.332123547709993971e+01,3.036693061962333928e+01,3.271458631424248154e+01,2.039265235542244525e+01,9.284348395396532894e+00,3.033020852015693336e+01,4.220046205325071043e+01,2.939321785190121261e+01
