0.000000000000000000e+00,1.983652977912861459e+01,3.566728766088882452e+01,4.302659391669965139e+00,2.225772997011989318e+01,7.901392374834645516e+00,9.521072369873131436e+00,2.762572145098653564e+01,2.354987735806697913e+01,1.858626363601625897e+01,1.860343676727523032e+01,1.638939363734771604e+01,2.052366300199798488e+01,1.042421766653507653e+01,9.765074753778209882e+00,2.240447797885382641e+01,1.430664976084866424e+01,1.893951194263340554e+01,2.205040054471225730e+01,2.430614305497858396e+01,1.895191818982616994e+01,2.260942799416975291e+01,2.809596030990073956e+01,4.650786088323068057e+00,2.440839044102656175e+01,2.440079740094064320e+01,2.961715680182742005e+01,2.589760037320850827e+01,2.790369504988165161e+01,1.917088635241310612e+01,1.175108914153964079e+01,6.883005799588294948e+00,6.671692457084289707e+00,2.448790631939237983e+01,2.480037464513180723e+01,4.357941911631202458e+01,1.174121889920809103e+01,1.450287943198759422e+01,4.643269490615211659e+00,1.228804440296627298e+01,2.683105356582744605e+01,2.723447222546960234e+01,2.451313904652068487e+01,1.638939363734772314e+01,7.819075362751950031e+00,1.334338491416857053e+01,2.376250088544482963e+01,1.136667106905457025e+01,2.085260889253859418e+01
1.983652977912861459e+01,0.000000000000000000e+00,1.638519035906980292e+01,2.350713580752719878e+01,3.602939204248534200e+00,2.215207952872109232e+01,2.858332293592375350e+01,1.445533365701594519e+01,1.080900794027005674e+01,4.305616466503222384e+00,1.829446128076409650e+01,2.116720539959884917e+01,3.602939204248534200e+00,2.470214471215529173e+01,2.874415087280383219e+01,2.333763956812115836e+01,1.139233876762038555e+01,1.119954498929494235e+01,5.559743714236901724e+00,2.228059350042322961e+01,2.215207952872108876e+01,2.850642469625104525e+01,3.207789737715065570e+01,2.031796094649835283e+01,3.492633742210585268e+01,4.650757157215481108e+00,1.120209394461631369e+01,3.877861037633296348e+01,3.443486731365247522e+01,3.335846228542140857e+00,8.240009660324107088e+00,2.668163787116742469e+01,1.907389822550648262e+01,7.782964590027332541e+00,2.410905805728746643e+01,3.280265736423025658e+01,3.153753724877592646e+01,1.497812433199935711e+01,2.335695544182802053e+01,2.863641142610068613e+01,2.446287234264237398e+01,4.048340053616042411e+01,8.612506480899616790e+00,1.230070659824213664e+01,1.932683210670387552e+01,2.057090746271376958e+01,1.757844164061789982e+01,3.120251505253528634e+01,1.470609941516168817e+01
3.566728766088882452e+01,1.638519035906980292e+01,0.000000000000000000e+00,3.889323554781996961e+01,1.563217125149588149e+01,3.616129451649894833e+01,4.362246471876757425e+01,2.257384137477112418e+01,1.514954123236729622e+01,1.958146556934329041e+01,3.278957651398100381e+01,3.139902913200259249e+01,1.515016890847939912e+01,4.106486823155345434e+01,4.495238819306409539e+01,3.720079168977855488e+01,2.353692884358238047e+01,2.522205581237255245e+01,1.765642980158076369e+01,2.756711917936918255e+01,3.697279893964657305e+01,4.328980148535774930e+01,4.585571353588185417e+01,3.517332385098036696e+01,5.044949931227857576e+01,1.270845974859281924e+01,1.382541718546635678e+01,4.958667468000027867e+01,4.889027714840596417e+01,1.649799239674675277e+01,2.451205566089274512e+01,4.254629452297969294e+01,3.545868368966837636e+01,1.177344534493186146e+01,3.716183656050085915e+01,2.571979029374807624e+01,4.710264816080387362e+01,2.618414214121270689e+01,3.952754167600452462e+01,4.502109899029039752e+01,2.850444993434703633e+01,5.134103279089453764e+01,1.223690669044168899e+01,2.735880971720320787e+01,3.322712408626614433e+01,3.648978006794705209e+01,2.964856867092701265e+01,4.690536231242310805e+01,2.790854338173824090e+01
4.302659391669965139e+00,2.350713580752719878e+01,3.889323554781996961e+01,0.000000000000000000e+00,2.615643125307087047e+01,6.033339460733860626e+00,5.266304426413845441e+00,3.191738627154357744e+01,2.586748997242012038e+01,2.262757183802623828e+01,2.264616789915572426e+01,1.580587697746205045e+01,2.377943681527203879e+01,1.252954189183146738e+01,8.776530852041201314e+00,2.614610392209612044e+01,1.635308146407516006e+01,2.324154646941462232e+01,2.612298957966170221e+01,2.437450162299155920e+01,2.260951807599796126e+01,2.561087751102646237e+01,3.116418936212472701e+01,4.225486356344119621e+00,2.624497721166200748e+01,2.813420708210065158e+01,3.365452015150113851e+01,2.228043033735967171e+01,3.051025734150679369e+01,2.245806455622238929e+01,1.566498062505651845e+01,4.642392947399725855e+00,1.036994881012228120e+01,2.740919591321005555e+01,2.861716334800579986e+01,4.454085597136588603e+01,8.224136216029135582e+00,1.560212423605164922e+01,5.723314031047590511e+00,1.302918816737333430e+01,2.675433039267755575e+01,2.350844576252368157e+01,2.729618783960740913e+01,2.068505905223203101e+01,7.569752568413736782e+00,1.689916445544624324e+01,2.798640153550541498e+01,8.148618686199654348e+00,2.512285374076750344e+01
2.225772997011989318e+01,3.602939204248534200e+00,1.563217125149588149e+01,2.615643125307087047e+01,0.000000000000000000e+00,2.531527386727665530e+01,3.133577494971726196e+01,1.120251317879248099e+01,1.361843850911350096e+01,4.083576504079625025e+00,1.740991189790706883e+01,2.476047352486222408e+01,6.671692457084281713e+00,2.583722729237144833e+01,3.064631419645991173e+01,2.215381553234944789e+01,1.497850508477431752e+01,9.878689135792003029e+00,2.607493216848648654e+00,2.571932664964289472e+01,2.151318595670010936e+01,2.787940523335832310e+01,3.092803885053477941e+01,2.325322043139209072e+01,3.484388474451225903e+01,2.941492217491666672e+00,7.783434845052236817e+00,4.227794403298180015e+01,3.364260149079259321e+01,6.809168898694431427e+00,1.051320763197725583e+01,2.897829085585523146e+01,2.052366300199798488e+01,9.788741434320259671e+00,2.255780370100491439e+01,3.485838957229952229e+01,3.399698080197865835e+01,1.857079697766331705e+01,2.537177162596379532e+01,2.993194820911169529e+01,2.783203289465128449e+01,4.397347656302388685e+01,1.080919835058160494e+01,1.175975878132595476e+01,2.255780370100491439e+01,2.088199949957425261e+01,1.550331207899302832e+01,3.357613458240165016e+01,1.303365547479365105e+01
7.901392374834645516e+00,2.215207952872109232e+01,3.616129451649894833e+01,6.033339460733860626e+00,2.531527386727665530e+01,0.000000000000000000e+00,8.227102901165926241e+00,3.294597791353356797e+01,2.202115364737110781e+01,2.240546931164524835e+01,2.589791524012966306e+01,9.872052709615983801e+00,2.151318595670010936e+01,1.800964736992813542e+01,1.477339140301525866e+01,3.005336685280634867e+01,1.268515305630545775e+01,2.475694414529498388e+01,2.588429984413651042e+01,1.858802497701324086e+01,2.668676982833713396e+01,3.051061303558540772e+01,3.599506021372371123e+01,3.335846228542140857e+00,3.194239054163182345e+01,2.676085983704076909e+01,3.308137170773385805e+01,1.860285232508002196e+01,3.575810889160145223e+01,2.031796094649835283e+01,1.549827666343079180e+01,1.053376819478994619e+01,1.451907718374276257e+01,2.440349410781200490e+01,3.236090356683757818e+01,3.910380068539339504e+01,1.267212509929709441e+01,1.087815612708823743e+01,1.138818964773409981e+01,1.898532444598906821e+01,2.088807571680813169e+01,2.008678468095953562e+01,2.407191173510440407e+01,2.264724943473959229e+01,2.937154067710748162e+00,2.117069114501684624e+01,3.043707005061051518e+01,1.300914157733993193e+01,2.728845950723401614e+01
9.521072369873131436e+00,2.858332293592375350e+01,4.362246471876757425e+01,5.266304426413845441e+00,3.133577494971726196e+01,8.227102901165926241e+00,0.000000000000000000e+00,3.714272476699636627e+01,3.000117592542948941e+01,2.786570089461584132e+01,2.734953239146316051e+01,1.762107765059247555e+01,2.861331911562000130e+01,1.562641836248134375e+01,9.300940281967072565e+00,3.043488070235877530e+01,2.051120862374090947e+01,2.843384145594547618e+01,3.136756925498830029e+01,2.643996544489144540e+01,2.684250855815201930e+01,2.903801415615632564e+01,3.457728760397926493e+01,8.449527333912376648e+00,2.832429024113516292e+01,3.322772198055937309e+01,3.888298045250243007e+01,1.909732582150037317e+01,3.338609327375159808e+01,2.732269825028766164e+01,2.087704985160027249e+01,5.559743714236901724e+00,1.497281736341252767e+01,3.198407738511826892e+01,3.297758762404642141e+01,4.717754706085388250e+01,4.641079846458711522e+00,1.906222803144192213e+01,9.301134448043123726e+00,1.470825077411668325e+01,2.858332293592374995e+01,2.006110644255289444e+01,3.177074874949148864e+01,2.581848600331809607e+01,1.087014996369788378e+01,2.113628777736725084e+01,3.293898850957835123e+01,5.265146928130739923e+00,3.017681780915000544e+01
2.762572145098653564e+01,1.445533365701594519e+01,2.257384137477112418e+01,3.191738627154357744e+01,1.120251317879248099e+01,3.294597791353356797e+01,3.714272476699636627e+01,0.000000000000000000e+00,2.480153110920631576e+01,1.144785847956427993e+01,1.378495566794293126e+01,3.469163182288557579e+01,1.784318868838523642e+01,2.688328633169259518e+01,3.363962575681122757e+01,1.647405199477175231e+01,2.506125845412265107e+01,8.786867343095975613e+00,8.895589942779043469e+00,3.671954685669599172e+01,1.771736821556301678e+01,2.322423771575592966e+01,2.439271546548957659e+01,3.018444681837883081e+01,3.128490361839743628e+01,1.289541984278200459e+01,8.790115953838979479e+00,5.111612601466548966e+01,2.799857736966101385e+01,1.779117988555808694e+01,1.757844164061789627e+01,3.337288647498255756e+01,2.325130285549437303e+01,2.074288094308166563e+01,1.561093490394259753e+01,4.534868603922219421e+01,3.863803240883309797e+01,2.861934733247927554e+01,2.917097151572685121e+01,3.105972263480688156e+01,3.891820599965831917e+01,5.272694392029215038e+01,2.181776844838847751e+01,1.162900652371815369e+01,3.059578553229612297e+01,2.017643783605457841e+01,8.240009660324107088e+00,3.794378813636142667e+01,8.462094848345426357e+00
2.354987735806697913e+01,1.080900794027005674e+01,1.514954123236729622e+01,2.586748997242012038e+01,1.361843850911350096e+01,2.202115364737110781e+01,3.000117592542948941e+01,2.480153110920631576e+01,0.000000000000000000e+00,1.497926726621913929e+01,2.841604471279844191e+01,1.625876839074431501e+01,7.206068741051501192e+00,3.152372555427423961e+01,3.330949958291508750e+01,3.359558860844815342e+01,9.528346142277120734e+00,2.181503420897645640e+01,1.609422577900553364e+01,1.338896944474642936e+01,3.192285969120106870e+01,3.810692643350119369e+01,4.218757866942635104e+01,2.176702409381326220e+01,4.363111481447081985e+01,1.223143617132118699e+01,1.909837374277380206e+01,3.444278430620119735e+01,4.413151242155230136e+01,7.822742636085311396e+00,1.513852602790481683e+01,3.010403140680944034e+01,2.566041395115178148e+01,4.651618327679534204e+00,3.462183618713874012e+01,2.242520255089013759e+01,3.399219830409577270e+01,1.138838512069420794e+01,2.800831374037969113e+01,3.485138896852476620e+01,1.502133460263000586e+01,3.619767056788998616e+01,3.603129614566352057e+00,2.239960068559441453e+01,1.917786683792846603e+01,2.917772995270133762e+01,2.835692020340522390e+01,3.401038040880595048e+01,2.538927829922362989e+01
1.858626363601625897e+01,4.305616466503222384e+00,1.958146556934329041e+01,2.262757183802623828e+01,4.083576504079625025e+00,2.240546931164524835e+01,2.786570089461584132e+01,1.144785847956427993e+01,1.497926726621913929e+01,0.000000000000000000e+00,1.405535852302916666e+01,2.325612820698819050e+01,7.822216904854178310e+00,2.175365078829182153e+01,2.667549648652765271e+01,1.905345585146051235e+01,1.361810317636959233e+01,6.897392889929238713e+00,3.515136287972962847e+00,2.561101054378355357e+01,1.799886480052049009e+01,2.437240481877104159e+01,2.780820863745874405e+01,2.004630201635123044e+01,3.105328182642767842e+01,6.897025219026150289e+00,1.103380764704436601e+01,4.005218386230877314e+01,3.025392492627900864e+01,7.205688262620037143e+00,7.028715486724451011e+00,2.518546873844934098e+01,1.647007576012654795e+01,1.207719293348635681e+01,1.980401930005863065e+01,3.710050649136861978e+01,3.028352356353504859e+01,1.717148887027623161e+01,2.145879017848648118e+01,2.585163558786085147e+01,2.793168840754285398e+01,4.170522328797792255e+01,1.291812290028588350e+01,8.127630441859512445e+00,1.980401930005863420e+01,1.691450725338892269e+01,1.338760591363917207e+01,2.981029871149609178e+01,1.042839784990359320e+01
1.860343676727523032e+01,1.829446128076409650e+01,3.278957651398100381e+01,2.264616789915572426e+01,1.740991189790706883e+01,2.589791524012966306e+01,2.734953239146316051e+01,1.378495566794293126e+01,2.841604471279844191e+01,1.405535852302916666e+01,0.000000000000000000e+00,3.140069940994831654e+01,2.159430001597432636e+01,1.404708710188561405e+01,2.158030399024081447e+01,5.212977885042785253e+00,2.368897959690157151e+01,7.574247992221168957e+00,1.515225273621674340e+01,3.658011755333579629e+01,4.226933904953891208e+00,1.050154881354947811e+01,1.380762390566001940e+01,2.260978865266274340e+01,1.797303610710351052e+01,2.032364202046772661e+01,2.068363797944846283e+01,4.439718107714460160e+01,1.624059125492353317e+01,2.067412789109535609e+01,1.440960633239009248e+01,2.251428592519242855e+01,1.237759178942769900e+01,2.606645889323944232e+01,6.808801046318039951e+00,5.081856105652470035e+01,2.757475867423884353e+01,2.646342449763444549e+01,1.824390113689884529e+01,1.798666365778874976e+01,3.913504260963837567e+01,4.578730333148788390e+01,2.683770611387451055e+01,6.035368942580740637e+00,2.450062070027703598e+01,7.024575285470215036e+00,6.381120884866098741e+00,2.668607400275348951e+01,5.439745737329591435e+00
1.638939363734771604e+01,2.116720539959884917e+01,3.139902913200259249e+01,1.580587697746205045e+01,2.476047352486222408e+01,9.872052709615983801e+00,1.762107765059247555e+01,3.469163182288557579e+01,1.625876839074431501e+01,2.325612820698819050e+01,3.140069940994831654e+01,0.000000000000000000e+00,1.899603452841012441e+01,2.679749311468974327e+01,2.458240733036855730e+01,3.622599851742008781e+01,9.787062849704449619e+00,2.793152521573062685e+01,2.625175109853019606e+01,8.818888235032174450e+00,3.326235575218403540e+01,3.809022862477750948e+01,4.332936497349315630e+01,1.206972224052862153e+01,4.075353156454919912e+01,2.513100200110747551e+01,3.224198528267174879e+01,1.828576551910739312e+01,4.375551296181920691e+01,1.825000256996855086e+01,1.784309924977408457e+01,2.038624360051155904e+01,2.216234701040281507e+01,2.005454928609860232e+01,3.819550563578410873e+01,2.963946140441495913e+01,2.223937041700788342e+01,6.189676634936081001e+00,2.066643343985041170e+01,2.843071756507275083e+01,1.102873803545812770e+01,2.003944998026535984e+01,1.933253881190985268e+01,2.668676982833713396e+01,8.607847770898413131e+00,2.833284289835592418e+01,3.449723678173075569e+01,2.270702328926279634e+01,3.116426213446068161e+01
2.052366300199798488e+01,3.602939204248534200e+00,1.515016890847939912e+01,2.377943681527203879e+01,6.671692457084281713e+00,2.151318595670010936e+01,2.861331911562000130e+01,1.784318868838523642e+01,7.206068741051501192e+00,7.822216904854178310e+00,2.159430001597432636e+01,1.899603452841012441e+01,0.000000000000000000e+00,2.668471087344923021e+01,2.991128706000838378e+01,2.670859307134960758e+01,9.530014367715512691e+00,1.470665766538143160e+01,8.999156698219222150e+00,1.909818215690337695e+01,2.531527386727664464e+01,3.161990887677230688e+01,3.540179075630153704e+01,2.017864761834064780e+01,3.770698271166485682e+01,6.190855888069182633e+00,1.338951599693882955e+01,3.704030331136700482e+01,3.759961005915368304e+01,1.361359926335513615e+00,9.782145706971776988e+00,2.739924050850154558e+01,2.088199949957425261e+01,4.651199680167041883e+00,2.758779130673429592e+01,2.930896589166662380e+01,3.197280505248732752e+01,1.291621381899230592e+01,2.447887487606704227e+01,3.042360668550363556e+01,2.117084158164019314e+01,3.877356056258305728e+01,5.274069443834178195e+00,1.556123539952538515e+01,1.859155041748934778e+01,2.323613616040086072e+01,2.116773314617296009e+01,3.175940070042948449e+01,1.825061467246079872e+01
1.042421766653507653e+01,2.470214471215529173e+01,4.106486823155345434e+01,1.252954189183146738e+01,2.583722729237144833e+01,1.800964736992813542e+01,1.562641836248134375e+01,2.688328633169259518e+01,3.152372555427423961e+01,2.175365078829182153e+01,1.404708710188561405e+01,2.679749311468974327e+01,2.668471087344923021e+01,0.000000000000000000e+00,7.817252921083801986e+00,1.563684756319786118e+01,2.324364278620065605e+01,1.852553889123115383e+01,2.457669227838974990e+01,3.447259323492070138e+01,1.209551476463477826e+01,1.341234663489358780e+01,1.895187044143460042e+01,1.497319497785458964e+01,1.398936049518496105e+01,2.858208847968008470e+01,3.177453519726296349e+01,3.449716448847173211e+01,1.799732915764372621e+01,2.536886997013658984e+01,1.690677534375868518e+01,1.009928215600044510e+01,5.871840729797571434e+00,3.121660507456547506e+01,1.824329294786136657e+01,5.289592132494667709e+01,1.440658882401490182e+01,2.429982700667829931e+01,6.808568243676148768e+00,4.223078616009628306e+00,3.703831580295872072e+01,3.558235977111618098e+01,3.155147765946350802e+01,1.559860617655994197e+01,1.824329294786137012e+01,7.022511917878682119e+00,2.038784449690336587e+01,1.338326983175913121e+01,1.857922745559891098e+01
9.765074753778209882e+00,2.874415087280383219e+01,4.495238819306409539e+01,8.776530852041201314e+00,3.064631419645991173e+01,1.477339140301525866e+01,9.300940281967072565e+00,3.363962575681122757e+01,3.330949958291508750e+01,2.667549648652765271e+01,2.158030399024081447e+01,2.458240733036855730e+01,2.991128706000838378e+01,7.817252921083801986e+00,0.000000000000000000e+00,2.345410032761760277e+01,2.405007934030106753e+01,2.494956922328919191e+01,2.990367635873726471e+01,3.311428064257359694e+01,1.990726034677665623e+01,2.073920018499923401e+01,2.614541213465654224e+01,1.275200938065412970e+01,1.909713680623524112e+01,3.310471314466116866e+01,3.741423426478063874e+01,2.832454512143404557e+01,2.450052836327785499e+01,2.854992713367287038e+01,2.050623549872491225e+01,4.301608973294158034e+00,1.049732561310331924e+01,3.406903566624625057e+01,2.606054566580200316e+01,5.304089886078232041e+01,6.808435660175025106e+00,2.393791561850999727e+01,5.432412183941341510e+00,5.559743714236898171e+00,3.551689135839317402e+01,2.919631222488398592e+01,3.415964492294318688e+01,2.203627621698026573e+01,1.623919819884822502e+01,1.463058322801876621e+01,2.780086772466515654e+01,5.723116813837049399e+00,2.564956638267751998e+01
2.240447797885382641e+01,2.333763956812115836e+01,3.720079168977855488e+01,2.614610392209612044e+01,2.215381553234944789e+01,3.005336685280634867e+01,3.043488070235877530e+01,1.647405199477175231e+01,3.359558860844815342e+01,1.905345585146051235e+01,5.212977885042785253e+00,3.622599851742008781e+01,2.670859307134960758e+01,1.563684756319786118e+01,2.345410032761760277e+01,0.000000000000000000e+00,2.881921316310514669e+01,1.229617333407854396e+01,1.975073846142342404e+01,4.169520472757056950e+01,3.602118036801786438e+00,6.794259480935987305e+00,8.779106564012382208e+00,2.672135977380678540e+01,1.498319861341781056e+01,2.500872970010880536e+01,2.440619218003401869e+01,4.829410983048894224e+01,1.174368267650191378e+01,2.582734967581461660e+01,1.957266219014166708e+01,2.521350653494355143e+01,1.580281342464347993e+01,3.112060345062508659e+01,2.606445425400425897e+00,5.597856889977594363e+01,2.994525844413054472e+01,3.149552798781465413e+01,2.113682294176507526e+01,1.893272751444894908e+01,4.426196277052189743e+01,4.960033844397328551e+01,3.192468620686149805e+01,1.119598866259906345e+01,2.894260738550249812e+01,9.301620893536210133e+00,8.234042354508163797e+00,2.895869978037580950e+01,9.292249652082771760e+00
1.430664976084866424e+01,1.139233876762038555e+01,2.353692884358238047e+01,1.635308146407516006e+01,1.497850508477431752e+01,1.268515305630545775e+01,2.051120862374090947e+01,2.506125845412265107e+01,9.528346142277120734e+00,1.361810317636959233e+01,2.368897959690157151e+01,9.787062849704449619e+00,9.530014367715512691e+00,2.324364278620065605e+01,2.405007934030106753e+01,2.881921316310514669e+01,0.000000000000000000e+00,1.895202605466871049e+01,1.649165950924925639e+01,1.289478239349283939e+01,2.636381745811633692e+01,3.200851766906835394e+01,3.677226067502277118e+01,1.223867795153614146e+01,3.634301615372612559e+01,1.550475446500690602e+01,2.252655547611698594e+01,2.754474091231007193e+01,3.797828515945072780e+01,8.610809038286250328e+00,9.302402278052481321e+00,2.066136077900540613e+01,1.756531661952213241e+01,1.176348384993371710e+01,3.043780159952870434e+01,2.965357258636430515e+01,2.446385216181865019e+01,3.602622613496711867e+00,1.889108254553800847e+01,2.614388775308609425e+01,1.544639838886640781e+01,2.927102683017431062e+01,1.138966822346517027e+01,1.825325068348868740e+01,9.776441157012051519e+00,2.239248599401951267e+01,2.571914931072674193e+01,2.448910967352710699e+01,2.240480239592825029e+01
1.893951194263340554e+01,1.119954498929494235e+01,2.522205581237255245e+01,2.324154646941462232e+01,9.878689135792003029e+00,2.475694414529498388e+01,2.843384145594547618e+01,8.786867343095975613e+00,2.181503420897645640e+01,6.897392889929238713e+00,7.574247992221168957e+00,2.793152521573062685e+01,1.470665766538143160e+01,1.852553889123115383e+01,2.494956922328919191e+01,1.229617333407854396e+01,1.895202605466871049e+01,0.000000000000000000e+00,7.578004856005874146e+00,3.160677743281384622e+01,1.175232576270864193e+01,1.807502581139847919e+01,2.107527956448285877e+01,2.180968942161602442e+01,2.535438352713936538e+01,1.277023593512217658e+01,1.361276364692812813e+01,4.322655175308804587e+01,2.377540674988759406e+01,1.399665382690712967e+01,1.009957399001755896e+01,2.458602019101637381e+01,1.450287943198759422e+01,1.894827431452140942e+01,1.291240539448171631e+01,4.399781589985767027e+01,2.985116655374992334e+01,2.223897485694761400e+01,2.038944625453451920e+01,2.274608656135183438e+01,3.404534173106583239e+01,4.477675200639303910e+01,1.980961154792764134e+01,2.939009473240393522e+00,2.264797154168567417e+01,1.228759014193649968e+01,6.808967945103364450e+00,2.915973172712606143e+01,3.602559409088017528e+00
2.205040054471225730e+01,5.559743714236901724e+00,1.765642980158076369e+01,2.612298957966170221e+01,2.607493216848648654e+00,2.588429984413651042e+01,3.136756925498830029e+01,8.895589942779043469e+00,1.609422577900553364e+01,3.515136287972962847e+00,1.515225273621674340e+01,2.625175109853019606e+01,8.999156698219222150e+00,2.457669227838974990e+01,2.990367635873726471e+01,1.975073846142342404e+01,1.649165950924925639e+01,7.578004856005874146e+00,0.000000000000000000e+00,2.783202468817302488e+01,1.931977683122650191e+01,2.565272886308682132e+01,2.850642469625104525e+01,2.355862873335834351e+01,3.282772600942694652e+01,5.273679187151073755e+00,7.581771453586336307e+00,4.336924918382838712e+01,3.133287627716410029e+01,8.895589942779043469e+00,1.054385173631676409e+01,2.858332293592375350e+01,1.955402883340866538e+01,1.238171184907844768e+01,2.004904809299625157e+01,3.746556127880449338e+01,3.371654944520144426e+01,2.009045941433924298e+01,2.476996200806800630e+01,2.874415087280383219e+01,3.002261605687927570e+01,4.503755289853071986e+01,1.338924263932530678e+01,9.781003655742264158e+00,2.324746201605461948e+01,1.917088635241310612e+01,1.291557818062452156e+01,3.321779788470749395e+01,1.054385173631676409e+01
2.430614305497858396e+01,2.228059350042322961e+01,2.756711917936918255e+01,2.437450162299155920e+01,2.571932664964289472e+01,1.858802497701324086e+01,2.643996544489144540e+01,3.671954685669599172e+01,1.338896944474642936e+01,2.561101054378355357e+01,3.658011755333579629e+01,8.818888235032174450e+00,1.909818215690337695e+01,3.447259323492070138e+01,3.311428064257359694e+01,4.169520472757056950e+01,1.289478239349283939e+01,3.160677743281384622e+01,2.783202468817302488e+01,0.000000000000000000e+00,3.914699833955526742e+01,4.458659372966956624e+01,4.951389292849594170e+01,2.039586190699232660e+01,4.820330880650035965e+01,2.506169577725470532e+01,3.218857956225331662e+01,2.350466129542902749e+01,5.047617720890393400e+01,1.895207418688509549e+01,2.219545270829835104e+01,2.900450350376366515e+01,2.928920401206860546e+01,1.801501333819293649e+01,4.333251015110141680e+01,2.091396825283036165e+01,3.105650140506622847e+01,1.042874752063372590e+01,2.882127433207647726e+01,3.657402676470692882e+01,2.607405620541853430e+00,2.518807339456114036e+01,1.699071026709576060e+01,3.111273685390430899e+01,1.688740913639844976e+01,3.484177540820643060e+01,3.841353897089678071e+01,3.151101663985847168e+01,3.513539703715087370e+01
1.895191818982616994e+01,2.215207952872108876e+01,3.697279893964657305e+01,2.260951807599796126e+01,2.151318595670010936e+01,2.668676982833713396e+01,2.684250855815201930e+01,1.771736821556301678e+01,3.192285969120106870e+01,1.799886480052049009e+01,4.226933904953891208e+00,3.326235575218403540e+01,2.531527386727664464e+01,1.209551476463477826e+01,1.990726034677665623e+01,3.602118036801786438e+00,2.636381745811633692e+01,1.175232576270864193e+01,1.931977683122650191e+01,3.914699833955526742e+01,0.000000000000000000e+00,6.377139089664533245e+00,1.042456489924257035e+01,2.335092359979499577e+01,1.376355146749476432e+01,2.444271545006066049e+01,2.489152529446164408e+01,4.480879426697666190e+01,1.228894565758610113e+01,2.430772424541412136e+01,1.730737472463103188e+01,2.161138853282895766e+01,1.230670394317364114e+01,2.987095121154973043e+01,6.188795858545239170e+00,5.434587928982530514e+01,2.635755143095085273e+01,2.881870858654066581e+01,1.754242812213916736e+01,1.554815949475572445e+01,4.173705540939960201e+01,4.609326944547641602e+01,3.058674184214428138e+01,9.872052709615983801e+00,2.571890195100796461e+01,5.723432650063963401e+00,9.774163327365601006e+00,2.537768482662878000e+01,9.582535088892655040e+00
2.260942799416975291e+01,2.850642469625104525e+01,4.328980148535774930e+01,2.561087751102646237e+01,2.787940523335832310e+01,3.051061303558540772e+01,2.903801415615632564e+01,2.322423771575592966e+01,3.810692643350119369e+01,2.437240481877104159e+01,1.050154881354947811e+01,3.809022862477750948e+01,3.161990887677230688e+01,1.341234663489358780e+01,2.073920018499923401e+01,6.794259480935987305e+00,3.200851766906835394e+01,1.807502581139847919e+01,2.565272886308682132e+01,4.458659372966956624e+01,6.377139089664533245e+00,0.000000000000000000e+00,5.559743714236901724e+00,2.723460513352624091e+01,8.223148301378962799e+00,3.080439626860562896e+01,3.092167836792716784e+01,4.781379594243736619e+01,6.031990258295789609e+00,3.057814284138751404e+01,2.324036536636814176e+01,2.350840731640418113e+01,1.609206366047229864e+01,3.620044114658364975e+01,8.451455461754260767e+00,6.050424039998839021e+01,2.753705032016018706e+01,3.416839127983980973e+01,2.001507737125285047e+01,1.544240179738542196e+01,4.719207747758688498e+01,4.894459739640881679e+01,3.689397741478656911e+01,1.624477485952773392e+01,3.003844310109578686e+01,9.784975828568521550e+00,1.499416321935695784e+01,2.646085656246222939e+01,1.560036476334816768e+01
2.809596030990073956e+01,3.207789737715065570e+01,4.585571353588185417e+01,3.116418936212472701e+01,3.092803885053477941e+01,3.599506021372371123e+01,3.457728760397926493e+01,2.439271546548957659e+01,4.218757866942635104e+01,2.780820863745874405e+01,1.380762390566001940e+01,4.332936497349315630e+01,3.540179075630153704e+01,1.895187044143460042e+01,2.614541213465654224e+01,8.779106564012382208e+00,3.677226067502277118e+01,2.107527956448285877e+01,2.850642469625104525e+01,4.951389292849594170e+01,1.042456489924257035e+01,5.559743714236901724e+00,0.000000000000000000e+00,3.270134047038224878e+01,1.053067985562504738e+01,3.377214059716771999e+01,3.276600439064736747e+01,5.337353965667426792e+01,4.223559680574818564e+00,3.447449740033742671e+01,2.772821908463397733e+01,2.903801415615632564e+01,2.151663226347170621e+01,3.985810696356811889e+01,8.809611197755282674e+00,6.460558458189456132e+01,3.295365066446811397e+01,3.914365612247525661e+01,2.557482108548975219e+01,2.073920018499923756e+01,5.211028717350262696e+01,5.450241799609709403e+01,4.064143970213101653e+01,1.984232498832560410e+01,3.542161227065944473e+01,1.501901803285609560e+01,1.637375891125530458e+01,3.186638639276137397e+01,1.799275774266709504e+01
4.650786088323068057e+00,2.031796094649835283e+01,3.517332385098036696e+01,4.225486356344119621e+00,2.325322043139209072e+01,3.335846228542140857e+00,8.449527333912376648e+00,3.018444681837883081e+01,2.176702409381326220e+01,2.004630201635123044e+01,2.260978865266274340e+01,1.206972224052862153e+01,2.017864761834064780e+01,1.497319497785458964e+01,1.275200938065412970e+01,2.672135977380678540e+01,1.223867795153614146e+01,2.180968942161602442e+01,2.355862873335834351e+01,2.039586190699232660e+01,2.335092359979499577e+01,2.723460513352624091e+01,3.270134047038224878e+01,0.000000000000000000e+00,2.895791951308500600e+01,2.496820715857971607e+01,3.093757300305485103e+01,2.181493216433004179e+01,3.255448110958319319e+01,1.889921127245891341e+01,1.302766552967993796e+01,8.807761474979423966e+00,1.120222887660346700e+01,2.355267149281073813e+01,2.903820119348618434e+01,4.036406890524396118e+01,1.222517421028250872e+01,1.137814355621276974e+01,8.605318887197846323e+00,1.636185484031318182e+01,2.283911945795592047e+01,2.325344382161782875e+01,2.336821183576570959e+01,1.957224453796054675e+01,3.512287579004516047e+00,1.784301019593129922e+01,2.728845950723401970e+01,1.227563906599067600e+01,2.419009200914885582e+01
2.440839044102656175e+01,3.492633742210585268e+01,5.044949931227857576e+01,2.624497721166200748e+01,3.484388474451225903e+01,3.194239054163182345e+01,2.832429024113516292e+01,3.128490361839743628e+01,4.363111481447081985e+01,3.105328182642767842e+01,1.797303610710351052e+01,4.075353156454919912e+01,3.770698271166485682e+01,1.398936049518496105e+01,1.909713680623524112e+01,1.498319861341781056e+01,3.634301615372612559e+01,2.535438352713936538e+01,3.282772600942694652e+01,4.820330880650035965e+01,1.376355146749476432e+01,8.223148301378962799e+00,1.053067985562504738e+01,2.895791951308500600e+01,0.000000000000000000e+00,3.778423781640149315e+01,3.865374100530038959e+01,4.740723858055437745e+01,6.892067462458771665e+00,3.653542166648333023e+01,2.849262609032476234e+01,2.289254608277755310e+01,1.893079403066288080e+01,4.235671869454563421e+01,1.663905252507901977e+01,6.572266243793451679e+01,2.561082464113111712e+01,3.787030457155042740e+01,2.058426607683145804e+01,1.361683822411368716e+01,5.079293310210239554e+01,4.829340802507291386e+01,4.292216663719280234e+01,2.309169047198983549e+01,3.222574984498854178e+01,1.449149273970756191e+01,2.310049761392781420e+01,2.450050996400635128e+01,2.334011268335188305e+01
2.440079740094064320e+01,4.650757157215481108e+00,1.270845974859281924e+01,2.813420708210065158e+01,2.941492217491666672e+00,2.676085983704076909e+01,3.322772198055937309e+01,1.289541984278200459e+01,1.223143617132118699e+01,6.897025219026150289e+00,2.032364202046772661e+01,2.513100200110747551e+01,6.190855888069182633e+00,2.858208847968008470e+01,3.310471314466116866e+01,2.500872970010880536e+01,1.550475446500690602e+01,1.277023593512217658e+01,5.273679187151073755e+00,2.506169577725470532e+01,2.444271545006066049e+01,3.080439626860562896e+01,3.377214059716771999e+01,2.496820715857971607e+01,3.778423781640149315e+01,0.000000000000000000e+00,7.206322773685929661e+00,4.304347992885227825e+01,3.654528061579619447e+01,6.898881958441400286e+00,1.269532669638550892e+01,3.121307990749650685e+01,2.315275952190575737e+01,7.901882262357489140e+00,2.531879949639018434e+01,3.256562056032574759e+01,3.612585744806724364e+01,1.899757160570437264e+01,2.776445404659747496e+01,3.263451060185069252e+01,2.699754629552760932e+01,4.476503756628978437e+01,8.999232933364817555e+00,1.470125094411327815e+01,2.391237185145160282e+01,2.378496570610255745e+01,1.811323744765526911e+01,3.576468294584698526e+01,1.581753079376769477e+01
2.961715680182742005e+01,1.120209394461631369e+01,1.382541718546635678e+01,3.365452015150113851e+01,7.783434845052236817e+00,3.308137170773385805e+01,3.888298045250243007e+01,8.790115953838979479e+00,1.909837374277380206e+01,1.103380764704436601e+01,2.068363797944846283e+01,3.224198528267174879e+01,1.338951599693882955e+01,3.177453519726296349e+01,3.741423426478063874e+01,2.440619218003401869e+01,2.252655547611698594e+01,1.361276364692812813e+01,7.581771453586336307e+00,3.218857956225331662e+01,2.489152529446164408e+01,3.092167836792716784e+01,3.276600439064736747e+01,3.093757300305485103e+01,3.865374100530038959e+01,7.206322773685929661e+00,0.000000000000000000e+00,4.997978002621873372e+01,3.613371836350090405e+01,1.399869347928734520e+01,1.800958345308826836e+01,3.616455748050718455e+01,2.699637709430003341e+01,1.451935955988480487e+01,2.396220936129045498e+01,3.763715980020747054e+01,4.129648688939423806e+01,2.607449590682581331e+01,3.232913784147925185e+01,3.598233420789564008e+01,3.404618031970430536e+01,5.168542363213838087e+01,1.562675309239429744e+01,1.637111147035602343e+01,3.033789510424016811e+01,2.587384269672933357e+01,1.639224651630632223e+01,4.079948086905218219e+01,1.534021302557171573e+01
2.589760037320850827e+01,3.877861037633296348e+01,4.958667468000027867e+01,2.228043033735967171e+01,4.227794403298180015e+01,1.860285232508002196e+01,1.909732582150037317e+01,5.111612601466548966e+01,3.444278430620119735e+01,4.005218386230877314e+01,4.439718107714460160e+01,1.828576551910739312e+01,3.704030331136700482e+01,3.449716448847173211e+01,2.832454512143404557e+01,4.829410983048894224e+01,2.754474091231007193e+01,4.322655175308804587e+01,4.336924918382838712e+01,2.350466129542902749e+01,4.480879426697666190e+01,4.781379594243736619e+01,5.337353965667426792e+01,2.181493216433004179e+01,4.740723858055437745e+01,4.304347992885227825e+01,4.997978002621873372e+01,0.000000000000000000e+00,5.242018610433246550e+01,3.615505845177102628e+01,3.354021430373965984e+01,2.461324246910429636e+01,3.250310550065961479e+01,3.834020618194599450e+01,5.069765421597801947e+01,4.242565198398466464e+01,2.219136518761884957e+01,2.413809374150606146e+01,2.779871857118451572e+01,3.379790094346270024e+01,2.406098455369139799e+01,1.755434787623820325e+00,3.760760640843464842e+01,4.122363336774808573e+01,2.058663768897628188e+01,3.913107447754839541e+01,4.903724128145718453e+01,2.325247210840895917e+01,4.587154391191688774e+01
2.790369504988165161e+01,3.443486731365247522e+01,4.889027714840596417e+01,3.051025734150679369e+01,3.364260149079259321e+01,3.575810889160145223e+01,3.338609327375159808e+01,2.799857736966101385e+01,4.413151242155230136e+01,3.025392492627900864e+01,1.624059125492353317e+01,4.375551296181920691e+01,3.759961005915368304e+01,1.799732915764372621e+01,2.450052836327785499e+01,1.174368267650191378e+01,3.797828515945072780e+01,2.377540674988759406e+01,3.133287627716410029e+01,5.047617720890393400e+01,1.228894565758610113e+01,6.031990258295789609e+00,4.223559680574818564e+00,3.255448110958319319e+01,6.892067462458771665e+00,3.654528061579619447e+01,3.613371836350090405e+01,5.242018610433246550e+01,0.000000000000000000e+00,3.657650855037144311e+01,2.926799042460137912e+01,2.783186972223888134e+01,2.161101190928787474e+01,4.215989459769443215e+01,1.242875126973464539e+01,6.653375514616109854e+01,3.125276452874513922e+01,4.004836041297186711e+01,2.479988204853149014e+01,1.895183470720996510e+01,5.308340320457119788e+01,5.344260950375521446e+01,4.287238951607406534e+01,2.213995363162799990e+01,3.552907463115151643e+01,1.563580616833701420e+01,1.982306764793499454e+01,3.014517607046934344e+01,2.100416104577094956e+01
1.917088635241310612e+01,3.335846228542140857e+00,1.649799239674675277e+01,2.245806455622238929e+01,6.809168898694431427e+00,2.031796094649835283e+01,2.732269825028766164e+01,1.779117988555808694e+01,7.822742636085311396e+00,7.205688262620037143e+00,2.067412789109535609e+01,1.825000256996855086e+01,1.361359926335513615e+00,2.536886997013658984e+01,2.854992713367287038e+01,2.582734967581461660e+01,8.610809038286250328e+00,1.399665382690712967e+01,8.895589942779043469e+00,1.895207418688509549e+01,2.430772424541412136e+01,3.057814284138751404e+01,3.447449740033742671e+01,1.889921127245891341e+01,3.653542166648333023e+01,6.898881958441400286e+00,1.399869347928734520e+01,3.615505845177102628e+01,3.657650855037144311e+01,0.000000000000000000e+00,8.462094848345426357e+00,2.604853526221156557e+01,1.955402883340866538e+01,5.882984588497747858e+00,2.680467144278331304e+01,3.015122351162398218e+01,3.064273005813180717e+01,1.210161634169086398e+01,2.311751494973152887e+01,2.908623539590551843e+01,2.112702611410023223e+01,3.788000485562819364e+01,6.386834716986292904e+00,1.464121966090089799e+01,1.740832929656625794e+01,2.205040054471225375e+01,2.059100777372387725e+01,3.041999630738991556e+01,1.757844164061789627e+01
1.175108914153964079e+01,8.240009660324107088e+00,2.451205566089274512e+01,1.566498062505651845e+01,1.051320763197725583e+01,1.549827666343079180e+01,2.087704985160027249e+01,1.757844164061789627e+01,1.513852602790481683e+01,7.028715486724451011e+00,1.440960633239009248e+01,1.784309924977408457e+01,9.782145706971776988e+00,1.690677534375868518e+01,2.050623549872491225e+01,1.957266219014166708e+01,9.302402278052481321e+00,1.009957399001755896e+01,1.054385173631676409e+01,2.219545270829835104e+01,1.730737472463103188e+01,2.324036536636814176e+01,2.772821908463397733e+01,1.302766552967993796e+01,2.849262609032476234e+01,1.269532669638550892e+01,1.800958345308826836e+01,3.354021430373965984e+01,2.926799042460137912e+01,8.462094848345426357e+00,0.000000000000000000e+00,1.852347051721714166e+01,1.110184380775429247e+01,1.431937665044335795e+01,2.113843231699755876e+01,3.736353480634548418e+01,2.349230769368211824e+01,1.230685154898011291e+01,1.511734833457497018e+01,2.065642380381379084e+01,2.473715751979150923e+01,3.514850349140326102e+01,1.470280305648352659e+01,8.998979361409450206e+00,1.303353364652257440e+01,1.405121832208739541e+01,1.667923114271070872e+01,2.309419993578123709e+01,1.334338491416856343e+01
6.883005799588294948e+00,2.668163787116742469e+01,4.254629452297969294e+01,4.642392947399725855e+00,2.897829085585523146e+01,1.053376819478994619e+01,5.559743714236901724e+00,3.337288647498255756e+01,3.010403140680944034e+01,2.518546873844934098e+01,2.251428592519242855e+01,2.038624360051155904e+01,2.739924050850154558e+01,1.009928215600044510e+01,4.301608973294158034e+00,2.521350653494355143e+01,2.066136077900540613e+01,2.458602019101637381e+01,2.858332293592375350e+01,2.900450350376366515e+01,2.161138853282895766e+01,2.350840731640418113e+01,2.903801415615632564e+01,8.807761474979423966e+00,2.289254608277755310e+01,3.121307990749650685e+01,3.616455748050718455e+01,2.461324246910429636e+01,2.783186972223888134e+01,2.604853526221156557e+01,1.852347051721714166e+01,0.000000000000000000e+00,1.033075065809450166e+01,3.130025808107719598e+01,2.778905600750217531e+01,4.916673263214327960e+01,5.265146928130739923e+00,2.016540571766126178e+01,4.302028783141919277e+00,9.300940281967069012e+00,3.136756925498829673e+01,2.561085986602187958e+01,3.128050073025235989e+01,2.179329182252999075e+01,1.220945987344558503e+01,1.597172532840783532e+01,2.840387671643017242e+01,4.641079846458711522e+00,2.587540302635416722e+01
