0.000000000000000000e+00,3.335846228542140857e+00,3.186638639276137397e+01,3.284858453025241687e+01,3.673292783689571195e+01,3.151101663985847523e+01,5.924276947534906412e+01,4.594836557194464177e+01,3.444859146348515111e+01,3.774606741674668342e+01,2.605491368405711494e+00,1.053145131190367145e+01,2.785864594690076146e+01,4.012211172042761831e+01,3.424415536534066717e+01,4.875535611784452783e+01,5.463404564544200781e+01,4.578449550247263744e+01,2.754684661740866147e+01,2.934381609050153550e+00,1.451893716425604630e+01,4.566747371788218857e+01,4.828873190837728657e+01,4.336168988860575269e+01,8.804990434609283767e+00,2.334291632890274215e+01,4.113753470548560642e+01,5.559743714236901724e+00,3.368433591115465475e+01,3.706147199736958697e+01,4.306664468427030101e+01,3.944708947086223105e+01,1.275087531793479556e+01,3.679460337488993815e+01,3.200367498569202240e+01,4.361272851029541897e+01,9.519292867976290040e+00,2.251184480254337572e+01,5.338683945363948880e+01,2.228037967775179951e+01,1.357521728723775523e+00,6.153589242559664285e+01,5.369204523672362939e+01,4.354297827591510384e+01,2.446385216181865019e+01,2.931569083190249003e+01,2.260897841129213148e+01,2.282400645192162969e+01,2.903785881810426162e+01
3.335846228542140857e+00,0.000000000000000000e+00,2.861597824056182660e+01,3.056742048087986063e+01,3.678338317081161790e+01,3.024977816867565039e+01,5.768839158896294350e+01,4.451322441732884982e+01,3.597603180456025029e+01,3.483297395113554984e+01,5.723077442421510064e+00,8.804990434609287320e+00,2.614138296821305829e+01,3.679460337488993815e+01,3.598706361112083840e+01,4.701241005596987321e+01,5.238105661666120483e+01,4.307105962366797769e+01,2.720812945540800953e+01,3.509969436860010283e+00,1.120204739839750374e+01,4.303292790995523376e+01,4.716176649293902301e+01,4.057771406481098353e+01,1.053145131190366790e+01,2.404735646426839324e+01,3.999455601880138289e+01,8.895589942779043469e+00,3.098867300850427497e+01,3.819510933451402934e+01,4.062911435476299715e+01,3.786378608983711302e+01,1.136667106905457381e+01,3.346875507462753774e+01,3.015372650212343686e+01,4.075495352472334787e+01,7.565271080725906039e+00,1.979381635230688019e+01,5.078756201450337926e+01,2.561083343922330613e+01,3.601490705865560749e+00,5.979328160809961901e+01,5.468459684670816756e+01,4.358555089885837930e+01,2.469023962329644561e+01,3.024977816867564684e+01,2.589720787399940249e+01,2.506999563426345645e+01,2.571851538779668189e+01
3.186638639276137397e+01,2.861597824056182660e+01,0.000000000000000000e+00,1.807502581139847919e+01,4.239012382217168096e+01,2.810451323013893798e+01,4.497448179075188079e+01,3.545478467855825500e+01,5.174605450171296184e+01,1.109792092655045792e+01,3.433905566592702741e+01,2.450056522985554608e+01,2.254909685709257161e+01,1.301829930496599630e+01,5.310911955470643164e+01,3.430267928553304557e+01,3.332522643692760766e+01,2.016981520869197908e+01,3.358797224532970205e+01,3.029784647903944617e+01,1.856287934270226714e+01,2.113951148561360327e+01,4.037062093312981403e+01,1.723462323120074302e+01,3.449717104035902082e+01,3.813568832748719473e+01,3.494697951842251626e+01,3.731725785454134581e+01,1.267935558363895332e+01,5.100298879695984056e+01,2.178471969499464933e+01,2.938702365006727746e+01,2.480012812039517556e+01,1.101160054359052687e+01,2.262560487863188996e+01,1.637375891125530458e+01,2.446287234264237043e+01,1.338462041753716747e+01,2.813128882365387540e+01,5.364928552757077540e+01,3.218299027822197900e+01,4.497448179075188079e+01,6.400154008784393511e+01,4.744563157325293190e+01,3.580115423794033802e+01,4.361938410788187781e+01,5.344262640508121365e+01,4.686850723205497360e+01,9.761675900709155584e+00
3.284858453025241687e+01,3.056742048087986063e+01,1.807502581139847919e+01,0.000000000000000000e+00,2.607449590682581331e+01,1.139201847625616537e+01,2.914150609500605782e+01,1.783903243922626913e+01,3.867804075495278227e+01,1.139073919449241146e+01,3.538933112329437591e+01,2.240178903752205031e+01,7.783641199931662591e+00,3.073721865825843480e+01,4.060432952587841271e+01,1.801147490910631888e+01,2.181433226672201897e+01,1.470923726803025566e+01,1.933886114671937761e+01,3.017008349337874407e+01,2.602815406880465687e+01,1.395382382996542781e+01,2.248664167089674493e+01,1.334338491416856876e+01,3.059129099008928065e+01,2.668676982833713396e+01,1.687704386243058252e+01,3.700797964250828898e+01,6.036046954286526045e+00,3.658264157794634031e+01,1.042874752063372767e+01,1.138838512069420794e+01,2.068683622503609953e+01,2.906244622018733281e+01,5.214198881810125030e+00,1.451920229803235074e+01,2.333062877989828365e+01,1.175232576270864193e+01,2.116826120519055365e+01,5.051051192485279984e+01,3.381713939355047671e+01,3.030622803751050753e+01,4.740917332210558754e+01,3.019554472081287244e+01,2.339052484657541697e+01,3.051204236556179694e+01,4.940213506329531157e+01,3.819569604838752497e+01,2.641004751040058807e+01
3.673292783689571195e+01,3.678338317081161790e+01,4.239012382217168096e+01,2.607449590682581331e+01,0.000000000000000000e+00,1.470889390063841873e+01,3.158437761526764476e+01,2.042811179127688348e+01,1.649276778276681554e+01,3.745478913798013565e+01,3.821947256992702080e+01,2.910346019076607504e+01,1.985608232363036052e+01,5.540242120720012053e+01,1.904944802439757012e+01,2.589934174326597116e+01,3.679531968516891283e+01,3.827660113068072434e+01,1.009762502197704137e+01,3.400055252432962760e+01,4.034409664908345405e+01,3.683664599152758257e+01,1.857523231440475797e+01,3.809739703691415258e+01,2.891165033364624293e+01,1.432097113378299902e+01,1.451937533940702885e+01,3.731732891976304245e+01,3.201932917947865320e+01,1.230703708073816927e+01,3.218857956225331662e+01,1.909837374277380206e+01,2.644106760432284275e+01,5.311220052181346318e+01,2.086029718195732841e+01,3.963163563275404755e+01,3.043806618246727425e+01,3.027096353104064619e+01,4.134446439981373800e+01,4.237313450489877908e+01,3.808984961206390807e+01,3.556180241207287196e+01,2.161352438777617024e+01,6.812684164531528808e+00,1.230259564820584472e+01,1.128399748743357911e+01,4.013478004682815481e+01,2.460414345260241475e+01,4.824489891779332140e+01
3.151101663985847523e+01,3.024977816867565039e+01,2.810451323013893798e+01,1.139201847625616537e+01,1.470889390063841873e+01,0.000000000000000000e+00,2.790826786093904133e+01,1.451942288856271013e+01,2.793172110622864324e+01,2.278275754927746988e+01,3.371329371989274648e+01,2.146117165122799619e+01,5.879878778166426123e+00,4.110295096340570353e+01,3.005345768696073350e+01,1.811834682456725787e+01,2.677903253381540694e+01,2.461383271282516461e+01,8.999105952762896266e+00,2.858045584340555223e+01,2.992461064297052431e+01,2.339055408669156932e+01,1.693974348744136549e+01,2.397692406007315924e+01,2.634894988255751613e+01,1.754491396191566821e+01,9.787864536710365826e+00,3.423779374684968246e+01,1.731059372982161548e+01,2.539244134217338456e+01,1.890312862840546870e+01,8.612081758852770719e+00,1.889717753896142938e+01,3.901966846339101380e+01,6.190265562196968219e+00,2.539131764507018829e+01,2.275629720373424902e+01,1.724221280126170797e+01,2.919771211688769341e+01,4.478092939426591101e+01,3.274586711471123124e+01,3.061265189195582437e+01,3.618424916839850169e+01,1.934112214281383402e+01,1.395397087319914675e+01,2.001507737125285402e+01,4.318593832561579404e+01,2.985329920748862165e+01,3.492290330637735707e+01
5.924276947534906412e+01,5.768839158896294350e+01,4.497448179075188079e+01,2.914150609500605782e+01,3.158437761526764476e+01,2.790826786093904133e+01,0.000000000000000000e+00,1.339902503433680003e+01,4.794192053944706089e+01,3.433594547680378639e+01,6.152622819248814778e+01,4.890938554385299142e+01,3.156521104451766391e+01,5.554874331702968249e+01,5.053477858015465074e+01,1.113079159666508744e+01,1.515445396928385868e+01,2.737089574845380469e+01,3.463909421831750279e+01,5.633101311152123714e+01,5.500065728208530658e+01,2.572974534157563653e+01,1.304318337700458308e+01,2.964627628634922019e+01,5.419772714091171650e+01,4.310631349313798211e+01,1.907504787507903998e+01,6.214570208006756502e+01,3.270570346009548501e+01,4.324252241384554907e+01,2.340211536894277344e+01,1.982515023525819586e+01,4.650544088202327231e+01,5.497822254091646954e+01,2.775221151884952775e+01,3.125904585427894844e+01,5.012315128768083383e+01,4.073288474066927733e+01,2.328210733183174952e+01,7.177462909225478427e+01,6.043130244226394865e+01,4.447794971389521734e+00,4.336600097104784624e+01,2.897747431898868342e+01,3.972600558798193759e+01,4.245745471129864512e+01,6.989617071360355283e+01,5.513423901623606582e+01,5.442444196709105597e+01
4.594836557194464177e+01,4.451322441732884982e+01,3.545478467855825500e+01,1.783903243922626913e+01,2.042811179127688348e+01,1.451942288856271013e+01,1.339902503433680003e+01,0.000000000000000000e+00,3.683755913231028245e+01,2.617404709044132005e+01,4.819535271777243679e+01,3.571103892006190961e+01,1.855252296882783725e+01,4.744629889445776172e+01,3.934497231876144241e+01,5.559743714236905276e+00,1.673479183935214465e+01,2.241778178732101878e+01,2.153233044643561556e+01,4.302642206320759044e+01,4.268533554827637744e+01,2.068295878881022176e+01,5.276807182480832026e+00,2.357171270098934457e+01,4.080139400641767367e+01,3.019465981913531749e+01,6.191595767725450727e+00,4.875535611784452072e+01,2.277934658404030444e+01,3.270368069691066637e+01,1.654906557360965280e+01,6.901171164118492740e+00,3.324429637840622576e+01,4.621864654181552368e+01,1.514285008770973207e+01,2.532763046464399537e+01,3.695737540998112536e+01,2.866442452391011386e+01,2.265268644354413041e+01,5.862216661679909890e+01,4.715800698770999588e+01,1.638770369376426572e+01,3.721630191760939965e+01,2.019980452116340075e+01,2.670815408450241790e+01,3.038087103569553449e+01,5.683024140060179974e+01,4.244498836330011216e+01,4.420868780194063419e+01
3.444859146348515111e+01,3.597603180456025029e+01,5.174605450171296184e+01,3.867804075495278227e+01,1.649276778276681554e+01,2.793172110622864324e+01,4.794192053944706089e+01,3.683755913231028245e+01,0.000000000000000000e+00,4.971200980843049422e+01,3.484388474451225903e+01,3.131935659475448830e+01,3.111326443452058399e+01,6.421503457285017191e+01,2.607493216848648654e+00,4.223238230487137201e+01,5.289660069215067750e+01,5.254441682074027398e+01,1.933917963634221593e+01,3.252135966814868340e+01,4.359260209964968880e+01,5.131239120606168314e+01,3.500599322378280220e+01,5.179733239359786978e+01,2.565528923546770912e+01,1.379567865476741062e+01,3.078513122468023511e+01,3.250969552475869762e+01,4.399289136864514660e+01,5.274069443834173754e+00,4.678113745528288803e+01,3.457781344904040566e+01,2.937049974751152703e+01,6.141000010810275000e+01,3.379983521018088766e+01,5.312267443803766298e+01,3.233522147170202032e+01,3.841163034174847724e+01,5.672572789674188698e+01,3.090744512112734910e+01,3.568536036544129075e+01,5.199977679966303157e+01,2.044058963899361103e+01,1.981522294587214006e+01,1.597705744943688444e+01,8.246051181353017512e+00,2.828737493496889854e+01,1.360605882570147429e+01,5.509548311140267174e+01
3.774606741674668342e+01,3.483297395113554984e+01,1.109792092655045792e+01,1.139073919449241146e+01,3.745478913798013565e+01,2.278275754927746988e+01,3.433594547680378639e+01,2.617404709044132005e+01,4.971200980843049422e+01,0.000000000000000000e+00,4.034701198180341208e+01,2.833205845043220705e+01,1.860441320152083833e+01,2.144215353615878783e+01,5.151410889012709760e+01,2.408286092891479413e+01,2.222730582061758753e+01,9.294891660771746444e+00,3.043853403349499587e+01,3.554239214507948930e+01,2.681613918744984915e+01,1.008987312239750089e+01,3.136484536735175865e+01,6.381690913317171976e+00,3.790770541045713315e+01,3.709542271184646722e+01,2.707976636924788139e+01,4.273880388608861836e+01,5.723630830984087758e+00,4.786715641034513880e+01,1.094016221902772479e+01,2.108770693097373083e+01,2.753869337289360075e+01,2.064902753368231814e+01,1.660026511877519084e+01,6.035707853442917603e+00,2.881669329981724559e+01,1.544427745856924972e+01,1.741149533156601237e+01,5.793906699777374314e+01,3.840005279978824149e+01,3.404664846469508177e+01,5.869696205174135173e+01,4.133860742255335907e+01,3.404467270496263609e+01,4.148329794123019809e+01,5.723412945732845003e+01,4.781379594243736619e+01,2.085754894837381102e+01
2.605491368405711494e+00,5.723077442421510064e+00,3.433905566592702741e+01,3.538933112329437591e+01,3.821947256992702080e+01,3.371329371989274648e+01,6.152622819248814778e+01,4.819535271777243679e+01,3.484388474451225903e+01,4.034701198180341208e+01,0.000000000000000000e+00,1.301914843675700695e+01,3.024664221892485472e+01,4.227584824189879242e+01,3.444510757047152794e+01,5.112096512361307532e+01,5.715684667964865184e+01,4.838675280365653464e+01,2.931228004813604926e+01,5.264761514025586564e+00,1.667923114271071228e+01,4.826308153869042172e+01,5.039449353406845944e+01,4.596694510222755525e+01,9.570952700487056930e+00,2.448611267241250999e+01,4.326325982303008288e+01,3.601490705865560749e+00,3.628655006476398626e+01,3.777395804748384478e+01,4.563392519370277256e+01,4.176331774520161133e+01,1.511786400010911180e+01,3.894186915262806536e+01,3.442696313355397564e+01,4.621738069947319616e+01,1.206297054666982227e+01,2.511654557054713877e+01,5.597744014888937159e+01,2.019840796773993219e+01,2.223897485694760867e+00,6.389225271663922712e+01,5.445845812303952016e+01,4.501008538936800107e+01,2.591696489988875030e+01,3.023290876237651759e+01,2.073885208109125955e+01,2.261382497039687678e+01,3.116413868755147476e+01
1.053145131190367145e+01,8.804990434609287320e+00,2.450056522985554608e+01,2.240178903752205031e+01,2.910346019076607504e+01,2.146117165122799619e+01,4.890938554385299142e+01,3.571103892006190961e+01,3.131935659475448830e+01,2.833205845043220705e+01,1.301914843675700695e+01,0.000000000000000000e+00,1.740042875907786524e+01,3.508279573902355253e+01,3.191738627154357744e+01,3.830045628699162563e+01,4.414241870622186781e+01,3.580222577590368616e+01,1.916623845460587816e+01,7.773614237546158101e+00,1.228624336066619627e+01,3.554935233405412021e+01,3.838887703532827089e+01,3.354103271320753521e+01,1.000753868562643056e+01,1.799428328981129255e+01,3.122366073720890256e+01,1.469721120846354800e+01,2.376127884632852627e+01,3.250634141623044826e+01,3.271302312468794327e+01,2.908498802534044003e+01,2.717537079829257074e+00,3.192762167335599699e+01,2.149526171167748601e+01,3.397304332735736665e+01,1.358518800013232886e+00,1.289287926547187624e+01,4.319105190617158740e+01,2.969753235828637727e+01,1.161370680834314761e+01,5.108561123702009610e+01,4.841391560300800023e+01,3.581433279804576841e+01,1.762663676388306655e+01,2.437450162299156275e+01,2.919645144180743657e+01,2.317052188868293783e+01,2.475050612626162305e+01
2.785864594690076146e+01,2.614138296821305829e+01,2.254909685709257161e+01,7.783641199931662591e+00,1.985608232363036052e+01,5.879878778166426123e+00,3.156521104451766391e+01,1.855252296882783725e+01,3.111326443452058399e+01,1.860441320152083833e+01,3.024664221892485472e+01,1.740042875907786524e+01,0.000000000000000000e+00,3.556700693881953157e+01,3.295657632686654637e+01,2.090283136354677396e+01,2.759493474888533981e+01,2.240484306036309192e+01,1.184509515293299842e+01,2.499237096485954623e+01,2.448611267241250999e+01,2.151777197889974147e+01,2.190168996890862374e+01,2.112702611410023223e+01,2.410335396810400255e+01,1.890312862840547226e+01,1.497496374637121264e+01,3.130679007984607765e+01,1.289414648357688087e+01,2.936433401651293806e+01,1.754491396191566466e+01,1.176224152550389945e+01,1.512877926071918289e+01,3.336062187309302374e+01,4.304980828300037032e+00,2.228054233907868564e+01,1.858098512414019510e+01,1.137814355621276974e+01,2.833638463847810840e+01,4.361405807056670625e+01,2.899437126610017401e+01,3.368742657190610146e+01,4.146895347384671737e+01,2.502310111545569882e+01,1.562662154631940048e+01,2.289539816441287812e+01,4.232546745499853813e+01,3.051156475422755676e+01,2.906244622018733281e+01
4.012211172042761831e+01,3.679460337488993815e+01,1.301829930496599630e+01,3.073721865825843480e+01,5.540242120720012053e+01,4.110295096340570353e+01,5.554874331702968249e+01,4.744629889445776172e+01,6.421503457285017191e+01,2.144215353615878783e+01,4.227584824189879242e+01,3.508279573902355253e+01,3.556700693881953157e+01,0.000000000000000000e+00,6.542309575357464269e+01,4.551778693882032201e+01,4.221415965610063381e+01,2.862593504649170129e+01,4.647720754556465295e+01,3.929524410189807782e+01,2.561081584845308257e+01,3.008578342694142549e+01,5.254493032826848520e+01,2.603282023512048227e+01,4.470599054980316112e+01,5.046969288151595379e+01,4.756590140515577048e+01,4.567066237196068101e+01,2.494260008338294199e+01,6.376150923865371567e+01,3.221574094070725636e+01,4.180924229280832094e+01,3.601709972234473867e+01,3.335846228542141745e+00,3.550844504741027663e+01,2.455875231887445409e+01,3.468618748740613000e+01,2.587578751457071036e+01,3.541527376824740969e+01,6.240216573915009945e+01,4.005316096861165676e+01,5.483184625444575744e+01,7.701096239863304049e+01,6.044090049038960899e+01,4.838488026561898181e+01,5.619903402980641260e+01,6.263806673308042150e+01,5.817149571878567116e+01,1.111948742847380700e+01
3.424415536534066717e+01,3.598706361112083840e+01,5.310911955470643164e+01,4.060432952587841271e+01,1.904944802439757012e+01,3.005345768696073350e+01,5.053477858015465074e+01,3.934497231876144241e+01,2.607493216848648654e+00,5.151410889012709760e+01,3.444510757047152794e+01,3.191738627154357744e+01,3.295657632686654637e+01,6.542309575357464269e+01,0.000000000000000000e+00,4.471379875627721390e+01,5.531317603670105854e+01,5.463826438020464593e+01,2.130168292699001142e+01,3.249515250315445059e+01,4.412334857730174065e+01,5.344291532634354525e+01,3.758637593294614732e+01,5.380551108408646144e+01,2.552449479247565733e+01,1.497812433199935178e+01,3.326556229830232070e+01,3.190781136094430082e+01,4.579047810067599755e+01,7.782964590027327212e+00,4.894467628918208391e+01,3.692094391299401224e+01,3.013042974259946405e+01,6.255367092334067536e+01,3.581585982812471514e+01,5.509382701655352577e+01,3.285856251290557850e+01,3.973377698332075170e+01,5.899615247132339846e+01,2.908623539590552198e+01,3.543593537523269532e+01,5.458109350733907661e+01,2.191507985100748712e+01,2.240674388922493065e+01,1.754512193072158510e+01,1.009968685591108795e+01,2.642553820481613869e+01,1.244501390770671279e+01,5.605948494054433695e+01
4.875535611784452783e+01,4.701241005596987321e+01,3.430267928553304557e+01,1.801147490910631888e+01,2.589934174326597116e+01,1.811834682456725787e+01,1.113079159666508744e+01,5.559743714236905276e+00,4.223238230487137201e+01,2.408286092891479413e+01,5.112096512361307532e+01,3.830045628699162563e+01,2.090283136354677396e+01,4.551778693882032201e+01,4.471379875627721390e+01,0.000000000000000000e+00,1.120265625048198643e+01,1.865484359151687244e+01,2.607712609990747765e+01,4.587745793893609658e+01,4.389913918791729941e+01,1.689956607392144861e+01,9.790216770361837462e+00,2.033313032676466747e+01,4.435852910673779803e+01,3.485172640257112420e+01,1.144849809603451973e+01,5.200710241840632619e+01,2.180879594477038452e+01,3.819693944862921597e+01,1.345880086990077551e+01,9.534212797691065333e+00,3.601152444339025038e+01,4.465393417588746416e+01,1.688032165218556457e+01,2.206660631165514985e+01,3.946510164988628588e+01,2.961905777686612851e+01,1.758218564345028767e+01,6.284645472607425631e+01,4.989699464394300321e+01,1.278515865304087384e+01,4.256314697882445586e+01,2.571964723845929512e+01,3.129149958129676179e+01,3.553893043882339953e+01,6.117838499371671190e+01,4.720323494718384438e+01,4.357486347502491952e+01
5.463404564544200781e+01,5.238105661666120483e+01,3.332522643692760766e+01,2.181433226672201897e+01,3.679531968516891283e+01,2.677903253381540694e+01,1.515445396928385868e+01,1.673479183935214465e+01,5.289660069215067750e+01,2.222730582061758753e+01,5.715684667964865184e+01,4.414241870622186781e+01,2.759493474888533981e+01,4.221415965610063381e+01,5.531317603670105854e+01,1.120265625048198643e+01,0.000000000000000000e+00,1.361612102560978421e+01,3.553840889616647303e+01,5.191538105691147820e+01,4.700805746481525915e+01,1.230560566692922997e+01,2.074411834846729619e+01,1.637512904114075241e+01,5.169008302533988797e+01,4.426715599975668880e+01,2.228066539174952609e+01,5.861890391367783337e+01,2.273854027124168553e+01,4.909611792888269122e+01,1.223091208220889570e+01,1.860676875367032679e+01,4.225947891847233251e+01,4.217020257777516434e+01,2.329650239255016331e+01,1.769768658159626540e+01,4.511563323393523461e+01,3.313625013459882496e+01,8.133950952631225917e+00,7.110374720443986973e+01,5.562198235787791134e+01,1.305024270979622614e+01,5.368239785554725785e+01,3.692133485056572795e+01,4.066470133518227215e+01,4.579271198505848872e+01,6.968688356237132098e+01,5.661752492629765499e+01,4.308388417812334126e+01
4.578449550247263744e+01,4.307105962366797769e+01,2.016981520869197908e+01,1.470923726803025566e+01,3.827660113068072434e+01,2.461383271282516461e+01,2.737089574845380469e+01,2.241778178732101878e+01,5.254441682074027398e+01,9.294891660771746444e+00,4.838675280365653464e+01,3.580222577590368616e+01,2.240484306036309192e+01,2.862593504649170129e+01,5.463826438020464593e+01,1.865484359151687244e+01,1.361612102560978421e+01,0.000000000000000000e+00,3.338620878932217551e+01,4.336471096928958247e+01,3.583476232845243459e+01,1.757373404558584928e+00,2.764352460878538054e+01,2.939629207616483608e+00,4.477846496296971424e+01,4.123199812125352537e+01,2.539146424515105593e+01,5.047293315103343048e+01,1.210020421526371059e+01,4.984516282166694623e+01,6.190265562196969995e+00,1.957643226817516791e+01,3.454148849246740127e+01,2.856107258605324617e+01,1.890312862840547226e+01,4.081565555986482963e+00,3.649206887228024954e+01,2.328671425991948141e+01,8.130435832240754834e+00,6.483869856403728704e+01,4.656369450485411932e+01,2.626437308884742450e+01,5.832073643642412009e+01,4.074202099452213588e+01,3.783073569312613671e+01,4.456115627218752451e+01,6.386340919726764298e+01,5.289504717572487635e+01,2.989364410186811227e+01
2.754684661740866147e+01,2.720812945540800953e+01,3.358797224532970205e+01,1.933886114671937761e+01,1.009762502197704137e+01,8.999105952762896266e+00,3.463909421831750279e+01,2.153233044643561556e+01,1.933917963634221593e+01,3.043853403349499587e+01,2.931228004813604926e+01,1.916623845460587816e+01,1.184509515293299842e+01,4.647720754556465295e+01,2.130168292699001142e+01,2.607712609990747765e+01,3.553840889616647303e+01,3.338620878932217551e+01,0.000000000000000000e+00,2.469618921585106364e+01,3.024647271869480036e+01,3.224651354257404279e+01,2.217122706330197346e+01,3.250385998864535964e+01,2.056657596201193527e+01,8.789103983872491810e+00,1.556593010837021929e+01,2.896889209134223009e+01,2.473649435890496306e+01,1.758031143181699818e+01,2.783201648675316520e+01,1.699037398594443715e+01,1.647007576012654795e+01,4.397572205210229868e+01,1.451924937495007484e+01,3.379951134755776110e+01,2.051618667562937048e+01,2.080300398256858330e+01,3.819636433742182646e+01,3.713831332238284233e+01,2.888738758499905046e+01,3.791123065208635978e+01,3.096389828421321155e+01,1.668034580908909703e+01,5.214373717149939580e+00,1.120247241420249118e+01,3.530355065573071016e+01,2.116615084297669469e+01,3.863235195538529609e+01
2.934381609050153550e+00,3.509969436860010283e+00,3.029784647903944617e+01,3.017008349337874407e+01,3.400055252432962760e+01,2.858045584340555223e+01,5.633101311152123714e+01,4.302642206320759044e+01,3.252135966814868340e+01,3.554239214507948930e+01,5.264761514025586564e+00,7.773614237546158101e+00,2.499237096485954623e+01,3.929524410189807782e+01,3.249515250315445059e+01,4.587745793893609658e+01,5.191538105691147820e+01,4.336471096928958247e+01,2.469618921585106364e+01,0.000000000000000000e+00,1.395119223244908113e+01,4.318423576498473437e+01,4.535455065350730308e+01,4.100934359619333947e+01,7.021481912936999414e+00,2.086731452336438508e+01,3.820315359058466953e+01,7.203169140227599243e+00,3.127473974831471537e+01,3.485514394506444802e+01,4.045485818380937104e+01,3.654528061579619447e+01,9.866268987522147427e+00,3.599435758111348349e+01,2.916422400566097295e+01,4.133419332858147044e+01,6.892951221113799321e+00,2.017322970587797215e+01,5.086823740466412858e+01,2.339036980876591798e+01,4.222117211282276905e+00,5.865366075209516339e+01,5.140772865326333374e+01,4.081323668886115996e+01,2.177671803534446937e+01,2.697812995248231971e+01,2.339037945393833340e+01,2.158157281247804704e+01,2.832416291783101059e+01
1.451893716425604630e+01,1.120204739839750374e+01,1.856287934270226714e+01,2.602815406880465687e+01,4.034409664908345405e+01,2.992461064297052431e+01,5.500065728208530658e+01,4.268533554827637744e+01,4.359260209964968880e+01,2.681613918744984915e+01,1.667923114271071228e+01,1.228624336066619627e+01,2.448611267241250999e+01,2.561081584845308257e+01,4.412334857730174065e+01,4.389913918791729941e+01,4.700805746481525915e+01,3.583476232845243459e+01,3.024647271869480036e+01,1.395119223244908113e+01,0.000000000000000000e+00,3.618384009563367698e+01,4.636948917594961728e+01,3.305911805368238987e+01,2.017158365891303617e+01,3.024664221892485472e+01,3.945148918357129020e+01,2.006106147294293152e+01,2.435984732447022694e+01,4.474161217142056302e+01,3.479614883642946666e+01,3.578426269418891081e+01,1.449149273970755836e+01,2.228035945752474944e+01,2.754355529485489740e+01,3.284659225817112826e+01,1.126804367709965327e+01,1.429239339925317509e+01,4.390847923887388049e+01,3.679462786293619558e+01,1.445533365701595230e+01,5.633332852111427513e+01,6.043130244226394865e+01,4.682761832151387438e+01,2.959222905985360441e+01,3.661416562687914222e+01,3.709405532942015782e+01,3.460641174004136644e+01,1.451892165431793913e+01
4.566747371788218857e+01,4.303292790995523376e+01,2.113951148561360327e+01,1.395382382996542781e+01,3.683664599152758257e+01,2.339055408669156932e+01,2.572974534157563653e+01,2.068295878881022176e+01,5.131239120606168314e+01,1.008987312239750089e+01,4.826308153869042172e+01,3.554935233405412021e+01,2.151777197889974147e+01,3.008578342694142549e+01,5.344291532634354525e+01,1.689956607392144861e+01,1.230560566692922997e+01,1.757373404558584928e+00,3.224651354257404279e+01,4.318423576498473437e+01,3.618384009563367698e+01,0.000000000000000000e+00,2.590068841685245715e+01,4.082067920803092775e+00,4.432620291859980455e+01,4.023775052384268491e+01,2.376986352280030701e+01,5.024391314536531894e+01,1.207311230109062627e+01,4.850655781590383242e+01,4.651372660462581798e+00,1.801469617776368892e+01,3.417126205477658374e+01,2.990027582401782169e+01,1.784315031031843191e+01,5.554852949675813889e+00,3.629498134151852895e+01,2.324509378951594840e+01,7.782024864834141908e+00,6.434440551778335760e+01,4.648839165529797413e+01,2.475000192067746596e+01,5.672495587686521645e+01,3.915623057868906187e+01,3.679509601118775919e+01,4.338735331568294384e+01,6.330315074233836725e+01,5.202848800210175284e+01,3.089678890567138225e+01
4.828873190837728657e+01,4.716176649293902301e+01,4.037062093312981403e+01,2.248664167089674493e+01,1.857523231440475797e+01,1.693974348744136549e+01,1.304318337700458308e+01,5.276807182480832026e+00,3.500599322378280220e+01,3.136484536735175865e+01,5.039449353406845944e+01,3.838887703532827089e+01,2.190168996890862374e+01,5.254493032826848520e+01,3.758637593294614732e+01,9.790216770361837462e+00,2.074411834846729619e+01,2.764352460878538054e+01,2.217122706330197346e+01,4.535455065350730308e+01,4.636948917594961728e+01,2.590068841685245715e+01,0.000000000000000000e+00,2.884556422414641830e+01,4.238412570512031152e+01,3.034945692913114357e+01,7.167277183195506218e+00,5.060179029009063356e+01,2.773731544279549510e+01,3.044331650911026799e+01,2.182037351762000199e+01,1.112418464384979977e+01,3.579649230168969609e+01,5.122231908510862297e+01,1.909967435916133027e+01,3.060183538729832264e+01,3.969110875537221972e+01,3.268556576953791648e+01,2.736369932752312550e+01,5.914079815966598375e+01,4.955328180956652062e+01,1.699476134728805832e+01,3.295935781512729079e+01,1.673483301251664912e+01,2.708925934854203632e+01,2.942115144866378884e+01,5.717117777461646710e+01,4.220486795681516412e+01,4.888804251743597717e+01
4.336168988860575269e+01,4.057771406481098353e+01,1.723462323120074302e+01,1.334338491416856876e+01,3.809739703691415258e+01,2.397692406007315924e+01,2.964627628634922019e+01,2.357171270098934457e+01,5.179733239359786978e+01,6.381690913317171976e+00,4.596694510222755525e+01,3.354103271320753521e+01,2.112702611410023223e+01,2.603282023512048227e+01,5.380551108408646144e+01,2.033313032676466747e+01,1.637512904114075241e+01,2.939629207616483608e+00,3.250385998864535964e+01,4.100934359619333947e+01,3.305911805368238987e+01,4.082067920803092775e+00,2.884556422414641830e+01,0.000000000000000000e+00,4.273238454940965170e+01,4.003015474250570804e+01,2.589596052729084263e+01,4.815774914155736042e+01,9.786853588202154342e+00,4.935827702409935824e+01,7.029234277399662112e+00,1.991894066231287397e+01,3.242076366139885835e+01,2.581820790321473069e+01,1.799808522015158374e+01,1.756984417190331493e+00,3.416839127983980973e+01,2.085330579178261345e+01,1.103076428345423388e+01,6.281723380164642379e+01,4.409994967250302267e+01,2.880007807936911135e+01,5.860548200924998952e+01,4.102807874102575170e+01,3.671952201421932926e+01,4.370626150381630737e+01,6.192950828475941449e+01,5.143815707305114415e+01,2.696599580328702217e+01
8.804990434609283767e+00,1.053145131190366790e+01,3.449717104035902082e+01,3.059129099008928065e+01,2.891165033364624293e+01,2.634894988255751613e+01,5.419772714091171650e+01,4.080139400641767367e+01,2.565528923546770912e+01,3.790770541045713315e+01,9.570952700487056930e+00,1.000753868562643056e+01,2.410335396810400255e+01,4.470599054980316112e+01,2.552449479247565733e+01,4.435852910673779803e+01,5.169008302533988797e+01,4.477846496296971424e+01,2.056657596201193527e+01,7.021481912936999414e+00,2.017158365891303617e+01,4.432620291859980455e+01,4.238412570512031152e+01,4.273238454940965170e+01,0.000000000000000000e+00,1.495471165117109180e+01,3.539934662312698777e+01,8.446638770538353214e+00,3.297890636839682799e+01,2.829701787958451220e+01,4.101432353803613040e+01,3.483039248171054680e+01,1.036994881012228120e+01,4.147805250403059318e+01,2.840792579419257891e+01,4.332988837804253279e+01,1.009932690204148997e+01,2.260951807599796126e+01,5.174747799822290517e+01,2.008594074398499529e+01,1.007445163017419176e+01,5.695637162695010858e+01,4.495774674359575585e+01,3.565863939788923176e+01,1.665276894166364841e+01,2.066877544660146881e+01,1.933738255796863470e+01,1.463437230768880326e+01,3.402724182871097014e+01
2.334291632890274215e+01,2.404735646426839324e+01,3.813568832748719473e+01,2.668676982833713396e+01,1.432097113378299902e+01,1.754491396191566821e+01,4.310631349313798211e+01,3.019465981913531749e+01,1.379567865476741062e+01,3.709542271184646722e+01,2.448611267241250999e+01,1.799428328981129255e+01,1.890312862840547226e+01,5.046969288151595379e+01,1.497812433199935178e+01,3.485172640257112420e+01,4.426715599975668880e+01,4.123199812125352537e+01,8.789103983872491810e+00,2.086731452336438508e+01,3.024664221892485472e+01,4.023775052384268491e+01,3.034945692913114357e+01,4.003015474250570804e+01,1.495471165117109180e+01,0.000000000000000000e+00,2.411592443069879010e+01,2.321011832594902913e+01,3.140082973418396861e+01,1.451432046952137433e+01,3.599627176945134011e+01,2.576495834578882693e+01,1.580820268195612499e+01,4.763394953226713113e+01,2.240484306036309192e+01,4.116458724966196314e+01,1.913824229906595065e+01,2.475694414529498388e+01,4.657473404975314679e+01,2.881321303771305153e+01,2.468726703910012432e+01,4.652729204064231538e+01,3.069136080380381770e+01,2.090410960567754017e+01,3.602622613496711867e+00,6.383974034998203706e+00,2.682275861014322871e+01,1.237905931501352264e+01,4.130880650642221497e+01
4.113753470548560642e+01,3.999455601880138289e+01,3.494697951842251626e+01,1.687704386243058252e+01,1.451937533940702885e+01,9.787864536710365826e+00,1.907504787507903998e+01,6.191595767725450727e+00,3.078513122468023511e+01,2.707976636924788139e+01,4.326325982303008288e+01,3.122366073720890256e+01,1.497496374637121264e+01,4.756590140515577048e+01,3.326556229830232070e+01,1.144849809603451973e+01,2.228066539174952609e+01,2.539146424515105593e+01,1.556593010837021929e+01,3.820315359058466953e+01,3.945148918357129020e+01,2.376986352280030701e+01,7.167277183195506218e+00,2.589596052729084263e+01,3.539934662312698777e+01,2.411592443069879010e+01,0.000000000000000000e+00,4.354661539952113714e+01,2.264334506863424323e+01,2.682545663826283189e+01,1.921076062195569989e+01,6.039789634412799479e+00,2.862921571144445920e+01,4.593946109455851712e+01,1.269969778716466635e+01,2.759374246700567213e+01,3.252818188239268693e+01,2.606744477795901815e+01,2.723714589280015019e+01,5.270404178801658901e+01,4.239721512212585708e+01,2.241288942080388225e+01,3.297224598609687263e+01,1.544876848423333904e+01,2.068074733085140693e+01,2.419563131745193729e+01,5.084913898690768974e+01,3.630626860187572902e+01,4.292002765842822498e+01
5.559743714236901724e+00,8.895589942779043469e+00,3.731725785454134581e+01,3.700797964250828898e+01,3.731732891976304245e+01,3.423779374684968246e+01,6.214570208006756502e+01,4.875535611784452072e+01,3.250969552475869762e+01,4.273880388608861836e+01,3.601490705865560749e+00,1.469721120846354800e+01,3.130679007984607765e+01,4.567066237196068101e+01,3.190781136094430082e+01,5.200710241840632619e+01,5.861890391367783337e+01,5.047293315103343048e+01,2.896889209134223009e+01,7.203169140227599243e+00,2.006106147294293152e+01,5.024391314536531894e+01,5.060179029009063356e+01,4.815774914155736042e+01,8.446638770538353214e+00,2.321011832594902913e+01,4.354661539952113714e+01,0.000000000000000000e+00,3.840120750215372425e+01,3.578855202586183992e+01,4.737310773506364114e+01,4.253870025165064561e+01,1.636097099638978491e+01,4.234117959978224377e+01,3.557160474170632369e+01,4.851151451527243097e+01,1.398976366053026865e+01,2.734752288095164374e+01,5.788703464136183641e+01,1.673439773068627900e+01,5.723077442421510064e+00,6.471866661789749742e+01,5.246913922485092741e+01,4.403709808073200804e+01,2.508766256077508316e+01,2.856807096596646645e+01,1.716946864717415977e+01,1.977650423638550592e+01,3.457715715114992605e+01
3.368433591115465475e+01,3.098867300850427497e+01,1.267935558363895332e+01,6.036046954286526045e+00,3.201932917947865320e+01,1.731059372982161548e+01,3.270570346009548501e+01,2.277934658404030444e+01,4.399289136864514660e+01,5.723630830984087758e+00,3.628655006476398626e+01,2.376127884632852627e+01,1.289414648357688087e+01,2.494260008338294199e+01,4.579047810067599755e+01,2.180879594477038452e+01,2.273854027124168553e+01,1.210020421526371059e+01,2.473649435890496306e+01,3.127473974831471537e+01,2.435984732447022694e+01,1.207311230109062627e+01,2.773731544279549510e+01,9.786853588202154342e+00,3.297890636839682799e+01,3.140082973418396861e+01,2.264334506863424323e+01,3.840120750215372425e+01,0.000000000000000000e+00,4.220589887294352849e+01,1.051108292474183337e+01,1.687213356351976401e+01,2.264688870637612439e+01,2.348737508825841758e+01,1.119801910771936093e+01,1.037064883738728582e+01,2.441289455148140775e+01,1.119548177579566506e+01,1.985263433490614560e+01,5.306435576395908527e+01,3.446918906652370396e+01,3.315625670942030467e+01,5.342126485320686413e+01,3.623159090733489762e+01,2.832620946589253208e+01,3.576184028543661242e+01,5.222307503259232675e+01,4.227592848684565041e+01,2.176606758496330585e+01
3.706147199736958697e+01,3.819510933451402934e+01,5.100298879695984056e+01,3.658264157794634031e+01,1.230703708073816927e+01,2.539244134217338456e+01,4.324252241384554907e+01,3.270368069691066637e+01,5.274069443834173754e+00,4.786715641034513880e+01,3.777395804748384478e+01,3.250634141623044826e+01,2.936433401651293806e+01,6.376150923865371567e+01,7.782964590027327212e+00,3.819693944862921597e+01,4.909611792888269122e+01,4.984516282166694623e+01,1.758031143181699818e+01,3.485514394506444802e+01,4.474161217142056302e+01,4.850655781590383242e+01,3.044331650911026799e+01,4.935827702409935824e+01,2.829701787958451220e+01,1.451432046952137433e+01,2.682545663826283189e+01,3.578855202586183992e+01,4.220589887294352849e+01,0.000000000000000000e+00,4.389708412052242181e+01,3.116433535673855104e+01,3.026852552780898264e+01,6.111794538919578201e+01,3.149871804705083278e+01,5.078375882661121921e+01,3.365153812591046290e+01,3.789858743066193369e+01,5.344298374890320957e+01,3.576865208353630976e+01,3.835861554872627011e+01,4.738977175250767715e+01,1.669222352065360226e+01,1.471169648716500689e+01,1.556405065695047085e+01,8.131840761526058614e+00,3.319808317670322140e+01,1.800290315813346709e+01,5.524180893925026226e+01
4.306664468427030101e+01,4.062911435476299715e+01,2.178471969499464933e+01,1.042874752063372767e+01,3.218857956225331662e+01,1.890312862840546870e+01,2.340211536894277344e+01,1.654906557360965280e+01,4.678113745528288803e+01,1.094016221902772479e+01,4.563392519370277256e+01,3.271302312468794327e+01,1.754491396191566466e+01,3.221574094070725636e+01,4.894467628918208391e+01,1.345880086990077551e+01,1.223091208220889570e+01,6.190265562196969995e+00,2.783201648675316520e+01,4.045485818380937104e+01,3.479614883642946666e+01,4.651372660462581798e+00,2.182037351762000199e+01,7.029234277399662112e+00,4.101432353803613040e+01,3.599627176945134011e+01,1.921076062195569989e+01,4.737310773506364114e+01,1.051108292474183337e+01,4.389708412052242181e+01,0.000000000000000000e+00,1.338896944474643291e+01,3.109120956559786819e+01,3.157612664873584762e+01,1.361817016086178533e+01,8.786218678614378774e+00,3.357691254027950123e+01,2.108148650080581632e+01,1.080881764405005363e+01,6.089249343447425389e+01,4.397821651429348577e+01,2.318981594768592558e+01,5.213054445845237694e+01,3.455187549466045027e+01,3.250392311420022651e+01,3.891820599965832628e+01,5.972930091937417529e+01,4.795324025783631328e+01,3.143877803111894309e+01
3.944708947086223105e+01,3.786378608983711302e+01,2.938702365006727746e+01,1.138838512069420794e+01,1.909837374277380206e+01,8.612081758852770719e+00,1.982515023525819586e+01,6.901171164118492740e+00,3.457781344904040566e+01,2.108770693097373083e+01,4.176331774520161133e+01,2.908498802534044003e+01,1.176224152550389945e+01,4.180924229280832094e+01,3.692094391299401224e+01,9.534212797691065333e+00,1.860676875367032679e+01,1.957643226817516791e+01,1.699037398594443715e+01,3.654528061579619447e+01,3.578426269418891081e+01,1.801469617776368892e+01,1.112418464384979977e+01,1.991894066231287397e+01,3.483039248171054680e+01,2.576495834578882693e+01,6.039789634412799479e+00,4.253870025165064561e+01,1.687213356351976401e+01,3.116433535673855104e+01,1.338896944474643291e+01,0.000000000000000000e+00,2.669943378501010756e+01,4.031880665934303920e+01,8.242999977974225345e+00,2.160022063747883792e+01,3.029851612381846593e+01,2.179540703697379911e+01,2.228062427300131532e+01,5.338928929968817272e+01,4.062272798047862921e+01,2.217996804299203006e+01,3.875711931862688431e+01,2.117249694951073735e+01,2.216737924032259954e+01,2.723674275404264833e+01,5.177383283653222890e+01,3.814255758462942225e+01,3.776957690194034711e+01
