0.000000000000000000e+00,1.531329843810888214e+01,1.008876795276346172e+01,1.237759178942769900e+01,2.758898017363363664e+01,4.548563926665228507e+01,3.101532916104336479e+01,1.110708345191015667e+01,1.689905894900897465e+01,3.338615427829790150e+01,9.769614496116210134e+00,5.552230515163732782e+00,3.619364714910270209e+01,3.116424025565695999e+01,2.844794245527307197e+01,2.571893722293435758e+01,1.825257850141770177e+01,2.239566901224608841e+01,4.123184373178004591e+01,2.158913802122637193e+01,1.565919391950622597e+01,1.054074152497755001e+01,3.335846228542141745e+01,5.184974491245993278e+01,2.017487866372760763e+01,3.622750568611840549e+01,3.568608391521230061e+01,2.441816938642091728e+01,3.468842246951751207e+01,9.523449642886314237e+00,4.650713165344880906e+01,1.689948643641932335e+01,3.275035164183027803e+01,3.469066696954832452e+01,9.288733401190706118e+00,3.471097858924961344e+01,4.279773699964380995e+01,2.578813438205423836e+01,2.106753982367717271e+01,1.854212351916060442e+01,2.700857253980980843e+01,2.614693686154473440e+01,4.477247855598648840e+01,3.891337330596977040e+01,1.175603942186036122e+01,2.606619548536214914e+00,3.125305398822338177e+01,1.772388288266800416e+01,1.161942888518019323e+01
1.531329843810888214e+01,0.000000000000000000e+00,2.536017374003703395e+01,1.730224367114436035e+01,3.654199256887444847e+01,4.786752146374879402e+01,4.063028694193556589e+01,2.641933728784336211e+01,7.901163599502362800e+00,3.295356600749286002e+01,7.773149445638561694e+00,2.050623549872491225e+01,4.474901570514865057e+01,3.222777097431279003e+01,3.837029518939574757e+01,2.537840622830090709e+01,1.808477077925052967e+01,1.334338491416856343e+01,3.973417405419274928e+01,1.470825077411668680e+01,1.120208764022816972e+01,2.334572136588072411e+01,3.353694550630534366e+01,4.672158279297927663e+01,1.544240179738542196e+01,4.583900098813558799e+01,3.448665155755375622e+01,3.249235898258802280e+01,3.051013892192265331e+01,8.805913642550843079e+00,4.116450468579536448e+01,2.213822508702857661e+01,4.236453900906632697e+01,3.872963215396880088e+01,1.032965701067116093e+01,3.648719767408072556e+01,4.458138324285638987e+01,3.130888162261204499e+01,1.009921513985799457e+01,3.271019722119059026e+01,4.229602288684041866e+01,3.016839367600195132e+01,3.790363373111069478e+01,5.083893587317267304e+01,2.585163558786085147e+01,1.634309939330845296e+01,3.036873810682019226e+01,3.293621353965605181e+01,1.138691936743840216e+01
1.008876795276346172e+01,2.536017374003703395e+01,0.000000000000000000e+00,1.686233590983626840e+01,2.646493114046355899e+01,4.781379594243736619e+01,2.882376798182248123e+01,1.757373404558584928e+00,2.584846940641721247e+01,3.827355146140484976e+01,1.906689264976301246e+01,6.036725726363021849e+00,3.449626196381640852e+01,3.542345786813819331e+01,2.625345476239722586e+01,3.139504326719379890e+01,2.512556509826132967e+01,3.161060350673783503e+01,4.613144337605459100e+01,3.032253892945610474e+01,2.353314174179901030e+01,1.009961909476327691e+01,3.790946644391301135e+01,5.816150458520365873e+01,2.843696885634508220e+01,3.355171625492139498e+01,4.079765698466247414e+01,2.461383271282516461e+01,4.133741939972554036e+01,1.914165796947384734e+01,5.310541368407861995e+01,2.113923919359478631e+01,3.037965121631180310e+01,3.669430851396355564e+01,1.771086319881455751e+01,3.819588669499913181e+01,4.567103930465841444e+01,2.783200009907509909e+01,3.074253880472036471e+01,1.207651187471924281e+01,1.693585025878950745e+01,2.919736053019942901e+01,5.212631359423956212e+01,3.368528107371840719e+01,7.901708777574859788e+00,9.875367387898180027e+00,3.657911007206345033e+01,8.465006713348945055e+00,1.932453971952102378e+01
1.237759178942769900e+01,1.730224367114436035e+01,1.686233590983626840e+01,0.000000000000000000e+00,3.983056360762103765e+01,5.757454575423548704e+01,4.308629181475436098e+01,1.858626363601625897e+01,1.275087531793479201e+01,4.466446540638622054e+01,9.784975828568519773e+00,1.636805567921850368e+01,4.840365441298103377e+01,4.279720643358747623e+01,4.049068030496336235e+01,3.679484893480249497e+01,2.894259172352147402e+01,2.937992033889669230e+01,5.233223209133345222e+01,2.969791277805695273e+01,8.806837322593354500e+00,2.239248599401950912e+01,4.480903690758721325e+01,6.169791960750177395e+01,2.919659082972241038e+01,4.822384947645537068e+01,4.678088458623723511e+01,3.677539223922056522e+01,4.466432852162215283e+01,1.784299750525558537e+01,5.619170339441419770e+01,2.897065912009997035e+01,4.479514257934105359e+01,4.692591301997940434e+01,7.203921711273814310e+00,4.657257931582031318e+01,5.475840736336363079e+01,3.809201588460788912e+01,2.676761969963000354e+01,2.851334064932498435e+01,3.147700963598071411e+01,3.827241164628682668e+01,5.367208004484190553e+01,4.992646766736777408e+01,2.255344667305915607e+01,1.497470766937605724e+01,4.234139299220669983e+01,2.519850539251856603e+01,6.033001876604750180e+00
2.758898017363363664e+01,3.654199256887444847e+01,2.646493114046355899e+01,3.983056360762103765e+01,0.000000000000000000e+00,2.325710879285330535e+01,4.234204448852579183e+00,2.506154991378859975e+01,4.215368763246971895e+01,2.089175878153035981e+01,3.558312146875627491e+01,2.376740350695779469e+01,8.613356648656202097e+00,1.741149533156601237e+01,2.941803275147931274e+00,1.933606579641030621e+01,2.088445127503064569e+01,3.176318150200999213e+01,2.683437799474160101e+01,2.890124168495724177e+01,4.238233561705339980e+01,1.757937598437205651e+01,1.975405844390434851e+01,4.083716018111061885e+01,2.622039836301813764e+01,9.304614489121661336e+00,2.325513903184177877e+01,4.232745955610627497e+00,2.813128882365387540e+01,2.787512502314197960e+01,3.727568778903637536e+01,1.469969962508871397e+01,5.884229137441381319e+00,1.303702831885600411e+01,3.621527746340081677e+01,1.730937679375584537e+01,2.216687467114772758e+01,8.464035604231701981e+00,3.382131306698864393e+01,1.673472338638072543e+01,3.150049782953169952e+01,1.138710266473237986e+01,3.889105381463379274e+01,1.638922185294900302e+01,1.860578519034300271e+01,2.499263834468684919e+01,2.102111059988747144e+01,2.339059315772410841e+01,3.877567658662423611e+01
4.548563926665228507e+01,4.786752146374879402e+01,4.781379594243736619e+01,5.757454575423548704e+01,2.325710879285330535e+01,0.000000000000000000e+00,2.376924797348799601e+01,4.672167016631770053e+01,5.532300998370781997e+01,1.555748902692378621e+01,5.043185994155597029e+01,4.355765394977945704e+01,1.981147988268243765e+01,1.564154889535008586e+01,2.522057486799781856e+01,2.251999842691781595e+01,2.995206959379835254e+01,3.703235998532726114e+01,1.268660424490404104e+01,3.442802373900007495e+01,5.714280151494393323e+01,3.783073569312613671e+01,1.463893334284350267e+01,2.376839561897440589e+01,3.277946993441949530e+01,2.325696176357217126e+01,1.513121203461276387e+01,2.350902529936083241e+01,2.204434090606598318e+01,4.117724282955553150e+01,2.310899998122127741e+01,2.861875024711413573e+01,2.346822907681945836e+01,1.111948742847380700e+01,5.202082984968687640e+01,1.139137845887633027e+01,3.514357679353586228e+00,2.006127606839194755e+01,4.045081044819924188e+01,3.976603295353968548e+01,5.475686284590102559e+01,1.933875511323977747e+01,2.738598963400245978e+01,3.288664882177047133e+01,4.005327976564818471e+01,4.303506780035856849e+01,1.810712506650351017e+01,4.631575822467192438e+01,5.457651380887306658e+01
3.101532916104336479e+01,4.063028694193556589e+01,2.882376798182248123e+01,4.308629181475436098e+01,4.234204448852579183e+00,2.376924797348799601e+01,0.000000000000000000e+00,2.729295943240287770e+01,4.605258203036814280e+01,2.396220936129045498e+01,3.936542386809867367e+01,2.680981664050295876e+01,5.724188962544784154e+00,2.058175561142482834e+01,2.607844113523570595e+00,2.323839207919428063e+01,2.511405784705654654e+01,3.598233420789564008e+01,2.918224165686671512e+01,3.311262125854445060e+01,4.610204656225226927e+01,2.069575273307313878e+01,2.273402385299869621e+01,4.322292511885727606e+01,3.043806618246727425e+01,5.275632591466774990e+00,2.616648958520390522e+01,8.466950395154869469e+00,3.155496717324501788e+01,3.191418190286738010e+01,4.002984891784593202e+01,1.890939548148176996e+01,1.758413807282753760e+00,1.479110365535984961e+01,3.986062467031127454e+01,1.975904505385039656e+01,2.329454026267036326e+01,1.230259564820584650e+01,3.805551718224543833e+01,1.799849130891019655e+01,3.160793506402952602e+01,1.513737049940711366e+01,4.202530541451438495e+01,1.246584096529735852e+01,2.116984725892042007e+01,2.844951363635267683e+01,2.440619218003401869e+01,2.461405555630859965e+01,4.239012382217167385e+01
1.110708345191015667e+01,2.641933728784336211e+01,1.757373404558584928e+00,1.858626363601625897e+01,2.506154991378859975e+01,4.672167016631770053e+01,2.729295943240287770e+01,0.000000000000000000e+00,2.727620938624721347e+01,3.762928681228422079e+01,2.039529837198741902e+01,6.383402803073063403e+00,3.298509215895958846e+01,3.469098839199430273e+01,2.473848624483809999e+01,3.094764955720890498e+01,2.498822974402837005e+01,3.200623227596269516e+01,4.544885366141611627e+01,3.057385038244835584e+01,2.509351792580379481e+01,9.302598216877788317e+00,3.720921807377795432e+01,5.770656614778627613e+01,2.857571552664308356e+01,3.195733386071434623e+01,4.017836913917815167e+01,2.339055408669156932e+01,4.101307745784921366e+01,1.979006161499239980e+01,5.272415408120352964e+01,2.059021107581747145e+01,2.882427559085092739e+01,3.560837342757285739e+01,1.916623845460587816e+01,3.731953608781682163e+01,4.466487758028496557e+01,2.682518400729492569e+01,3.132708348653949670e+01,1.034009657568228135e+01,1.597893347249124041e+01,2.832646669610809553e+01,5.191635890159635380e+01,3.194300768526287015e+01,6.671692457084281713e+00,1.051002139260994106e+01,3.602464801998454647e+01,6.897025219026149401e+00,2.087465151301718436e+01
1.689905894900897465e+01,7.901163599502362800e+00,2.584846940641721247e+01,1.275087531793479201e+01,4.215368763246971895e+01,5.532300998370781997e+01,4.605258203036814280e+01,2.727620938624721347e+01,0.000000000000000000e+00,4.065252262467605249e+01,7.145010601200555200e+00,2.244254331649069201e+01,5.062354675816207106e+01,3.972509189747518832e+01,4.363463279889764834e+01,3.295287990925697130e+01,2.537768482662878000e+01,2.117060576182695186e+01,4.757072272639157973e+01,2.260897841129213859e+01,4.301399246906845164e+00,2.687234755780198014e+01,4.117169417236473095e+01,5.455311734039788973e+01,2.325247210840896983e+01,5.132506397049664315e+01,4.227230899920274965e+01,3.832714080471679807e+01,3.841117733463214989e+01,1.462982669443611528e+01,4.900104752380791240e+01,2.842915693441254632e+01,4.780986472340797633e+01,4.578449550247263033e+01,8.148618686199654348e+00,4.393273078635853324e+01,5.210399605146928081e+01,3.787224243608967100e+01,1.779117988555808694e+01,3.543473403440867742e+01,4.229765200688559190e+01,3.706905009901588954e+01,4.561010531165280213e+01,5.525670897098876111e+01,2.860380042731372185e+01,1.888094488164237461e+01,3.808725700672435011e+01,3.415548880641954099e+01,7.145010601200555200e+00
3.338615427829790150e+01,3.295356600749286002e+01,3.827355146140484976e+01,4.466446540638622054e+01,2.089175878153035981e+01,1.555748902692378621e+01,2.396220936129045498e+01,3.762928681228422079e+01,4.065252262467605249e+01,0.000000000000000000e+00,3.650459842644873731e+01,3.295554026706980721e+01,2.355826393884693459e+01,3.512804261515270365e+00,2.379475675914538968e+01,7.901449744065005554e+00,1.580287079387300331e+01,2.151224742381359079e+01,7.901449744065008218e+00,1.898684917384597526e+01,4.292086692155173466e+01,2.833402134431829822e+01,1.359518829007632990e+00,2.068151081546080050e+01,1.757332241530413697e+01,2.670626508093996776e+01,2.606445425400425897e+00,1.829321698359554560e+01,8.153611432680394344e+00,2.723487119353223562e+01,1.652788972525041089e+01,1.717077345898819729e+01,2.478589195762237907e+01,1.088083012232370628e+01,3.841206023704921080e+01,5.551575723320843814e+00,1.207107712497947638e+01,1.302937458590055542e+01,2.497834722632516957e+01,3.369886660744476359e+01,4.933275257095787936e+01,1.033513758845631081e+01,1.806419854854162210e+01,3.616919143650154211e+01,3.139563000900973222e+01,3.125308303225808970e+01,2.606445425400425897e+00,3.938342408786000703e+01,4.085210726638331380e+01
9.769614496116210134e+00,7.773149445638561694e+00,1.906689264976301246e+01,9.784975828568519773e+00,3.558312146875627491e+01,5.043185994155597029e+01,3.936542386809867367e+01,2.039529837198741902e+01,7.145010601200555200e+00,3.650459842644873731e+01,0.000000000000000000e+00,1.532045595608942712e+01,4.413968986538449002e+01,3.508568276253107854e+01,3.689397741478656911e+01,2.861696552910890645e+01,2.073989766333687967e+01,1.966823261196278949e+01,4.389501113014109990e+01,2.019858667748168912e+01,6.892951221113799321e+00,1.978618305612497252e+01,3.683210521076674837e+01,5.242018610433246550e+01,2.001507737125285402e+01,4.463986570993747449e+01,3.841191286127857296e+01,3.191556383876416447e+01,3.558235977111618098e+01,9.301328849459299164e+00,4.687925509457790696e+01,2.251591570196335113e+01,4.112340914873903586e+01,4.035361560247128665e+01,2.606011004748228554e+00,3.913097835634334132e+01,4.737519919224868659e+01,3.200851766906834683e+01,1.698369034637299535e+01,2.829380194789840886e+01,3.581003066618187347e+01,3.156512719508534204e+01,4.412475244350584092e+01,4.822259531715528169e+01,2.145879017848648118e+01,1.174738306911820374e+01,3.404333955331308914e+01,2.722481567144846792e+01,4.447794971389521734e+00
5.552230515163732782e+00,2.050623549872491225e+01,6.036725726363021849e+00,1.636805567921850368e+01,2.376740350695779469e+01,4.355765394977945704e+01,2.680981664050295876e+01,6.383402803073063403e+00,2.244254331649069201e+01,3.295554026706980721e+01,1.532045595608942712e+01,0.000000000000000000e+00,3.224300505299409991e+01,3.029858683310791179e+01,2.420464810169696790e+01,2.578749981563803573e+01,1.920378348750865172e+01,2.564956638267751998e+01,4.085310651833060547e+01,2.429825017045850188e+01,2.100416104577095311e+01,6.189823735829715012e+00,3.270211719962801311e+01,5.249544507684718297e+01,2.240056365705934738e+01,3.189613749337689441e+01,3.542276471348488087e+01,2.113977792403868960e+01,3.554470616411686734e+01,1.343958398995370196e+01,4.735666057723594946e+01,1.580315816794817962e+01,2.849751311274278365e+01,3.250379690188864856e+01,1.468731758430105927e+01,3.338618150020880648e+01,4.116458724966196314e+01,2.350890896396740715e+01,2.494724496127114577e+01,1.303174316716676628e+01,2.227616506968279353e+01,2.446287234264237398e+01,4.621738069947319616e+01,3.380185766858704710e+01,6.383402803073063403e+00,4.228867365065313244e+00,3.111142070667779436e+01,1.244946464288160826e+01,1.685744853088007744e+01
3.619364714910270209e+01,4.474901570514865057e+01,3.449626196381640852e+01,4.840365441298103377e+01,8.613356648656202097e+00,1.981147988268243765e+01,5.724188962544784154e+00,3.298509215895958846e+01,5.062354675816207106e+01,2.355826393884693459e+01,4.413968986538449002e+01,3.224300505299409991e+01,0.000000000000000000e+00,2.053614824935877081e+01,8.246605987310648089e+00,2.472004668204530731e+01,2.814297084288456929e+01,3.870414659746334962e+01,2.737810929766927615e+01,3.577659638106555207e+01,5.096073537978119816e+01,2.607537212646007418e+01,2.222467748964281142e+01,4.119314876961965410e+01,3.320533235514945147e+01,3.517218789014761260e+00,2.538630178155014150e+01,1.230616278501899785e+01,3.160275266889683721e+01,3.620598679488566063e+01,3.863760544401319663e+01,2.264334506863424323e+01,4.447794971389521734e+00,1.303600145490764461e+01,4.481710025704621358e+01,1.854836003937144895e+01,2.005730440943631621e+01,1.432256642340822950e+01,4.113753470548560642e+01,2.370573373013172969e+01,3.692127889913700756e+01,1.667244705218652001e+01,4.128912204937066122e+01,1.339682807120679442e+01,2.677848581826643581e+01,3.360016887998343549e+01,2.459468556271658812e+01,3.029940021880346990e+01,4.738201581850538702e+01
3.116424025565695999e+01,3.222777097431279003e+01,3.542345786813819331e+01,4.279720643358747623e+01,1.741149533156601237e+01,1.564154889535008586e+01,2.058175561142482834e+01,3.469098839199430273e+01,3.972509189747518832e+01,3.512804261515270365e+00,3.508568276253107854e+01,3.029858683310791179e+01,2.053614824935877081e+01,0.000000000000000000e+00,2.032553769534677102e+01,6.895315355952469361e+00,1.440884992111699958e+01,2.179029919272558757e+01,1.080673189425677805e+01,1.904511693075728829e+01,4.168993597950275642e+01,2.539064506452251635e+01,2.606619548536214914e+00,2.409880237035109829e+01,1.721232261586878920e+01,2.356386195824133623e+01,6.034691690347991688e+00,1.478518007723379668e+01,1.109792092655045792e+01,2.578654940261820983e+01,2.003671441905729722e+01,1.451915530797343123e+01,2.147787571280449370e+01,8.459187366694610688e+00,3.683240664210267568e+01,4.304134992467796295e+00,1.237905931501352619e+01,9.527025442500910657e+00,2.506999563426346000e+01,3.034331781782914561e+01,4.598938141207187869e+01,6.896204706401291240e+00,2.149250752059774072e+01,3.287907170625909714e+01,2.833480815951019949e+01,2.891066731403189749e+01,4.078556569429579781e+00,3.614530534233162484e+01,3.933867329528611378e+01
2.844794245527307197e+01,3.837029518939574757e+01,2.625345476239722586e+01,4.049068030496336235e+01,2.941803275147931274e+00,2.522057486799781856e+01,2.607844113523570595e+00,2.473848624483809999e+01,4.363463279889764834e+01,2.379475675914538968e+01,3.689397741478656911e+01,2.420464810169696790e+01,8.246605987310648089e+00,2.032553769534677102e+01,0.000000000000000000e+00,2.221942475741952450e+01,2.336821183576570959e+01,3.428609559732046108e+01,2.957233975559504913e+01,3.145787017577313804e+01,4.360160218570747759e+01,1.809843483055348656e+01,2.263939549382357086e+01,4.360160218570747048e+01,2.875809114979290726e+01,7.784847181677562844e+00,2.613190822689318438e+01,6.807639389927964579e+00,3.107262408185737002e+01,2.961438125538110810e+01,4.013151706055380430e+01,1.692613427657988012e+01,4.306890994807396567e+00,1.550547627523658534e+01,3.733908975996956059e+01,2.005454928609860232e+01,2.442195038870906032e+01,1.138966822346517027e+01,3.620075657039638628e+01,1.562673844012181945e+01,2.970232112953227954e+01,1.431937665044335439e+01,4.181320016837070597e+01,1.362789798917900796e+01,1.857212481743949084e+01,2.589024766205792716e+01,2.395977435176339654e+01,2.228063454318198566e+01,3.985810696356811889e+01
2.571893722293435758e+01,2.537840622830090709e+01,3.139504326719379890e+01,3.679484893480249497e+01,1.933606579641030621e+01,2.251999842691781595e+01,2.323839207919428063e+01,3.094764955720890498e+01,3.295287990925697130e+01,7.901449744065005554e+00,2.861696552910890645e+01,2.578749981563803573e+01,2.472004668204530731e+01,6.895315355952469361e+00,2.221942475741952450e+01,0.000000000000000000e+00,7.901421050662185586e+00,1.512028506446839238e+01,1.556728239986332873e+01,1.228984740155270572e+01,3.508444397089309774e+01,2.181035615050543086e+01,8.244836484230649631e+00,2.676870049052195810e+01,1.033184553811961237e+01,2.724154314198554516e+01,1.000753868562642346e+01,1.560917099495356730e+01,1.033184553811961237e+01,1.933780372222667054e+01,2.180503324099497320e+01,1.042630410233739724e+01,2.451916123991072283e+01,1.450541717895807459e+01,3.051073174555182277e+01,1.119598866259906167e+01,1.920436304188195109e+01,1.093616904937772638e+01,1.827957467306694994e+01,2.858466743299078772e+01,4.392825654905571753e+01,8.158616518081631241e+00,2.157776846663018944e+01,3.567594449981047688e+01,2.512646993395145856e+01,2.370443537934409406e+01,5.559743714236901724e+00,3.359558860844815342e+01,3.295450800035860794e+01
1.825257850141770177e+01,1.808477077925052967e+01,2.512556509826132967e+01,2.894259172352147402e+01,2.088445127503064569e+01,2.995206959379835254e+01,2.511405784705654654e+01,2.498822974402837005e+01,2.537768482662878000e+01,1.580287079387300331e+01,2.073989766333687967e+01,1.920378348750865172e+01,2.814297084288456929e+01,1.440884992111699958e+01,2.336821183576570959e+01,7.901421050662185586e+00,0.000000000000000000e+00,1.092422505302300273e+01,2.339044713668459607e+01,8.151612855113576472e+00,2.728561138403613739e+01,1.653566565558834611e+01,1.609257038347893598e+01,3.361949956048188426e+01,5.435074324096087039e+00,2.993050339854195840e+01,1.784302289442180012e+01,1.665866207642364216e+01,1.648879359521317411e+01,1.144682573521608582e+01,2.833049238746964704e+01,6.887940313970571715e+00,2.670009901542275799e+01,2.067082655333814145e+01,2.260951807599796126e+01,1.856726759772180912e+01,2.677249342100441254e+01,1.393903577164978280e+01,1.300914157733993370e+01,2.496820715857971962e+01,3.937662757039562678e+01,1.229526815699489894e+01,2.701398271145816565e+01,3.690784709429406973e+01,2.004630201635123044e+01,1.648967302279541514e+01,1.341243099733359934e+01,2.882935326785340280e+01,2.505937262105469898e+01
2.239566901224608841e+01,1.334338491416856343e+01,3.161060350673783503e+01,2.937992033889669230e+01,3.176318150200999213e+01,3.703235998532726114e+01,3.598233420789564008e+01,3.200623227596269516e+01,2.117060576182695186e+01,2.151224742381359079e+01,1.966823261196278949e+01,2.564956638267751998e+01,3.870414659746334962e+01,2.179029919272558757e+01,3.428609559732046108e+01,1.512028506446839238e+01,1.092422505302300273e+01,0.000000000000000000e+00,2.734819232148866774e+01,2.934689030436757662e+00,2.450052836327785855e+01,2.518026343343473172e+01,2.239566901224609552e+01,3.338608651632067392e+01,5.545045729563844006e+00,4.069519884668388698e+01,2.251265803815170941e+01,2.755013957570087513e+01,1.754160350846538918e+01,1.290608676415487466e+01,2.783186161627146049e+01,1.766508106509223452e+01,3.753648895879985048e+01,2.961120874592794294e+01,2.219161950049403487e+01,2.604765921458874445e+01,3.356999325542688695e+01,2.438195862440371187e+01,3.601553270091440329e+00,3.447686590881329494e+01,4.757880488856942947e+01,2.224166124039205172e+01,2.461309581313248174e+01,4.783151888769365456e+01,2.857759023035248802e+01,2.179029919272558402e+01,1.893272751444894908e+01,3.716903770536158902e+01,2.397450176958212964e+01
4.123184373178004591e+01,3.973417405419274928e+01,4.613144337605459100e+01,5.233223209133345222e+01,2.683437799474160101e+01,1.268660424490404104e+01,2.918224165686671512e+01,4.544885366141611627e+01,4.757072272639157973e+01,7.901449744065008218e+00,4.389501113014109990e+01,4.085310651833060547e+01,2.737810929766927615e+01,1.080673189425677805e+01,2.957233975559504913e+01,1.556728239986332873e+01,2.339044713668459607e+01,2.734819232148866774e+01,0.000000000000000000e+00,2.521350653494354788e+01,5.011845663733593170e+01,3.614654340220712214e+01,8.244836484230653184e+00,1.404502485326832506e+01,2.431928442322576345e+01,3.081918094118657692e+01,5.559743714236905276e+00,2.498933094781490283e+01,1.033184553811961592e+01,3.471068448352922786e+01,1.136921601339916954e+01,2.506009617014195001e+01,2.963358887165021116e+01,1.450541717895807636e+01,4.591280995589728064e+01,9.525236057174142346e+00,9.583696486176430440e+00,1.991381718761669717e+01,3.094032277813283116e+01,4.101931516930278576e+01,5.666244973879475566e+01,1.757564521735145391e+01,1.494188109584618296e+01,4.066440037702852095e+01,3.913387964710159395e+01,3.913133503883912567e+01,1.000753868562642701e+01,4.692424554301261708e+01,4.829410983048894224e+01
2.158913802122637193e+01,1.470825077411668680e+01,3.032253892945610474e+01,2.969791277805695273e+01,2.890124168495724177e+01,3.442802373900007495e+01,3.311262125854445060e+01,3.057385038244835584e+01,2.260897841129213859e+01,1.898684917384597526e+01,2.019858667748168912e+01,2.429825017045850188e+01,3.577659638106555207e+01,1.904511693075728829e+01,3.145787017577313804e+01,1.228984740155270572e+01,8.151612855113576472e+00,2.934689030436757662e+00,2.521350653494354788e+01,0.000000000000000000e+00,2.561085105166499076e+01,2.322513637961532140e+01,1.979659263854185625e+01,3.227509649384752777e+01,2.716538531017489877e+00,3.779150457258647577e+01,2.017377903478832124e+01,2.469916622566889330e+01,1.580252710510559666e+01,1.237612860637283951e+01,2.672130052797586686e+01,1.499050473662411420e+01,3.465304212018911301e+01,2.674781142485497654e+01,2.260924799587849066e+01,2.332782992132498023e+01,3.099297066704621884e+01,2.145403084321590370e+01,6.031316790042098752e+00,3.232232769611115941e+01,4.588134777263184816e+01,1.930785540041900816e+01,2.397420064209875434e+01,4.503212348539544507e+01,2.668713034402089335e+01,2.066424059228045707e+01,1.638600621847310990e+01,3.539001425294616610e+01,2.461324246910430347e+01
1.565919391950622597e+01,1.120208764022816972e+01,2.353314174179901030e+01,8.806837322593354500e+00,4.238233561705339980e+01,5.714280151494393323e+01,4.610204656225226927e+01,2.509351792580379481e+01,4.301399246906845164e+00,4.292086692155173466e+01,6.892951221113799321e+00,2.100416104577095311e+01,5.096073537978119816e+01,4.168993597950275642e+01,4.360160218570747759e+01,3.508444397089309774e+01,2.728561138403613739e+01,2.450052836327785855e+01,5.011845663733593170e+01,2.561085105166499076e+01,0.000000000000000000e+00,2.611408986581449909e+01,4.332779665617592713e+01,5.782133462806380209e+01,2.589736472932080247e+01,5.137001956240462874e+01,4.470728400294269989e+01,3.876933208022008870e+01,4.134337559474504076e+01,1.597137154050677310e+01,5.226159091382689326e+01,2.939996234192465607e+01,4.785772569587437886e+01,4.718790691831529216e+01,6.375437099263264074e+00,4.579887067981556470e+01,5.403177490067519528e+01,3.889507236187623818e+01,2.130083091916099391e+01,3.400404658732410468e+01,3.945036295621888911e+01,3.840351893843185138e+01,4.909499299061723576e+01,5.455646777392127689e+01,2.735657000681452189e+01,1.798818596433522643e+01,4.040739982887657078e+01,3.198031806575979274e+01,4.223559680574820341e+00
1.054074152497755001e+01,2.334572136588072411e+01,1.009961909476327691e+01,2.239248599401950912e+01,1.757937598437205651e+01,3.783073569312613671e+01,2.069575273307313878e+01,9.302598216877788317e+00,2.687234755780198014e+01,2.833402134431829822e+01,1.978618305612497252e+01,6.189823735829715012e+00,2.607537212646007418e+01,2.539064506452251635e+01,1.809843483055348656e+01,2.181035615050543086e+01,1.653566565558834611e+01,2.518026343343473172e+01,3.614654340220712214e+01,2.322513637961532140e+01,2.611408986581449909e+01,0.000000000000000000e+00,2.790661992297017946e+01,4.851390582714507360e+01,2.088072125603908802e+01,2.583752279830417464e+01,3.088996678555157516e+01,1.502078737277400222e+01,3.200851766906834683e+01,1.495654820973798671e+01,4.361538840996772848e+01,1.139105873262050928e+01,2.240265856021802193e+01,2.672143632340228336e+01,1.974410909704324268e+01,2.809668722454503609e+01,3.560836062662737334e+01,1.779117988555809404e+01,2.535727790669247739e+01,9.593008402673646629e+00,2.285430649028943506e+01,1.909794333572823888e+01,4.306916049858624262e+01,2.846215534281380144e+01,3.514617074656305462e+00,8.126229977527232862e+00,2.677303656147850575e+01,1.230343246969401250e+01,2.214514485091656582e+01
3.335846228542141745e+01,3.353694550630534366e+01,3.790946644391301135e+01,4.480903690758721325e+01,1.975405844390434851e+01,1.463893334284350267e+01,2.273402385299869621e+01,3.720921807377795432e+01,4.117169417236473095e+01,1.359518829007632990e+00,3.683210521076674837e+01,3.270211719962801311e+01,2.222467748964281142e+01,2.606619548536214914e+00,2.263939549382357086e+01,8.244836484230649631e+00,1.609257038347893598e+01,2.239566901224609552e+01,8.244836484230653184e+00,1.979659263854185625e+01,4.332779665617592713e+01,2.790661992297017946e+01,0.000000000000000000e+00,2.151329903551284417e+01,1.824390113689884529e+01,2.539212406650950982e+01,3.512545850135865511e+00,1.730617793076145006e+01,9.513130261688028000e+00,2.753848755341007148e+01,1.755757057657505271e+01,1.689948643641932691e+01,2.352200947710865719e+01,9.521311293316074398e+00,3.867571299742316882e+01,4.228383635890921255e+00,1.119700330522677412e+01,1.207175513686979862e+01,2.581469805037045973e+01,3.294948176575362453e+01,4.859578787825543600e+01,9.496099410603759949e+00,1.929992816504873332e+01,3.489279897682317255e+01,3.089090913721137710e+01,3.116424025565695999e+01,3.512545850135865511e+00,3.874414576280663169e+01,4.114502322377271071e+01
5.184974491245993278e+01,4.672158279297927663e+01,5.816150458520365873e+01,6.169791960750177395e+01,4.083716018111061885e+01,2.376839561897440589e+01,4.322292511885727606e+01,5.770656614778627613e+01,5.455311734039788973e+01,2.068151081546080050e+01,5.242018610433246550e+01,5.249544507684718297e+01,4.119314876961965410e+01,2.409880237035109829e+01,4.360160218570747048e+01,2.676870049052195810e+01,3.361949956048188426e+01,3.338608651632067392e+01,1.404502485326832506e+01,3.227509649384752777e+01,5.782133462806380209e+01,4.851390582714507360e+01,2.151329903551284417e+01,0.000000000000000000e+00,3.250291774625884500e+01,4.467589178010329931e+01,1.808557087389036155e+01,3.876933208022008159e+01,1.716970523569430185e+01,4.389462470474231992e+01,5.559743714236903500e+00,3.713102029977164875e+01,4.364167442577055311e+01,2.849951984935984584e+01,5.475570083818298173e+01,2.354722716499908941e+01,2.182308423754007265e+01,3.357172161118622711e+01,3.679465236605383183e+01,5.437386572699276854e+01,6.999741334897980494e+01,3.099153729744665853e+01,9.783729563369883309e+00,5.455646777392127689e+01,5.174178903962194198e+01,5.009573920173489370e+01,2.180503324099497675e+01,5.995427555699836830e+01,5.685557557396671768e+01
2.017487866372760763e+01,1.544240179738542196e+01,2.843696885634508220e+01,2.919659082972241038e+01,2.622039836301813764e+01,3.277946993441949530e+01,3.043806618246727425e+01,2.857571552664308356e+01,2.325247210840896983e+01,1.757332241530413697e+01,2.001507737125285402e+01,2.240056365705934738e+01,3.320533235514945147e+01,1.721232261586878920e+01,2.875809114979290726e+01,1.033184553811961237e+01,5.435074324096087039e+00,5.545045729563844006e+00,2.431928442322576345e+01,2.716538531017489877e+00,2.589736472932080247e+01,2.088072125603908802e+01,1.824390113689884529e+01,3.250291774625884500e+01,0.000000000000000000e+00,3.515711089507627918e+01,1.904437039165577517e+01,2.201057591802737434e+01,1.556728239986332518e+01,1.144666757653507361e+01,2.699603137943246622e+01,1.228310294520881030e+01,3.199160165396324018e+01,2.458963697633540590e+01,2.228043033735967882e+01,2.151645745281139810e+01,2.940329251981594894e+01,1.889108254553800492e+01,8.117163086442628739e+00,2.982552915122765569e+01,4.365225102671913504e+01,1.685744853088007744e+01,2.473154606859859328e+01,4.232352698227243337e+01,2.437240481877104159e+01,1.898837565939176741e+01,1.497357281552902286e+01,3.312525366362752521e+01,2.446287234264237398e+01
3.622750568611840549e+01,4.583900098813558799e+01,3.355171625492139498e+01,4.822384947645537068e+01,9.304614489121661336e+00,2.325696176357217126e+01,5.275632591466774990e+00,3.195733386071434623e+01,5.132506397049664315e+01,2.670626508093996776e+01,4.463986570993747449e+01,3.189613749337689441e+01,3.517218789014761260e+00,2.356386195824133623e+01,7.784847181677562844e+00,2.724154314198554516e+01,2.993050339854195840e+01,4.069519884668388698e+01,3.081918094118657692e+01,3.779150457258647577e+01,5.137001956240462874e+01,2.583752279830417464e+01,2.539212406650950982e+01,4.467589178010329931e+01,3.515711089507627918e+01,0.000000000000000000e+00,2.863558560916838402e+01,1.345880086990077551e+01,3.466125223214727669e+01,3.714884093189446190e+01,4.203802748826740299e+01,2.396952192051862696e+01,3.517218789014761260e+00,1.639730676037642709e+01,4.511854114311429242e+01,2.185356344093312586e+01,2.357171270098934457e+01,1.648999642821457456e+01,4.292955843326198817e+01,2.219776938918894871e+01,3.449733615685214971e+01,1.909263060576807547e+01,4.456997937808239385e+01,9.889533828286653616e+00,2.607712609990747410e+01,3.367350343418327441e+01,2.757984994262038825e+01,2.862094491154440590e+01,4.764113697327659480e+01
3.568608391521230061e+01,3.448665155755375622e+01,4.079765698466247414e+01,4.678088458623723511e+01,2.325513903184177877e+01,1.513121203461276387e+01,2.616648958520390522e+01,4.017836913917815167e+01,4.227230899920274965e+01,2.606445425400425897e+00,3.841191286127857296e+01,3.542276471348488087e+01,2.538630178155014150e+01,6.034691690347991688e+00,2.613190822689318438e+01,1.000753868562642346e+01,1.784302289442180012e+01,2.251265803815170941e+01,5.559743714236905276e+00,2.017377903478832124e+01,4.470728400294269989e+01,3.088996678555157516e+01,3.512545850135865511e+00,1.808557087389036155e+01,1.904437039165577517e+01,2.863558560916838402e+01,0.000000000000000000e+00,2.080432671772484099e+01,7.148963695611275426e+00,2.919673038886295302e+01,1.404502485326832506e+01,1.966988990173530283e+01,2.689973677518067063e+01,1.244056981143620533e+01,4.039753167532875722e+01,6.888764164180317451e+00,1.162421130977693196e+01,1.555655373602503211e+01,2.605967808901473148e+01,3.630202976386074454e+01,5.193760446548046161e+01,1.291177191687585157e+01,1.594272752230314971e+01,3.823541299609168931e+01,3.397571756687813860e+01,3.360686878806058075e+01,4.447794971389521734e+00,4.198752394932790821e+01,4.279680936235528321e+01
2.441816938642091728e+01,3.249235898258802280e+01,2.461383271282516461e+01,3.677539223922056522e+01,4.232745955610627497e+00,2.350902529936083241e+01,8.466950395154869469e+00,2.339055408669156932e+01,3.832714080471679807e+01,1.829321698359554560e+01,3.191556383876416447e+01,2.113977792403868960e+01,1.230616278501899785e+01,1.478518007723379668e+01,6.807639389927964579e+00,1.560917099495356730e+01,1.665866207642364216e+01,2.755013957570087513e+01,2.498933094781490283e+01,2.469916622566889330e+01,3.876933208022008870e+01,1.502078737277400222e+01,1.730617793076145006e+01,3.876933208022008159e+01,2.201057591802737434e+01,1.345880086990077551e+01,2.080432671772484099e+01,0.000000000000000000e+00,2.495887844026393765e+01,2.390490982332762471e+01,3.482097153106462173e+01,1.051108292474183514e+01,1.009873468423602993e+01,1.253062920908719491e+01,3.271302312468794327e+01,1.564259699056302111e+01,2.181693119677754922e+01,5.272120277735282912e+00,2.958856737050731311e+01,1.649232407201435180e+01,3.195805011077760582e+01,8.128331231436952464e+00,3.598401331569204586e+01,2.043553737910697166e+01,1.673466877565706667e+01,2.181235868295687652e+01,1.800039359532149774e+01,2.289603622173929054e+01,3.530023139276407562e+01
3.468842246951751207e+01,3.051013892192265331e+01,4.133741939972554036e+01,4.466432852162215283e+01,2.813128882365387540e+01,2.204434090606598318e+01,3.155496717324501788e+01,4.101307745784921366e+01,3.841117733463214989e+01,8.153611432680394344e+00,3.558235977111618098e+01,3.554470616411686734e+01,3.160275266889683721e+01,1.109792092655045792e+01,3.107262408185737002e+01,1.033184553811961237e+01,1.648879359521317411e+01,1.754160350846538918e+01,1.033184553811961592e+01,1.580252710510559666e+01,4.134337559474504076e+01,3.200851766906834683e+01,9.513130261688028000e+00,1.716970523569430185e+01,1.556728239986332518e+01,3.466125223214727669e+01,7.148963695611275426e+00,2.495887844026393765e+01,0.000000000000000000e+00,2.682474383486928105e+01,1.184250932195725348e+01,2.068417122990061330e+01,3.252818188239268693e+01,1.903444155500410062e+01,3.783065768788799943e+01,1.363809443483188666e+01,1.858098512414019510e+01,1.978618305612497252e+01,2.113548624095568229e+01,3.889373873180033314e+01,5.425974774493880659e+01,1.685744853088007744e+01,1.126804367709965504e+01,4.392904616505767024e+01,3.538071339338743115e+01,3.297846652186036920e+01,7.148963695611275426e+00,4.391085736802939721e+01,4.003015474250570094e+01
9.523449642886314237e+00,8.805913642550843079e+00,1.914165796947384734e+01,1.784299750525558537e+01,2.787512502314197960e+01,4.117724282955553150e+01,3.191418190286738010e+01,1.979006161499239980e+01,1.462982669443611528e+01,2.723487119353223562e+01,9.301328849459299164e+00,1.343958398995370196e+01,3.620598679488566063e+01,2.578654940261820983e+01,2.961438125538110810e+01,1.933780372222667054e+01,1.144682573521608582e+01,1.290608676415487466e+01,3.471068448352922786e+01,1.237612860637283951e+01,1.597137154050677310e+01,1.495654820973798671e+01,2.753848755341007148e+01,4.389462470474231992e+01,1.144666757653507361e+01,3.714884093189446190e+01,2.919673038886295302e+01,2.390490982332762471e+01,2.682474383486928105e+01,0.000000000000000000e+00,3.841147127509465520e+01,1.380923246218618416e+01,3.365750375211705858e+01,3.127996040832944402e+01,1.120218846135473179e+01,2.985037559556337072e+01,3.809141977336433627e+01,2.324272824068859933e+01,1.161465921493884856e+01,2.451013017990849363e+01,3.571471483030290983e+01,2.251754737081873614e+01,3.614213155767190955e+01,4.203813919676791500e+01,1.781742793789281620e+01,9.289611775998512400e+00,2.480029241984332700e+01,2.569231639534697464e+01,1.361723609633663479e+01
4.650713165344880906e+01,4.116450468579536448e+01,5.310541368407861995e+01,5.619170339441419770e+01,3.727568778903637536e+01,2.310899998122127741e+01,4.002984891784593202e+01,5.272415408120352964e+01,4.900104752380791240e+01,1.652788972525041089e+01,4.687925509457790696e+01,4.735666057723594946e+01,3.863760544401319663e+01,2.003671441905729722e+01,4.013151706055380430e+01,2.180503324099497320e+01,2.833049238746964704e+01,2.783186161627146049e+01,1.136921601339916954e+01,2.672130052797586686e+01,5.226159091382689326e+01,4.361538840996772848e+01,1.755757057657505271e+01,5.559743714236903500e+00,2.699603137943246622e+01,4.203802748826740299e+01,1.404502485326832506e+01,3.482097153106462173e+01,1.184250932195725348e+01,3.841147127509465520e+01,0.000000000000000000e+00,3.222878242587035658e+01,4.063406939142794982e+01,2.564505567948862819e+01,4.922648495633069388e+01,2.030473975177436330e+01,2.050872144567710009e+01,2.955659555093270896e+01,3.125276452874513922e+01,4.992850910629204719e+01,6.547980621704374471e+01,2.682110237758046623e+01,5.264761514025586564e+00,5.182515918342887318e+01,4.691681127734057100e+01,4.481996132803652699e+01,1.720979731625316234e+01,5.528714230850921041e+01,5.131167431090027264e+01
1.689948643641932335e+01,2.213822508702857661e+01,2.113923919359478631e+01,2.897065912009997035e+01,1.469969962508871397e+01,2.861875024711413573e+01,1.890939548148176996e+01,2.059021107581747145e+01,2.842915693441254632e+01,1.717077345898819729e+01,2.251591570196335113e+01,1.580315816794817962e+01,2.264334506863424323e+01,1.451915530797343123e+01,1.692613427657988012e+01,1.042630410233739724e+01,6.887940313970571715e+00,1.766508106509223452e+01,2.506009617014195001e+01,1.499050473662411420e+01,2.939996234192465607e+01,1.139105873262050928e+01,1.689948643641932691e+01,3.713102029977164875e+01,1.228310294520881030e+01,2.396952192051862696e+01,1.966988990173530283e+01,1.051108292474183514e+01,2.068417122990061330e+01,1.380923246218618416e+01,3.222878242587035658e+01,0.000000000000000000e+00,2.058392857093640416e+01,1.801279720139953966e+01,2.376127884632851917e+01,1.784308650428256726e+01,2.589830991168430074e+01,9.496865737440655764e+00,1.931304226775426613e+01,1.864743471172277722e+01,3.367546363323788228e+01,9.302206576622806367e+00,3.184004340380608511e+01,3.028755559454575774e+01,1.470498388362865150e+01,1.451915530797342413e+01,1.544451255106499232e+01,2.325101938359398090e+01,2.636102844957570923e+01
