data/people_count_1995.asc
ncols        1440
nrows        720
xllcorner    -180.000000000000
yllcorner    -90.000000000000
cellsize     0.250000000000
[rows 64 to 127 of 720, columns 1056 to 1151 of 1440]
0 0 0 0 0 0 0 0 0 0 0 2 2 2 2 2 2 2 2 2 2 2 2 2 2 2 2 2 2 2 2 2 2 2 2 2 2 2 2 2 2 2 2 2 2 2 2 2 2 2 2 3 3 4 4 0 0 5 5 5 5 5 0 5 5 5 5 5 5 5 5 5 5 5 5 5 5 5 5 5 5 5 5 5 5 5 5 5 5 5 5 5 5 0 5 5
2 2 2 2 2 2 2 2 2 2 2 0 0 2 2 2 2 2 2 2 2 2 2 2 2 2 2 2 2 2 2 2 2 2 2 2 2 2 2 2 2 2 2 2 2 2 2 2 3 3 4 5 5 5 0 5 5 5 5 5 5 5 5 5 5 5 5 5 5 5 5 5 5 5 5 5 5 0 0 5 5 5 5 5 5 5 5 5 4 4 4 4 3 2 2 2
2 2 2 2 2 2 2 2 2 2 2 2 2 2 2 2 2 2 2 2 2 2 2 2 2 2 2 2 2 3 3 3 3 3 2 2 2 2 2 2 2 2 2 2 2 2 2 0 5 5 5 5 0 0 5 5 5 5 5 5 5 5 5 5 5 5 0 5 5 5 5 5 5 5 5 5 5 5 5 5 5 5 5 5 5 5 5 5 0 0 0 0 0 0 0 0
3 3 3 3 3 3 3 3 3 3 3 3 3 3 3 3 8 17 26 29 30 31 32 33 35 36 37 38 19 5 5 5 5 5 4 4 4 4 4 4 4 4 3 3 3 3 4 0 5 5 5 5 0 0 5 5 5 5 5 5 5 5 5 5 5 0 0 5 5 5 5 5 5 5 5 5 5 5 5 5 5 5 5 5 5 5 5 4 0 0 0 0 0 0 0 0
0 3 3 3 3 3 3 21 30 29 28 28 27 30 38 47 51 51 51 51 51 51 51 51 51 51 51 51 0 0 7 5 5 5 5 5 5 5 5 5 5 5 5 5 5 5 5 5 5 5 5 5 5 5 5 5 5 5 5 5 5 5 5 5 5 5 5 5 5 5 5 5 5 5 5 5 5 5 5 5 5 5 5 5 5 4 0 0 4 5 5 5 5 5 5 5
0 3 3 3 3 3 8 46 51 51 51 51 51 51 51 51 51 51 51 51 51 51 51 51 51 51 51 51 0 0 45 16 5 5 5 5 5 5 5 5 5 5 5 5 5 5 5 5 5 5 5 5 5 5 5 5 5 5 5 5 5 5 5 5 5 5 5 5 5 5 5 5 5 5 5 5 5 5 5 5 5 5 5 5 5 5 0 5 5 5 5 5 5 5 5 5
4 3 5 6 5 3 3 10 39 33 26 20 16 21 26 32 37 43 49 52 52 52 52 52 52 52 52 52 52 52 52 48 0 10 5 5 5 5 5 5 5 5 5 0 0 5 5 5 5 5 5 5 5 5 5 5 5 0 0 5 5 5 5 5 5 5 5 5 5 5 5 5 5 5 5 5 5 5 5 5 5 5 5 5 5 5 5 5 5 5 5 5 5 5 5 5
9 9 9 9 9 9 8 9 9 9 9 9 9 9 9 9 9 9 0 23 52 53 53 53 53 53 53 53 53 53 53 53 53 53 48 36 8 5 5 5 5 5 5 5 5 5 5 5 5 5 5 5 5 5 5 5 5 5 5 5 5 5 5 5 5 5 5 5 5 5 5 5 5 0 5 5 5 5 5 5 5 5 5 5 5 5 5 5 5 5 5 5 5 5 5 5
9 9 9 9 9 9 9 9 9 9 9 9 9 9 9 9 9 9 0 0 47 53 53 53 53 53 53 53 53 53 53 53 53 53 53 53 41 7 5 5 5 5 5 5 5 5 5 5 5 5 5 5 5 5 5 5 5 5 5 5 5 5 5 5 5 5 5 5 5 5 5 5 0 0 5 5 5 5 5 5 5 5 5 5 5 5 5 5 5 5 5 5 5 5 5 5
9 9 9 9 9 9 9 9 9 9 9 9 9 9 9 9 9 9 38 54 54 54 54 54 54 54 54 54 54 54 54 54 54 54 54 54 54 37 5 5 5 5 5 5 5 5 5 5 5 5 5 5 5 5 5 5 5 5 5 5 5 5 5 5 5 5 5 5 5 5 5 5 5 5 5 5 5 5 5 5 5 5 5 5 5 5 5 5 5 5 5 5 5 5 5 5
9 9 9 9 9 9 9 9 9 9 9 9 9 9 9 9 9 19 30 46 55 55 55 55 55 55 55 55 55 55 55 55 55 55 55 55 55 24 5 5 5 5 5 5 5 5 5 5 5 5 5 5 5 5 5 5 5 5 5 5 5 5 5 5 5 5 5 5 5 5 5 5 5 5 5 5 5 5 5 5 5 5 5 5 5 5 5 5 5 5 5 5 5 5 5 5
9 9 9 9 9 9 9 9 9 9 9 9 9 9 9 9 17 55 56 56 56 56 56 56 56 56 56 56 56 56 56 56 56 56 56 56 56 54 27 6 5 5 5 5 5 5 5 5 5 5 5 5 5 5 5 5 5 5 5 5 5 5 5 5 5 5 5 5 5 5 5 5 5 5 5 5 5 5 5 5 5 5 5 5 5 5 5 5 5 5 5 5 5 5 5 5
9 9 9 9 9 9 9 9 9 9 9 9 9 9 9 9 9 15 30 46 0 56 56 56 56 56 56 56 56 56 56 56 56 56 56 56 56 54 36 10 6 6 6 6 6 6 6 6 6 6 6 6 6 6 6 6 6 6 6 6 6 6 6 6 6 6 6 6 6 6 6 6 6 6 6 6 6 6 6 6 6 6 6 6 6 6 6 6 6 6 6 6 6 6 6 6
10 10 10 10 10 10 10 10 14 35 39 30 14 10 10 10 11 20 31 41 0 57 57 57 57 57 57 57 57 57 57 57 57 57 57 57 53 15 6 6 6 6 6 6 6 6 6 6 6 6 6 6 6 6 6 6 6 6 6 6 6 6 6 6 6 6 6 6 6 6 6 6 6 6 6 6 6 6 6 6 6 6 6 6 6 6 6 6 6 6 6 6 6 6 6 6
10 10 10 10 10 10 10 10 10 50 58 58 57 48 45 47 56 58 58 58 58 58 58 58 58 58 58 58 58 58 58 58 58 58 58 58 58 51 6 6 6 6 6 6 6 6 6 6 6 6 6 6 6 6 6 6 6 6 6 6 6 6 6 6 6 6 6 6 6 6 6 6 6 6 6 6 6 6 6 6 6 6 6 6 6 6 6 6 6 6 6 6 6 6 6 6
10 10 10 10 10 10 17 25 33 50 58 58 58 58 34 40 58 58 58 58 58 58 58 58 58 58 58 58 58 58 58 58 58 58 54 48 42 24 6 6 6 6 6 6 6 6 6 6 6 6 6 6 6 6 6 6 6 6 6 6 6 6 6 6 6 6 6 6 6 6 6 6 6 6 6 6 6 6 6 6 6 6 6 6 6 6 6 6 6 6 6 6 6 6 6 6
10 10 10 20 42 50 58 59 59 59 59 59 59 48 21 43 59 59 59 59 59 59 59 59 59 59 59 59 59 59 59 41 13 7 6 6 6 6 6 6 6 6 6 6 6 6 6 6 6 6 6 6 6 6 6 6 6 6 6 6 6 5 5 5 5 6 6 6 6 6 6 6 6 6 6 6 6 6 6 6 6 6 6 6 6 6 6 6 6 6 6 6 6 6 6 6
7 7 8 22 59 55 43 49 60 60 60 60 60 60 56 7 49 60 60 60 60 60 60 50 46 48 52 60 60 60 60 35 6 6 6 6 6 6 6 6 6 6 6 6 6 6 6 6 6 6 6 5 5 5 4 4 4 4 4 4 4 4 4 4 4 4 5 5 5 5 5 5 6 6 6 6 6 6 6 6 6 6 6 6 6 6 6 6 6 6 6 5 5 5 5 4
10 10 17 57 61 61 59 45 46 61 61 61 61 61 61 55 0 0 59 54 39 39 50 47 54 59 53 53 54 55 58 54 26 7 6 6 6 6 6 6 6 6 6 6 6 6 5 5 4 4 4 4 4 4 4 4 4 4 4 4 4 4 4 4 4 4 4 4 4 4 4 4 4 4 5 5 4 5 6 5 5 5 4 4 5 5 5 4 4 4 4 4 4 4 4 4
10 10 43 61 61 61 59 48 49 61 61 61 61 61 61 61 61 61 61 61 61 61 61 61 61 57 58 57 55 55 57 59 61 54 27 11 6 6 6 5 5 6 6 5 4 4 4 4 4 4 4 4 4 4 4 4 4 4 4 4 4 4 4 4 4 4 4 4 4 4 4 4 4 4 4 4 4 4 4 4 4 4 4 4 4 4 4 4 4 4 4 4 4 4 4 4
10 10 43 62 62 62 62 38 58 62 62 62 62 62 62 62 62 62 62 62 62 62 53 51 53 62 59 54 52 57 58 58 58 59 62 62 58 50 42 33 9 6 6 4 4 4 4 4 4 4 4 4 4 4 4 4 4 4 4 4 4 4 4 4 4 4 4 4 4 4 4 4 4 4 4 4 4 4 4 4 4 4 4 4 4 4 4 4 4 4 4 4 4 4 4 4
28 37 55 63 63 63 63 62 55 49 63 63 63 63 63 63 63 63 63 63 63 63 61 54 46 54 55 59 63 60 56 59 60 63 63 63 63 63 63 63 34 4 4 4 4 4 4 4 4 4 4 4 4 4 4 4 4 4 4 4 4 4 4 4 4 4 4 4 4 4 4 4 4 3 4 4 4 4 4 4 4 4 4 4 4 4 4 4 4 4 4 4 4 4 4 4
63 63 63 63 63 63 63 63 62 43 61 63 63 63 63 62 55 56 55 55 63 53 54 46 46 49 45 43 43 50 54 53 52 60 63 55 34 32 39 44 9 4 4 4 4 4 4 4 4 4 4 4 4 4 4 4 4 4 4 4 4 4 4 4 4 4 4 4 4 4 4 4 4 2 3 4 4 4 4 4 4 4 4 4 4 4 4 4 4 4 4 4 4 4 4 4
64 64 64 64 64 64 68 98 135 90 53 62 63 62 49 0 46 58 52 49 62 64 64 58 55 56 63 64 64 64 64 64 64 59 36 7 4 4 4 4 4 4 4 4 4 4 4 4 4 4 0 0 4 4 4 4 4 4 4 4 4 4 4 4 4 4 4 4 4 4 4 4 4 4 4 4 4 4 4 4 4 4 4 4 4 4 4 4 4 4 4 4 4 4 4 4
65 65 65 65 65 175 393 399 399 306 239 80 65 0 0 34 48 64 65 65 65 65 65 65 65 65 65 65 64 60 61 55 39 11 4 4 4 4 4 4 4 4 3 4 4 4 4 0 4 4 4 4 4 4 4 4 4 4 4 4 4 4 4 4 4 4 4 4 4 4 4 4 4 4 4 4 4 4 4 4 4 4 4 4 4 4 4 4 4 4 4 4 4 4 4 4
61 65 65 65 112 384 403 403 398 298 403 353 134 0 0 64 65 65 65 65 65 65 65 65 65 65 65 65 65 65 55 19 4 4 4 4 4 4 4 4 4 4 4 4 4 4 4 0 0 4 4 4 4 4 4 4 4 4 4 4 4 4 4 4 4 4 4 4 4 4 4 4 4 4 4 4 4 4 4 4 4 4 4 4 4 4 4 4 4 4 4 4 4 4 4 4
30 43 60 62 187 335 407 407 407 365 276 407 400 263 236 229 222 214 137 53 41 32 36 40 43 47 47 42 34 16 4 4 4 4 4 4 3 4 4 4 4 4 4 4 4 4 4 4 4 4 4 4 4 4 4 4 4 4 4 4 4 4 4 4 4 4 4 4 4 4 4 4 4 4 4 4 4 4 4 4 4 4 4 4 4 4 4 4 4 4 4 4 4 4 4 4
29 29 29 30 29 119 412 412 412 412 280 383 412 412 410 327 204 82 29 29 29 29 29 29 29 29 27 15 5 4 4 4 4 4 4 3 4 4 4 4 4 4 4 4 4 4 4 4 4 4 4 4 4 4 4 4 4 4 4 4 4 4 4 4 4 4 4 4 4 4 4 4 4 4 4 4 4 4 4 4 4 4 4 4 4 4 4 4 4 4 4 4 4 4 4 4
29 29 29 29 0 0 0 0 416 416 337 380 416 338 70 29 29 29 29 29 29 29 29 29 28 16 5 4 4 4 4 4 4 4 4 4 4 4 4 3 4 4 4 3 4 4 4 4 4 4 4 4 4 4 4 4 4 4 4 4 4 4 4 4 4 4 4 4 4 4 4 4 4 4 4 4 4 4 4 4 4 4 4 4 4 4 4 4 4 4 4 4 4 4 4 4
30 30 30 30 30 30 231 420 420 292 330 370 370 373 39 29 30 24 28 30 30 30 30 20 6 4 4 4 4 4 4 4 4 4 4 4 4 4 4 3 0 4 4 4 3 4 4 4 4 4 4 4 4 4 4 4 4 4 4 4 4 4 4 4 4 4 4 4 4 4 4 4 4 4 4 4 4 4 4 4 4 4 4 4 4 4 4 4 19 41 20 19 36 52 55 44
30 30 30 30 30 30 32 128 275 405 424 419 239 39 25 30 30 29 30 30 18 13 17 7 4 4 4 4 4 4 4 4 4 4 4 4 4 4 4 4 0 0 4 4 4 4 4 4 4 4 4 4 4 4 4 4 4 4 4 4 4 4 4 4 4 4 4 4 4 4 4 4 4 4 4 4 4 4 4 4 4 4 4 4 4 4 4 4 50 95 95 95 95 95 95 95
30 30 30 30 30 30 30 30 30 43 76 68 29 23 27 26 30 30 30 22 4 4 4 4 4 4 4 4 4 4 4 4 4 4 4 4 4 4 4 4 4 4 4 4 4 4 4 4 4 4 4 4 4 4 4 4 4 4 4 4 4 4 4 4 4 4 4 4 4 4 4 4 4 4 4 4 4 4 4 4 4 4 4 4 4 4 4 4 5 50 96 96 96 96 96 96
30 30 30 30 30 30 30 30 30 30 30 30 30 30 29 20 28 29 28 7 4 4 4 4 4 4 4 4 4 4 4 4 4 4 4 4 4 4 4 4 4 4 4 4 4 4 4 4 4 4 4 4 4 4 4 4 4 4 4 4 4 4 4 4 4 4 4 4 4 4 4 4 4 4 4 4 4 4 4 4 4 4 4 4 4 4 4 4 4 28 97 97 97 97 97 97
27 29 31 31 31 31 31 31 31 31 31 31 31 31 31 31 24 31 18 4 4 4 4 4 4 4 4 4 4 4 4 4 4 4 4 4 4 4 4 4 4 4 4 4 4 4 4 4 4 4 4 4 4 4 4 4 4 4 4 4 4 4 4 4 4 4 4 4 4 4 4 4 4 4 4 4 4 4 4 4 4 4 4 4 4 4 4 4 4 6 40 85 98 98 98 98
26 26 31 31 31 31 31 31 31 31 31 31 31 31 31 24 30 31 31 27 19 10 4 4 4 4 4 4 4 4 4 4 4 4 4 4 4 4 4 4 4 4 4 4 4 4 4 4 4 4 4 4 4 4 4 4 4 4 4 4 4 4 4 4 4 4 4 4 4 4 4 4 4 4 4 4 4 4 4 4 4 4 4 4 4 4 4 4 4 7 44 90 99 99 99 99
27 28 31 31 31 31 31 31 31 31 31 31 31 31 31 25 31 31 30 31 31 12 4 4 4 4 4 4 4 4 4 4 4 4 4 4 4 4 4 4 4 4 4 4 4 4 4 4 4 4 4 4 4 4 4 4 4 4 4 4 4 4 4 4 4 4 4 4 4 4 4 4 4 4 4 4 4 4 4 4 4 4 4 4 4 4 4 5 39 87 100 100 100 100 100 100
27 27 28 28 30 31 30 32 32 32 32 32 32 32 31 26 32 32 32 32 24 7 8 4 4 4 4 4 4 4 4 4 4 4 4 4 4 4 4 4 4 4 4 4 4 4 4 4 4 4 4 4 4 4 4 4 4 4 4 4 4 4 4 4 4 4 4 4 4 4 4 4 4 4 4 4 4 4 4 4 4 4 4 4 4 4 4 21 88 101 101 101 101 101 101 101
27 27 27 27 27 27 27 29 32 32 32 32 32 31 24 32 32 32 32 32 32 32 31 23 19 9 7 4 4 4 4 4 4 4 4 4 4 4 4 4 4 4 4 4 4 4 4 4 4 4 4 4 4 4 4 4 4 4 4 4 4 4 4 4 4 4 4 4 4 4 4 4 4 4 4 4 4 4 4 4 4 4 4 4 4 4 10 95 102 102 102 102 102 102 102 102
27 27 27 27 27 27 27 29 32 32 32 32 32 31 26 32 32 32 32 32 32 32 32 32 32 32 32 23 15 15 16 9 4 4 4 4 4 4 4 4 4 4 4 4 4 4 4 4 4 4 4 4 4 4 4 4 4 4 4 4 4 4 4 4 4 4 4 4 4 4 4 4 4 4 4 4 4 4 4 4 4 4 4 4 4 4 4 18 33 20 11 40 72 97 101 103
28 28 28 28 28 28 28 29 33 33 33 33 33 33 26 33 33 33 33 33 33 33 33 33 33 33 33 33 33 33 33 26 5 5 5 5 5 5 4 4 4 4 4 4 4 4 4 5 5 5 5 5 5 5 5 5 4 4 4 4 4 4 4 4 4 4 4 4 4 4 5 5 5 5 5 5 5 5 5 5 5 5 5 5 5 5 5 5 5 5 5 5 5 5 5 7
28 28 28 28 28 29 32 33 33 33 33 33 33 28 29 33 33 33 33 33 33 33 33 33 33 33 33 33 33 33 33 33 14 5 5 5 6 8 5 5 5 5 5 5 5 5 4 0 0 4 4 4 4 4 4 4 4 5 5 5 5 5 5 5 5 5 5 5 5 5 5 5 5 5 5 5 5 5 5 5 5 5 5 5 5 5 5 5 5 5 10 19 16 15 22 23
28 28 28 28 29 33 33 33 33 33 33 33 33 27 33 33 33 33 33 33 33 33 33 33 33 33 33 33 33 33 33 31 24 17 19 21 22 22 20 5 5 5 5 5 5 5 5 5 5 5 5 5 5 5 5 4 5 5 5 5 5 5 5 5 5 5 5 5 5 5 5 5 5 5 5 5 5 5 5 5 5 5 5 5 5 5 5 5 5 5 17 23 23 23 23 23
28 28 28 28 28 29 31 33 33 33 33 33 31 28 31 33 33 33 33 33 33 33 33 33 33 33 33 33 33 33 31 22 22 22 22 22 22 22 14 8 7 5 5 5 5 5 5 5 5 5 5 5 5 5 5 5 5 5 5 5 5 5 5 5 5 5 5 5 5 5 5 5 5 5 5 5 5 5 5 5 5 5 5 5 5 5 5 5 5 5 17 23 23 23 23 23
29 29 29 29 29 29 31 34 34 34 34 34 34 34 32 30 31 34 34 34 33 33 34 34 34 34 34 34 34 34 34 23 22 22 22 22 22 22 22 22 22 22 22 21 17 6 6 5 5 5 5 5 5 5 5 5 5 5 5 5 5 5 5 9 16 8 9 12 15 13 11 10 11 11 13 5 5 5 5 5 5 5 5 5 5 5 5 5 5 14 23 23 23 23 23 23
29 29 29 29 29 30 34 34 34 34 34 34 34 34 34 34 31 30 34 33 33 34 34 34 34 34 34 34 34 32 27 23 23 23 23 23 23 23 23 23 23 23 23 23 23 23 23 17 5 5 6 13 18 19 20 19 9 5 5 5 5 7 21 22 19 17 17 17 17 17 17 17 17 17 17 6 8 8 5 6 7 5 5 5 5 5 5 5 8 23 24 24 24 24 24 24
29 29 29 29 32 34 34 34 34 34 34 34 34 34 34 34 34 33 29 34 32 34 34 34 34 34 34 32 26 23 23 23 23 23 23 23 23 23 23 23 23 23 23 23 23 23 23 23 20 22 23 23 23 23 23 23 23 18 20 21 18 20 23 23 23 19 18 18 18 18 18 18 18 18 18 17 18 18 17 17 17 13 6 5 5 5 5 5 5 9 23 24 24 24 24 24
70 42 30 33 35 35 35 35 35 35 35 35 35 35 35 35 35 35 35 31 30 35 35 35 34 31 25 23 23 23 23 22 22 23 23 23 23 23 23 23 23 23 23 23 23 23 23 23 23 23 23 23 23 23 23 23 23 23 23 23 23 23 23 21 20 19 18 18 18 18 18 18 18 18 18 18 18 18 18 18 18 18 15 5 5 5 5 5 5 8 20 24 24 24 24 24
99 99 62 35 35 35 35 35 35 35 35 35 35 35 35 35 35 35 35 35 29 35 35 35 34 29 24 23 23 23 22 23 22 22 23 23 23 23 23 23 23 23 23 23 23 23 23 23 23 23 23 23 23 23 23 23 23 23 23 23 23 23 21 18 18 18 18 18 18 18 18 18 18 18 18 18 18 18 18 18 18 18 18 7 5 5 5 5 5 16 24 24 24 24 24 24
100 100 89 50 37 35 35 35 35 35 35 35 35 35 35 35 35 35 35 35 34 30 33 35 35 35 35 29 23 22 23 23 23 23 23 23 23 23 23 23 23 23 23 23 23 23 23 23 23 23 23 23 23 23 23 23 23 23 23 23 23 22 18 18 18 18 18 18 18 18 18 18 18 18 18 18 18 18 18 18 18 18 18 12 5 5 5 9 20 24 24 24 24 24 24 24
101 101 101 101 99 87 73 57 35 35 35 35 35 35 35 35 35 35 35 35 35 35 35 30 31 34 32 24 23 22 23 24 24 24 24 24 24 24 24 24 24 24 24 24 24 24 24 24 24 24 24 24 24 24 24 24 24 24 24 24 24 24 20 18 18 18 18 18 18 18 18 18 18 18 18 18 18 18 18 18 18 18 16 7 5 5 10 20 25 25 25 25 25 25 25 25
101 101 101 101 101 101 102 122 90 82 85 58 85 57 36 46 49 40 36 36 36 35 28 32 34 36 33 25 24 24 24 24 24 24 35 72 52 24 24 24 24 24 24 24 24 24 24 24 24 24 24 24 24 24 24 24 24 24 24 24 24 23 20 18 18 18 18 18 18 18 18 18 18 18 18 18 18 18 18 18 18 17 10 11 18 24 25 25 25 25 25 25 25 25 25 25
102 102 102 107 118 129 139 142 142 142 142 142 142 141 115 138 142 128 55 36 36 34 26 36 36 36 36 34 25 24 24 24 24 41 96 127 146 76 44 26 28 68 98 74 42 24 24 24 24 24 24 24 24 24 24 24 24 24 24 24 24 23 18 18 18 18 18 18 18 18 18 18 18 18 18 18 18 18 18 18 18 18 19 22 25 25 25 25 25 25 25 25 25 25 25 25
122 123 136 143 143 143 143 143 143 143 143 143 143 143 143 143 143 143 137 69 36 36 33 33 36 36 37 40 41 33 25 27 70 126 148 148 148 148 148 148 148 148 148 148 145 58 24 24 24 24 24 24 24 24 24 24 24 24 24 24 24 23 21 22 22 21 19 19 19 19 19 19 19 19 19 19 19 19 19 19 19 19 24 25 25 25 25 25 25 25 25 25 25 25 25 25
136 137 142 144 144 144 144 144 144 144 144 144 144 144 144 144 144 144 144 143 125 128 131 124 131 141 144 144 144 144 143 144 150 150 150 150 150 150 150 150 150 150 150 150 149 73 24 24 24 24 24 24 24 24 24 24 24 24 24 24 24 24 24 24 24 24 20 19 19 19 19 19 19 19 19 19 19 19 19 19 19 19 24 25 25 25 25 25 25 25 25 25 25 25 25 25
137 137 138 145 145 145 145 145 145 145 145 145 145 145 145 145 145 145 145 145 145 145 145 144 118 145 145 145 145 145 148 151 151 151 151 151 151 151 151 151 151 151 151 150 73 25 25 25 25 25 25 25 25 25 25 25 25 25 25 25 25 25 25 24 23 21 19 19 19 19 19 19 19 19 19 19 19 19 19 19 19 19 19 23 24 25 26 26 26 26 26 26 26 26 26 26
138 138 140 146 146 146 146 146 146 146 146 146 146 146 146 146 146 146 146 146 146 146 146 146 145 133 138 146 146 146 148 152 152 152 152 152 152 152 152 152 152 152 152 152 52 25 25 25 25 25 25 25 25 25 25 25 25 25 25 25 25 116 149 116 24 19 19 19 19 19 19 19 19 19 19 19 19 19 19 19 19 19 19 19 19 19 25 26 26 26 26 26 26 26 26 26
145 167 191 209 211 211 212 212 213 214 214 215 182 147 147 147 147 147 147 147 147 147 147 147 147 147 136 137 147 148 153 153 153 153 153 153 153 153 153 153 153 153 153 153 111 25 25 25 25 25 25 25 25 25 25 25 25 25 26 40 252 431 433 420 370 212 88 62 41 22 19 19 19 19 19 19 19 19 19 19 19 19 19 19 22 22 26 26 26 26 26 26 26 26 26 26
224 256 256 256 256 256 256 256 256 256 256 256 256 220 157 148 148 148 148 148 148 148 148 148 148 148 148 127 148 149 152 154 154 154 154 154 154 154 154 154 154 154 154 154 203 277 231 146 127 61 25 25 33 273 396 405 415 425 434 436 436 436 436 428 421 420 420 420 420 418 398 293 168 208 47 19 19 19 19 19 19 19 19 21 26 26 26 26 26 26 26 26 26 26 26 26
232 258 258 258 258 258 258 258 258 258 258 258 258 258 249 188 169 172 0 149 149 149 149 149 149 149 149 149 134 141 149 151 155 155 155 155 155 155 155 155 155 201 161 316 550 569 497 440 439 402 381 405 428 439 439 439 439 439 439 439 439 439 439 439 430 423 423 423 423 423 423 423 423 422 102 45 52 23 19 19 19 19 19 19 23 26 26 26 26 26 26 26 26 26 26 26
458 260 260 260 260 260 260 260 260 260 260 260 260 260 260 260 260 260 0 0 150 150 150 150 150 150 150 150 150 140 138 145 152 157 157 157 157 157 157 157 168 464 566 577 577 495 443 443 443 443 443 443 443 443 443 443 443 443 443 443 442 434 436 438 430 426 426 426 426 426 426 426 426 389 246 305 306 95 20 20 20 20 20 20 20 26 27 27 27 27 27 27 27 27 27 27
468 261 261 261 261 261 261 261 261 261 261 261 261 261 261 261 261 222 178 152 151 151 151 151 151 151 151 151 151 151 143 132 140 156 158 158 158 158 182 280 478 581 581 581 581 575 446 446 446 446 446 446 446 446 446 446 446 445 438 435 431 429 429 429 429 429 429 384 385 381 384 375 375 370 290 308 308 307 264 176 37 25 20 23 27 27 27 27 27 27 27 27 27 27 27 27
449 263 263 263 263 263 263 263 263 263 263 263 263 263 263 263 227 153 153 153 153 153 153 153 153 153 153 153 153 153 153 151 133 153 155 155 193 444 581 586 586 586 586 586 586 570 432 426 435 420 435 449 449 449 449 449 449 449 418 413 412 397 405 422 432 402 377 420 432 432 432 432 424 346 277 270 311 311 311 311 311 239 201 44 27 27 27 27 27 27 27 27 27 92 268 219
296 265 265 265 265 265 265 272 613 694 642 589 536 484 410 302 170 154 154 154 154 154 154 154 154 154 154 154 154 154 154 154 24690 22034 2491 154 247 547 590 590 590 590 590 590 550 516 432 449 438 451 440 419 425 426 0 425 429 432 430 452 451 439 436 401 406 383 435 435 435 435 409 363 321 313 313 268 313 313 313 313 313 313 313 41 27 27 27 27 27 27 27 27 49 178 287 287
698 717 737 757 776 796 570 633 770 770 770 770 770 770 584 373 309 249 219 189 161 155 155 155 155 155 155 155 155 155 155 155 3555 37958 10901 140 139 499 532 527 521 548 513 534 580 594 515 455 455 455 455 455 455 455 455 455 455 455 455 455 455 455 489 577 484 439 439 439 398 335 315 315 315 315 0 290 315 315 315 315 315 315 313 29 27 27 37 110 134 157 180 203 267 289 289 289
