data/people_count_1995.asc
ncols        1440
nrows        720
xllcorner    -180.000000000000
yllcorner    -90.000000000000
cellsize     0.250000000000
[rows 384 to 447 of 720, columns 384 to 479 of 1440]
0 0 0 0 0 0 0 0 0 0 0 0 0 34559 21166 18307 18307 18307 33718 37259 37799 32245 15018 12029 10902 12834 18611 18102 14361 13335 13615 7512 8258 2408 972 1101 1034 893 850 850 850 850 850 330 92 92 92 92 92 92 92 92 92 813 1147 391 188 188 188 188 188 198 280 383 379 288 250 250 250 250 250 250 250 250 250 250 250 252 317 250 250 250 250 250 250 410 690 735 727 692 690 690 690 556 247 247
0 0 0 0 0 0 0 0 0 0 0 0 0 0 0 0 19435 26382 38087 36727 37495 36818 25365 12753 11472 7749 6769 10857 11305 15084 16740 17126 18214 13400 1150 1150 1027 849 849 849 849 849 849 411 92 92 92 92 92 92 92 92 331 1532 653 189 225 424 553 247 245 287 316 316 314 257 258 288 270 250 250 250 250 250 250 250 250 292 359 339 258 250 250 250 403 779 902 1032 975 705 690 690 690 617 247 247
0 0 0 0 0 0 0 0 0 0 0 0 0 0 0 0 34588 73220 121467 40954 27081 49767 42040 19824 11739 4299 3035 2695 7325 11099 13918 16915 17634 10616 1150 1150 943 849 849 849 849 808 381 107 92 92 92 92 92 92 251 900 1517 1196 719 753 937 1128 839 316 316 316 316 316 315 304 315 316 316 304 264 250 250 250 250 250 260 344 358 358 289 250 250 250 880 1032 1032 1032 1032 786 690 690 690 610 247 247
0 0 0 0 0 0 0 0 0 0 0 0 0 0 0 0 0 0 141360 40207 21832 43960 36548 24406 10254 2694 2694 2843 2741 5485 8840 3904 5348 3414 1149 1149 913 848 848 848 845 454 339 245 144 193 92 92 136 274 560 625 625 989 1128 1128 1128 1128 667 318 316 316 316 316 316 316 285 283 262 0 250 250 250 250 250 251 354 358 358 358 337 317 317 600 0 0 1031 1031 991 718 689 648 578 518 247 211
0 0 0 0 0 0 0 0 0 0 0 0 0 0 0 0 0 0 42980 18367 22766 54482 61784 32452 11583 3619 3075 3551 3521 3719 4259 5044 1148 1148 1148 1148 979 867 848 848 863 1124 1113 1095 1087 804 437 510 606 625 625 625 736 1114 1127 1125 1120 1066 365 343 335 327 325 328 321 316 350 361 341 270 251 250 251 256 257 334 404 392 358 358 358 358 452 992 0 0 1030 1027 788 689 689 349 247 193 116 93
0 0 0 0 0 0 0 0 0 0 0 0 0 0 0 0 0 0 49195 15218 9509 35535 53669 29852 21868 5070 3572 3572 3572 3616 3816 2740 1148 1148 1148 1148 1148 1142 1062 1700 1180 1185 1189 1146 1114 1112 1112 833 624 624 624 742 1123 1126 1120 1088 1079 1053 362 346 346 346 346 346 345 335 351 346 357 410 409 374 406 424 417 425 425 416 358 358 358 358 480 1030 1030 1030 1030 1030 870 688 599 252 247 158 93 93
0 0 0 0 0 0 0 0 0 0 0 0 0 0 0 0 0 0 36869 31068 23496 33987 30301 29132 32121 12327 3656 3570 3570 3570 3779 3442 1191 1147 1147 1147 1147 1147 1892 5489 3003 1210 1210 1210 1494 1811 1461 819 624 624 757 1091 1104 1090 1077 1076 1076 856 346 346 346 346 346 346 346 346 346 346 346 372 414 425 425 425 425 425 425 425 373 358 358 358 746 1029 1029 1029 1029 1029 901 688 606 247 247 153 93 93
0 0 0 0 0 0 0 0 0 0 0 0 0 0 0 0 0 0 0 41567 73320 37312 30005 29002 32437 20055 5227 3669 4484 6124 4685 3814 2077 1146 1146 1146 1179 1908 4137 5523 5402 1821 1270 1794 2422 2558 2558 1358 953 866 1071 1084 1075 1075 1075 1075 1003 401 345 345 345 345 345 345 345 345 345 345 370 425 425 425 425 425 425 425 425 425 377 357 357 834 1462 1459 1299 1029 1029 1003 744 688 564 252 246 229 94 93
0 0 0 0 0 0 0 0 0 0 0 0 0 0 0 0 0 0 0 38779 105410 59094 22660 12191 10800 11231 10415 9537 8557 8408 7852 3952 3046 1146 2338 3732 5266 5520 5520 5520 5520 4299 2509 2557 2557 2557 2498 1056 1045 1045 1045 1045 1049 991 910 1062 991 345 345 345 488 787 799 653 362 345 345 345 385 425 425 425 425 425 425 425 425 425 383 357 357 4214 5635 5635 5480 2061 1028 1022 754 685 452 474 246 246 121 93
0 0 0 0 0 0 0 0 0 0 0 0 0 0 0 0 0 0 0 0 76588 94684 25668 11031 9534 14237 13280 12395 9843 8403 7833 7215 2563 1595 3047 3871 5516 5516 5516 5516 5516 5322 3106 2555 2555 2555 2416 1046 1044 1044 1044 1044 981 715 672 718 917 355 345 345 701 977 977 977 752 408 345 345 402 424 424 424 424 424 424 424 424 421 359 357 3620 5604 5631 5631 5631 5038 2372 1027 770 687 310 257 246 245 109 93
0 0 0 0 0 0 0 0 0 0 0 0 0 0 0 0 0 0 0 0 0 105708 80234 25280 10591 15247 16004 5668 6259 5645 4960 9043 3752 3097 3087 3246 4920 2981 5272 5513 5513 5513 4902 2807 2554 2554 2516 1161 1044 1044 1044 1033 747 672 672 672 672 506 459 797 965 977 977 977 977 928 919 744 424 424 424 424 424 424 424 424 424 424 373 889 5128 0 5628 5628 5628 5593 4430 1146 719 631 261 246 246 244 118 93
0 0 0 0 0 0 0 0 0 0 0 0 0 0 0 0 0 0 0 0 0 69364 63913 63877 27011 13834 23934 10853 4829 4540 5003 13053 8532 3121 3121 3251 2712 3584 5509 5509 5509 5509 5509 4753 2646 2552 2552 1870 1043 1010 843 715 671 671 662 641 556 297 294 529 934 976 976 976 976 976 976 726 424 424 424 424 424 424 424 424 488 572 1067 3639 5624 0 5624 5624 5616 4161 1368 1296 1187 1195 225 204 204 204 185 174
0 0 0 0 0 0 0 0 0 0 0 0 0 0 0 0 0 0 0 0 0 22071 62840 57208 24414 20322 23888 23623 11522 8757 12654 17976 13981 3118 3118 2679 2520 4032 5505 5505 5505 5505 5505 5413 2924 2550 2550 2207 1042 870 671 671 671 609 346 304 294 366 588 808 822 851 916 1089 975 975 932 457 424 424 424 424 424 424 424 424 3887 5503 5620 5620 5620 5620 5620 5620 5620 5723 2082 1333 1333 1158 194 194 194 194 194 194
0 0 0 0 0 0 0 0 0 0 0 0 0 0 0 0 0 0 0 0 0 0 0 15713 31992 39164 13609 18401 16939 15006 19410 16941 17888 11162 5269 2528 2518 4709 5501 5501 5501 5501 5501 3134 1904 2129 2407 1510 1034 709 671 671 633 383 293 293 400 803 821 821 821 1893 7581 9384 5910 2178 889 423 423 423 1378 2141 955 1435 3735 2994 5428 5616 5616 5616 5616 5637 5715 5691 5815 5965 3327 1332 1332 929 194 194 194 194 194 194
0 0 0 0 0 0 0 0 0 0 0 0 0 0 0 0 0 0 0 0 0 0 0 10361 35835 40219 27098 17517 16248 17029 36002 33793 36067 20506 3367 2516 2517 3001 5383 4592 2876 4898 5497 1724 592 592 686 1040 945 670 670 614 275 171 293 293 670 821 821 821 821 6519 10041 10041 10041 9961 7301 2576 463 1670 5106 5612 5083 5393 4987 5612 5612 5612 5612 5612 5612 5713 5998 5998 5998 5751 1841 1331 1608 2851 207 194 194 194 194 194
0 0 0 0 0 0 0 0 0 0 0 0 0 0 0 0 0 0 0 0 0 0 0 4724 16362 7236 6185 12617 17666 17666 35425 34618 15735 4351 2560 2631 2659 2676 2607 618 591 1028 3161 2550 591 591 592 899 937 670 656 352 123 197 293 353 810 820 820 820 1274 8030 10034 10034 10034 10034 8582 6262 4554 3725 2433 1149 661 1105 1343 5403 5608 5608 5608 5608 5608 5749 5993 5993 5993 5987 3856 1510 6954 13202 194 194 194 194 194 194
0 0 0 0 0 0 0 0 0 0 0 0 0 0 0 0 0 0 0 0 0 0 0 3144 4816 5937 7105 8763 15587 17652 33746 27065 12039 2674 2674 2674 2674 2674 1773 591 591 591 593 818 591 591 575 202 123 120 118 116 153 279 293 458 819 819 819 1546 8541 10026 9459 10026 9938 7319 5227 4298 1727 210 105 105 105 105 230 743 743 743 767 5226 5603 5729 5989 5989 5989 6126 6421 7384 14048 10358 194 194 194 194 194 194
0 0 0 0 0 0 0 0 0 0 0 0 0 0 0 0 0 0 0 0 0 0 0 0 0 20592 4712 7195 10601 17333 21693 25495 13058 2911 2672 2672 2672 2672 1935 590 590 590 590 590 590 590 232 116 116 116 116 116 203 415 528 792 819 819 1823 7109 7875 3737 5714 5636 4353 6692 2422 969 254 243 106 105 105 166 970 742 755 747 742 3838 5597 5610 5965 5998 6000 6335 6489 12030 14558 13521 882 194 194 194 194 194
0 0 0 0 0 0 0 0 0 0 0 0 0 0 0 0 0 0 0 0 0 0 0 0 0 40703 5228 7735 5971 13639 17840 20048 15836 7874 2670 2776 2675 2670 2528 870 612 590 590 590 590 590 289 116 116 116 126 200 272 539 824 821 818 1705 3197 3034 2860 1774 1485 1567 1725 4093 254 254 254 254 128 105 264 3604 2551 1242 1288 867 741 791 4684 5761 6411 6411 6411 6698 11890 14493 14588 14591 1270 193 193 193 193 193
0 0 0 0 0 0 0 0 0 0 0 0 0 0 0 0 0 0 0 0 0 0 0 0 0 45253 32807 13769 13593 15031 19904 18061 17594 16947 11534 15005 12918 7627 1209 591 1865 2052 589 589 589 532 203 131 125 193 263 272 272 513 846 828 702 1864 3184 3474 3270 2341 1497 2011 2149 1704 257 257 270 273 275 533 3535 4545 3456 1325 1325 1250 1235 1131 1508 4021 6405 6405 7037 12658 14473 14521 14737 13829 1251 841 367 388 595 696
0 0 0 0 0 0 0 0 0 0 0 0 0 0 0 0 0 0 0 0 0 0 0 0 0 0 28025 26218 25999 25113 18688 11711 13471 18131 17195 17196 14923 5697 3204 3759 0 3515 589 595 589 589 589 859 872 709 580 492 306 272 363 321 271 309 1814 2148 2241 2607 2069 2148 1787 1041 343 343 391 445 584 3138 4541 4541 3246 1323 1323 1323 1323 1323 1323 1603 3242 8260 12302 10044 10638 13769 17948 17620 17317 17312 5260 5086 2461 2104
0 0 0 0 0 0 0 0 0 0 0 0 0 0 0 0 0 0 0 0 0 0 0 0 0 0 21684 24535 23124 16832 13849 15616 31346 35292 25207 19520 5828 4063 4063 4063 0 3858 2447 3319 2240 2102 2893 609 752 830 1022 1063 1035 818 487 271 271 271 692 1679 1216 406 387 574 366 353 350 504 652 1299 2455 4391 4537 4537 3399 1322 1322 1322 1322 1322 1322 1439 1843 2558 3524 5713 6878 12609 18621 17412 17300 15757 5255 5227 3011 2726
0 0 0 0 0 0 0 0 0 0 0 0 0 0 0 0 0 0 0 0 0 0 0 0 0 0 0 0 124464 5556 9463 14564 22615 28686 23894 23644 10605 4059 4059 4059 4059 4067 4077 4077 4077 4077 2226 418 418 418 597 1049 1062 1062 1025 614 374 362 271 316 347 347 347 347 383 619 672 688 692 3381 4533 4533 4533 4533 4504 2068 1321 1321 1321 1320 1198 1026 1443 1841 1841 1853 9997 17559 19022 16882 7760 4963 5110 4750 3065 2167
0 0 0 0 0 0 0 0 0 0 0 0 0 0 0 0 0 0 0 0 0 0 0 0 0 0 0 0 1153670 200831 8863 13307 20353 23598 36963 45638 51646 34514 4055 4055 4055 4061 4074 4074 4074 4074 1637 418 418 418 418 555 930 1050 1062 1062 1062 1046 701 596 399 346 346 344 411 644 688 688 1627 3698 3655 3517 3350 3150 3046 2677 1318 1320 1316 887 625 625 1048 1840 1840 1840 3279 9278 13057 12882 4238 4238 4238 4238 3336 2410
0 0 0 0 0 0 0 0 0 0 0 0 0 0 0 0 0 0 0 0 0 0 0 0 0 0 0 0 1597315 87213 8855 6516 9300 43040 63110 49324 45291 32915 9557 4059 4052 4065 4070 4070 4070 4070 4453 1788 418 418 418 418 418 556 918 1061 1061 1061 1061 1061 747 346 338 200 174 196 407 641 804 1227 1134 488 488 488 488 430 512 1057 855 624 624 624 848 1674 1573 2403 3799 3802 4984 7392 4235 4235 4235 4222 3710 2726
0 0 0 0 0 0 0 0 0 0 0 0 0 0 0 0 0 0 0 0 0 0 0 0 0 0 0 0 0 124868 12606 3311 3199 26191 65605 37054 26079 25710 15559 13596 0 4066 4066 4066 4066 4170 6678 7340 985 417 417 417 417 417 519 1020 1060 1060 1060 1060 1031 389 224 174 174 174 174 192 899 1225 1090 488 488 488 488 428 414 414 570 617 605 606 693 638 624 748 1678 3798 3539 4736 4166 3956 3331 2845 2724 2724
0 0 0 0 0 0 0 0 0 0 0 0 0 0 0 0 0 0 0 0 0 0 0 0 0 0 0 0 0 0 21278 3196 3196 15581 34855 21760 24041 28135 21158 13226 0 4585 4062 4062 4062 4694 7285 6830 1664 417 417 417 417 417 493 827 1058 1058 1058 1058 1012 244 174 174 174 174 174 379 1204 1224 730 487 461 486 487 455 414 414 405 363 370 367 528 551 623 623 2106 3795 2508 2088 3737 3680 2721 2721 2721 2232
0 0 0 0 0 0 0 0 0 0 0 0 0 0 0 0 0 0 0 0 0 0 0 0 0 0 0 0 0 0 25929 22439 4535 5353 11995 17775 21085 24375 21417 13689 10960 7248 4058 4058 4058 4058 6838 6952 4315 3627 2410 908 416 1039 1459 1057 1057 1057 1057 1057 384 174 174 174 174 174 174 891 1223 1223 578 487 0 0 487 464 413 413 406 350 349 349 349 358 1131 2326 3789 3416 2097 2126 7931 8606 6562 4731 3437 1741
0 0 0 0 0 0 0 0 0 0 0 0 0 0 0 0 0 0 0 0 0 0 0 0 0 0 0 0 0 0 20012 37994 41061 4402 3496 7476 14093 19469 32478 33263 12333 9653 4536 4054 4054 9627 14936 11346 5227 4389 4389 4642 6787 6727 4023 1876 1178 1056 1199 1993 611 173 173 173 173 173 254 1221 1222 1222 500 486 0 429 486 432 413 413 393 349 349 349 349 349 371 826 1789 1676 2084 2085 3125 4993 5294 8606 5937 386
0 0 0 0 0 0 0 0 0 0 0 0 0 0 0 0 0 0 0 0 0 0 0 0 0 0 0 0 0 0 0 39999 40389 13590 3444 3005 7311 23426 38732 37664 20511 19105 11517 9082 10424 17837 22290 35373 20154 4826 5068 6026 8289 7459 3032 2529 2464 2267 2914 3002 767 173 173 173 173 173 555 1221 1221 1219 489 486 486 486 482 413 413 413 378 349 349 349 349 349 349 349 349 499 1701 2080 2061 2129 3256 4658 2502 335
0 0 0 0 0 0 0 0 0 0 0 0 0 0 0 0 0 0 0 0 0 0 0 0 0 0 0 0 0 0 0 21799 22209 19927 3026 2939 5105 11177 13641 12985 15524 23933 24159 23915 22707 22260 19648 85839 144971 44184 8281 6518 7952 4985 2526 2526 2545 2976 2999 2745 331 173 173 173 173 173 814 1219 853 1215 485 485 485 485 466 412 412 412 376 348 348 348 348 348 348 348 348 350 484 580 623 638 2234 1694 335 335
0 0 0 0 0 0 0 0 0 0 0 0 0 0 0 0 0 0 0 0 0 0 0 0 0 0 0 0 0 0 0 21108 21439 20654 9448 3376 2978 1909 2182 5557 10112 21419 19657 14797 22212 10726 13405 13405 16034 16668 14125 14059 7187 2313 2523 2523 2525 2937 2995 2995 456 173 173 173 173 173 883 1218 967 1203 485 485 485 485 490 917 663 412 375 348 348 348 348 348 348 545 873 782 506 506 506 506 506 497 393 451
0 0 0 0 0 0 0 0 0 0 0 0 0 0 0 0 0 0 0 0 0 0 0 0 0 0 0 0 0 0 0 19403 21495 21495 21495 8461 2901 1749 1729 4303 6411 13573 12559 5478 10769 8785 11477 12013 12254 17270 18331 18318 9112 2898 3867 2520 2535 2973 2992 2992 1779 684 564 263 173 173 1062 1217 1217 1200 484 484 484 484 509 888 4265 3515 2575 1627 654 347 380 459 539 1041 1282 865 506 506 506 506 506 506 553 568
0 0 0 0 0 0 0 0 0 0 0 0 0 0 0 0 0 0 0 0 0 0 0 0 0 0 0 0 0 0 0 7414 21287 21472 21445 7830 3123 2813 2364 3014 3500 8522 11108 4798 3108 3903 7329 10006 9767 13063 17979 18151 9231 9338 13062 12034 2563 2939 2989 2755 928 873 873 806 304 183 1115 1215 1215 1194 484 484 484 484 537 564 3795 4321 4321 4321 4294 2219 571 573 573 957 1281 1224 716 505 505 505 505 505 543 567
0 0 0 0 0 0 0 0 0 0 0 0 0 0 0 0 0 0 0 0 0 0 0 0 0 0 0 0 0 0 0 0 0 21447 14911 6336 4550 3120 3120 3120 3061 3173 5086 4443 2886 2992 9543 9100 9247 9111 9348 12517 10210 10208 16687 20873 10183 3756 4215 1128 872 872 872 872 862 542 1146 1214 1214 1181 483 483 484 515 544 648 3992 4316 4316 4316 4316 1756 572 572 572 825 1279 1279 1262 574 505 505 505 505 536 567
0 0 0 0 0 0 0 0 0 0 0 0 0 0 0 0 0 0 0 0 0 0 0 0 0 0 0 0 0 0 0 0 0 0 8669 8065 7853 3572 3116 3116 2920 2809 2889 3129 2779 2790 4370 4995 4471 8240 8240 8285 10179 10169 17653 20918 17527 18003 13735 882 2187 2711 871 871 871 871 1045 1213 1213 1164 482 482 489 543 543 655 4159 3165 2818 2534 2358 847 571 571 571 611 1107 1278 1278 814 504 504 504 504 545 566
0 0 0 0 0 0 0 0 0 0 0 0 0 0 0 0 0 0 0 0 0 0 0 0 0 0 0 0 0 0 0 0 0 0 0 7923 7264 3385 2980 3104 2877 2722 3525 3493 2784 2751 3205 4134 2953 4079 3713 6937 5721 6088 11127 18881 17926 23171 21851 5977 3650 4598 3759 2257 1950 3729 6126 1214 1211 1151 482 491 529 543 543 537 843 522 522 522 522 529 567 571 571 571 813 1276 1276 878 503 503 503 506 552 565
0 0 0 0 0 0 0 0 0 0 0 0 0 0 0 0 0 0 0 0 0 0 0 0 0 0 0 0 0 0 0 0 0 0 0 0 2609 1719 2206 2688 2577 2446 2745 2856 2605 2947 4237 4376 2435 2428 2428 3281 5257 5188 5188 27793 13479 0 24080 20085 8457 6128 7122 7159 8149 9625 7582 2714 1210 1150 486 522 542 542 541 524 522 522 522 522 522 522 550 570 570 570 897 1275 1275 841 503 503 503 503 0 0
0 0 0 0 0 0 0 0 0 0 0 0 0 0 0 0 0 0 0 0 0 0 0 0 0 0 0 0 0 0 0 0 0 0 0 0 0 1156 1693 1835 1812 1717 1717 2399 2458 2836 4437 3507 2221 2425 2425 2463 4733 8150 24459 46491 13003 0 0 17493 10543 7139 7150 7150 133944 23866 13230 4907 1164 846 538 541 541 541 541 528 521 521 521 521 521 521 538 569 569 569 1005 1273 1273 1032 502 502 502 502 0 0
0 0 0 0 0 0 0 0 0 0 0 0 0 0 0 0 0 0 0 0 0 0 0 0 0 0 0 0 0 0 0 0 0 0 0 0 0 0 0 0 1715 1715 1715 3014 2455 2806 4161 2440 2113 4713 10195 4004 20328 51550 39272 30080 15598 0 0 0 14013 19790 9257 46293 202790 46589 12835 6812 2682 651 541 541 541 541 2250 5820 5437 2187 649 559 562 566 569 569 569 572 1177 1272 1272 1092 502 502 502 502 502 564
0 0 0 0 0 0 0 0 0 0 0 0 0 0 0 0 0 0 0 0 0 0 0 0 0 0 0 0 0 0 0 0 0 0 0 0 0 0 0 0 790 1569 1713 6224 5399 3763 3763 5417 28420 48593 51334 49951 33711 13466 22659 31283 23646 0 0 0 19881 23915 30332 186025 88359 7050 7059 6695 5476 4301 1040 540 540 557 6221 7726 6708 3556 6014 8182 5362 568 568 568 568 708 1270 1270 1270 954 501 501 501 501 501 546
0 0 0 0 0 0 0 0 0 0 0 0 0 0 0 0 0 0 0 0 0 0 0 0 0 0 0 0 0 0 0 0 0 0 0 0 0 0 0 0 0 0 0 5527 7574 5729 4623 31163 51268 51268 51268 50696 16155 2605 12447 22210 8388 11824 17228 42132 0 0 35969 194578 48470 7041 7029 6398 5825 5347 6580 4826 3646 5368 7717 7656 5674 3424 3022 7899 11702 6544 963 936 953 1043 1269 1269 1269 711 500 500 500 500 500 504
0 0 0 0 0 0 0 0 0 0 0 0 0 0 0 0 0 0 0 0 0 0 0 0 0 0 0 0 0 0 0 0 0 0 0 0 0 0 0 0 0 0 0 0 0 0 12021 49571 51202 49520 48578 5862 3329 3686 5431 7402 7903 8179 17749 16753 11993 17959 23745 173984 187633 27766 6790 6172 6098 5356 5464 7336 7707 7707 7707 7134 5453 3025 3018 3927 6490 11128 8392 2225 1267 1267 1267 1267 1267 521 500 500 500 500 500 500
0 0 0 0 0 0 0 0 0 0 0 0 0 0 0 0 0 0 0 0 0 0 0 0 0 0 0 0 0 0 0 0 0 0 0 0 0 0 0 0 0 0 0 0 0 0 0 12417 17236 15593 7172 4235 5311 5693 4145 6551 7893 9382 16071 11200 11674 8360 9274 16444 47575 19019 6397 6164 5637 5334 5875 7685 7696 7696 8709 6574 5507 3437 3014 3392 4510 5713 11450 8043 1265 1265 1265 1265 1265 517 499 499 499 499 499 499
0 0 0 0 0 0 0 0 0 0 0 0 0 0 0 0 0 0 0 0 0 0 0 0 0 0 0 0 0 0 0 0 0 0 0 0 0 0 0 0 0 0 0 0 0 0 0 0 0 0 8244 5686 5686 5443 3431 3337 6651 8287 4545 939 1565 3210 3345 11141 10325 7143 6802 6155 5671 5327 17994 10675 7686 8891 13291 6812 5558 5403 3587 3010 3504 4542 8324 11847 8319 1796 1264 1264 981 546 498 498 498 500 524 623
0 0 0 0 0 0 0 0 0 0 0 0 0 0 0 0 0 0 0 0 0 0 0 0 0 0 0 0 0 0 0 0 0 0 0 0 0 0 0 0 0 0 0 0 0 0 0 0 0 0 13003 9446 5580 3483 3667 2328 3432 8297 1803 2028 3013 3205 3205 8479 12226 11347 10090 12619 6423 11644 100075 513207 33487 18045 9578 5625 5550 5550 5295 3178 3006 3465 31631 12388 12407 2596 1262 1262 1262 1224 803 815 910 918 967 967
0 0 0 0 0 0 0 0 0 0 0 0 0 0 0 0 0 0 0 0 0 0 0 0 0 0 0 0 0 0 0 0 0 0 0 0 0 0 0 0 0 0 0 0 0 0 0 0 0 0 9707 23560 6021 7696 14921 4639 14069 9135 2316 3201 3201 2997 2383 4169 6199 17600 18771 27342 20016 14321 58272 38100 68314 17930 5600 5546 5543 5486 4635 3323 3015 11519 120442 83467 96072 1149 1059 1035 1003 974 966 966 966 966 966 966
0 0 0 0 0 0 0 0 0 0 0 0 0 0 0 0 0 0 0 0 0 0 0 0 0 0 0 0 0 0 0 0 0 0 0 0 0 0 0 0 0 0 0 0 0 0 0 0 0 0 0 0 0 17862 18601 18501 16525 537 945 3148 2688 1143 1039 2183 4002 20988 21280 0 31223 17419 14916 13385 14393 5751 5751 5259 4537 4638 4337 3353 3227 70065 132861 132055 106198 963 964 964 964 964 964 964 964 964 964 964
0 0 0 0 0 0 0 0 0 0 0 0 0 0 0 0 0 0 0 0 0 0 0 0 0 0 0 0 0 0 0 0 0 0 0 0 0 0 0 0 0 0 0 0 0 0 0 0 0 0 0 0 0 13590 18575 18575 22796 3651 329 637 797 797 797 1069 2188 2137 5596 0 0 11658 9781 8660 8252 6680 5458 3803 3733 3932 4197 3344 3348 44975 87580 31605 826 832 854 878 901 925 947 963 963 963 963 963
0 0 0 0 0 0 0 0 0 0 0 0 0 0 0 0 0 0 0 0 0 0 0 0 0 0 0 0 0 0 0 0 0 0 0 0 0 0 0 0 0 0 0 0 0 0 0 0 0 0 0 0 0 0 0 28661 30839 8295 329 411 796 796 712 987 1712 1659 1371 0 0 25319 26378 10040 8258 17406 13917 3728 3743 3728 3408 3301 3328 2296 825 825 825 825 825 825 825 825 825 834 856 876 897 918
0 0 0 0 0 0 0 0 0 0 0 0 0 0 0 0 0 0 0 0 0 0 0 0 0 0 0 0 0 0 0 0 0 0 0 0 0 0 0 0 0 0 0 0 0 0 0 0 0 0 0 0 0 0 0 30907 26523 6591 296 333 646 662 544 523 1584 1401 1248 0 0 15206 28252 12012 11167 23530 38451 13185 5464 4858 4212 3290 3290 1656 824 824 824 824 824 824 824 824 824 824 824 824 824 824
0 0 0 0 0 0 0 0 0 0 0 0 0 0 0 0 0 0 0 0 0 0 0 0 0 0 0 0 0 0 0 0 0 0 0 0 0 0 0 0 0 0 0 0 0 0 0 0 0 0 0 0 0 0 0 10961 308 164 242 261 509 602 558 535 801 889 889 0 0 4431 6102 11422 11422 12028 39038 31355 6609 5581 5287 3649 3285 2701 823 823 823 823 823 823 823 823 823 823 823 823 823 823
0 0 0 0 0 0 0 0 0 0 0 0 0 0 0 0 0 0 0 0 0 0 0 0 0 0 0 0 0 0 0 0 0 0 0 0 0 0 0 0 0 0 0 0 0 0 0 0 0 0 0 0 0 0 0 133 147 246 285 340 413 569 482 266 646 788 778 645 3116 3918 6223 16594 23160 20262 35583 29220 12738 5915 6628 5330 1849 1424 822 822 822 822 822 822 822 822 822 822 822 822 822 822
0 0 0 0 0 0 0 0 0 0 0 0 0 0 0 0 0 0 0 0 0 0 0 0 0 0 0 0 0 0 0 0 0 0 0 0 0 0 0 0 0 0 0 0 0 0 0 0 0 0 0 0 0 0 0 114 135 275 263 187 277 343 265 5 0 742 747 789 4251 3300 10451 32646 32730 25375 17798 15630 11095 7010 7979 7896 1303 821 820 820 820 820 820 820 820 820 820 820 803 679 482 269
0 0 0 0 0 0 0 0 0 0 0 0 0 0 0 0 0 0 0 0 0 0 0 0 0 0 0 0 0 0 0 0 0 0 0 0 0 0 0 0 0 0 0 0 0 0 0 0 0 0 0 0 0 0 0 91 121 155 122 121 175 382 449 428 656 728 624 559 1462 2271 2271 12922 25165 13986 15218 9804 7912 6136 7229 6847 1454 835 819 819 819 819 819 819 789 396 267 134 19 3 3 3
0 0 0 0 0 0 0 0 0 0 0 0 0 0 0 0 0 0 0 0 0 0 0 0 0 0 0 0 0 0 0 0 0 0 0 0 0 0 0 0 0 0 0 0 0 0 0 0 0 0 0 0 0 0 0 819 120 120 129 191 198 260 421 187 160 286 5 342 1678 2267 2267 2267 3146 8333 8477 8236 7541 6237 5900 5112 2777 849 818 818 818 818 818 818 540 3 3 3 3 3 3 3
0 0 0 0 0 0 0 0 0 0 0 0 0 0 0 0 0 0 0 0 0 0 0 0 0 0 0 0 0 0 0 0 0 0 0 0 0 0 0 0 0 0 0 0 0 0 0 0 0 0 0 0 0 0 0 21613 17626 367 415 317 212 367 409 80 6 0 0 227 1930 2264 2264 2344 2539 4422 5512 6768 6768 6478 5855 4738 3138 872 817 817 817 817 817 803 184 7 3 3 3 3 3 3
0 0 0 0 0 0 0 0 0 0 0 0 0 0 0 0 0 0 0 0 0 0 0 0 0 0 0 0 0 0 0 0 0 0 0 0 0 0 0 0 0 0 0 0 0 0 0 0 0 0 0 0 0 0 0 18961 3462 405 289 265 206 368 366 36 180 42 0 27 1663 2260 2260 2663 3012 3012 4553 6757 6757 6565 5285 4700 3456 926 880 834 837 833 835 407 31 31 28 21 13 6 3 3
0 0 0 0 0 0 0 0 0 0 0 0 0 0 0 0 0 0 0 0 0 0 0 0 0 0 0 0 0 0 0 0 0 0 0 0 0 0 0 0 0 0 0 0 0 0 0 0 0 0 0 0 0 0 0 28518 415 398 211 220 206 240 391 283 251 321 98 286 877 2475 2645 2915 3007 3007 4305 6746 6553 5331 3976 4604 3403 1060 1060 1060 1060 1060 1005 40 31 31 31 31 31 31 27 19
0 0 0 0 0 0 0 0 0 0 0 0 0 0 0 0 0 0 0 0 0 0 0 0 0 0 0 0 0 0 0 0 0 0 0 0 0 0 0 0 0 0 0 0 0 0 0 0 0 0 0 0 0 0 0 23384 3947 414 414 361 205 220 349 375 350 382 380 383 383 2136 3671 3717 3020 3002 3672 5306 3739 3668 3458 4023 2476 1058 1059 1067 1066 1089 1020 31 31 31 31 31 31 31 31 31
0 0 0 0 0 0 0 0 0 0 0 0 0 0 0 0 0 0 0 0 0 0 0 0 0 0 0 0 0 0 0 0 0 0 0 0 0 0 0 0 0 0 0 0 0 0 0 0 0 0 0 0 0 0 0 18696 11458 300 413 372 455 4080 647 373 383 375 368 382 383 780 4406 4690 4469 3773 3407 5450 5247 5640 4435 2749 3094 3354 3491 3499 3494 3500 3028 31 31 31 31 31 31 31 31 31
0 0 0 0 0 0 0 0 0 0 0 0 0 0 0 0 0 0 0 0 0 0 0 0 0 0 0 0 0 0 0 0 0 0 0 0 0 0 0 0 0 0 0 0 0 0 0 0 0 0 0 0 0 0 0 9134 12136 306 412 606 3220 6505 268 219 369 382 371 371 381 377 2071 4682 4682 4682 3809 5796 7550 47188 20094 2670 2791 3268 3494 3494 3494 3494 1898 31 31 31 31 31 31 31 31 31
0 0 0 0 0 0 0 0 0 0 0 0 0 0 0 0 0 0 0 0 0 0 0 0 0 0 0 0 0 0 0 0 0 0 0 0 0 0 0 0 0 0 0 0 0 0 0 0 0 0 0 0 0 0 0 2088 3080 619 621 673 2779 5818 1722 136 203 329 381 372 350 208 1048 4674 4674 5277 5377 5029 12811 52741 11647 2666 3306 3488 3488 3488 3488 3488 711 56 49 31 31 31 31 31 31 31
0 0 0 0 0 0 0 0 0 0 0 0 0 0 0 0 0 0 0 0 0 0 0 0 0 0 0 0 0 0 0 0 0 0 0 0 0 0 0 0 0 0 0 0 0 0 0 0 0 0 0 0 0 0 0 2821 2730 697 672 672 2149 6645 4627 591 181 182 253 212 181 181 206 2261 7748 10382 9739 5196 6814 7049 4969 3090 3480 3482 3482 3482 3482 3013 68 66 66 54 35 47 69 302 31 31
