0.000000000000000000e+00,4.006754490552743420e+01,3.469002470999861032e+01,4.003015474250570804e+01,3.447458083023930442e+01,4.701797301323084355e+01,1.935225052987066263e+01,5.433911060882998356e+01,1.637512904114075241e+01,2.339079175484672390e+01,1.051427080765236788e+01,9.293129862142732733e+00,1.337607382809249401e+01,2.185827048574373421e+01,8.241005938618055637e+00,3.110236055182467041e+01,3.326432600437034637e+01,4.875372901567810402e+01,3.397371128884630309e+01,2.317838861665854822e+01,3.679507123501041832e+01,3.813566801388793692e+01,4.295317244485751473e+01,5.009792892919539753e+01,8.241005938618055637e+00,4.691552903903982497e+01,3.270677924932854097e+01,3.529364996446972924e+01,3.449037658740342494e+01,1.920436304188195109e+01,4.993342941253256839e+01,2.591381059127543551e+01,2.940329251981595604e+01,7.820643385857013463e+00,1.991308695901462045e+01,2.148744746452164023e+01,3.044000156129702361e+01,3.326284741537534018e+01,1.393771580035303082e+01,1.624756763025086670e+01,4.842878547313976867e+01,2.448611267241250999e+01,1.345329619575404578e+01,2.614707598198023675e+01,3.974158421767889138e+01,2.726503110215629277e+01,3.558235977111618809e+01,1.609320552419337602e+01,4.915904096988720795e+01,2.480187068122480198e+01,2.539154211129342542e+01,2.919743076115914349e+01,2.059045411931641212e+01,4.229351337209238615e+00,1.659927870911230485e+01,6.800100189496297354e+00,3.457765501489868143e+01,1.110315273929827740e+01,2.684494097743451491e+01,1.562660697504817620e+01
4.006754490552743420e+01,0.000000000000000000e+00,2.996505708623005759e+01,2.116860100400257494e+01,1.498385934099882455e+01,1.934112214281383046e+01,3.116437950737194740e+01,4.813025675004236348e+01,3.581643500839813754e+01,3.125369710697415826e+01,3.193947222116634066e+01,4.145435466356061482e+01,4.113513465897634092e+01,4.225405222820046447e+01,3.553997446714624431e+01,9.303778853027786511e+00,1.245987556536592678e+01,1.722841640533256324e+01,3.418462485651388505e+01,3.568664714521740677e+01,1.784336620223389502e+01,1.034674780365550184e+01,4.094933649134600273e+01,3.781271749780543701e+01,3.553997446714624431e+01,4.154883102266868633e+01,4.177142335917073268e+01,4.269557763628447589e+01,3.273824401137550666e+01,3.483093880294634204e+01,4.001239529653078364e+01,5.903344790180627655e+01,3.807730703490438628e+01,3.705824132370215551e+01,3.600613421712692030e+01,4.114210348535308981e+01,1.223450697968118206e+01,2.867144512751954011e+01,4.289074090198727163e+01,5.511869688899612640e+01,1.184718069844667099e+01,5.727900351419242497e+01,3.004417859186686357e+01,2.735277588133687132e+01,8.829147907801623063e+00,3.404786521694216361e+01,2.045569232036358898e+01,3.094951966909777141e+01,9.303976462576532214e+00,2.571971872204122178e+01,1.690227560245488192e+01,1.726316356923938855e+01,4.227602576537462653e+01,4.139240874669787473e+01,3.489569268334879837e+01,4.392538788001937178e+01,1.770423670763987900e+01,4.494166502470599767e+01,2.993722709443137830e+01,2.884353397577817901e+01
3.469002470999861032e+01,2.996505708623005759e+01,0.000000000000000000e+00,1.162421130977693018e+01,3.874277426774314392e+01,2.004767467837212891e+01,4.145192627961406373e+01,2.178581638894062422e+01,4.309011077312528926e+01,4.437037632841078505e+01,3.462054671672967032e+01,2.894260738550249457e+01,2.561091286630340491e+01,5.088556667045980220e+01,3.677748302052653173e+01,2.830989779351408231e+01,1.771953869829647488e+01,2.391050483696000839e+01,4.644146949031727090e+00,4.749296850149300298e+01,1.268660424490404104e+01,3.736182553610183987e+01,1.174368267650191378e+01,1.544357302847682156e+01,3.677748302052653173e+01,1.404502485326832328e+01,1.336848058038485298e+01,1.343139047785860818e+01,2.936845386416779835e+00,1.667923114271070872e+01,1.563684756319785940e+01,3.913782635096286810e+01,1.119345712120970227e+01,2.723527089409964219e+01,1.673451928806276356e+01,4.999081420504430184e+01,1.955859019791936859e+01,1.756208340553932823e+00,2.682484510090678498e+01,4.245029223174811506e+01,2.860343407347301792e+01,3.756952284951461962e+01,3.530847930232946652e+01,8.787473699494684709e+00,2.221942475741952450e+01,4.890022661296783468e+01,9.775301957449196166e+00,1.860382698598954221e+01,3.416904521888663737e+01,4.081427377619780117e+01,1.858978723734177763e+01,1.430982665944669918e+01,5.009568241466799066e+01,3.270189493677326453e+01,1.895194210815223812e+01,3.346907922800253488e+01,1.229058530799319904e+01,3.116421841726425157e+01,7.901449744065005554e+00,1.957266219014167064e+01
4.003015474250570804e+01,2.116860100400257494e+01,1.162421130977693018e+01,0.000000000000000000e+00,3.315831363228342354e+01,8.610385279473138809e+00,4.135038098770480985e+01,2.696599580328702217e+01,4.426715599975668880e+01,4.338748144541309415e+01,3.683573451677433042e+01,3.650594074131329592e+01,3.403192495843745746e+01,5.199382656358062604e+01,3.976561966203291831e+01,2.285261537497504136e+01,1.128108235954741190e+01,1.230252335248369100e+01,1.624756763025086670e+01,4.720883336895362703e+01,4.304980828300037032e+00,3.033465694486244857e+01,2.050872144567710009e+01,1.685907681039937955e+01,3.976561966203291831e+01,2.050872144567710009e+01,2.499237096485954268e+01,2.494956922328919191e+01,1.450287943198759422e+01,2.521659059619070220e+01,1.888905294831999981e+01,4.951752002107043893e+01,2.254909685709256806e+01,3.360711217547138574e+01,2.576043310367219163e+01,5.097314440126794466e+01,1.464274602597203412e+01,1.127672172470371237e+01,3.553217482138376226e+01,5.077972456088328101e+01,1.725743814345826266e+01,4.786445406560972060e+01,3.658264157794634031e+01,1.544521867725718245e+01,1.245094969829904485e+01,4.750549704220208724e+01,4.447794971389521734e+00,2.480086905693530142e+01,2.339079175484672390e+01,3.879899991142175253e+01,1.698936634646107535e+01,1.184509515293299131e+01,5.147369049267247476e+01,3.913154406560869347e+01,2.684494097743450780e+01,4.060362854839625868e+01,6.189970923966345850e+00,3.934014957385746669e+01,1.659927870911230130e+01,2.450066708250914260e+01
3.447458083023930442e+01,1.498385934099882455e+01,3.874277426774314392e+01,3.315831363228342354e+01,0.000000000000000000e+00,3.360474658796719183e+01,1.958149057262381731e+01,5.939365463807214240e+01,2.476875774826187637e+01,1.825539558191538703e+01,2.433154706562500635e+01,3.913433245478417888e+01,4.038834867771355874e+01,2.970348135026950942e+01,2.765002564141020969e+01,1.052814210217479918e+01,2.208084229519769437e+01,3.203140825760553412e+01,4.204668361085084882e+01,2.261206290500442151e+01,2.904524755949128689e+01,5.559743714236908829e+00,5.046609388291469855e+01,4.992770248163856905e+01,2.765002564141020969e+01,5.210548063988147049e+01,4.783735737260899157e+01,4.944021284707015695e+01,4.101555381194473426e+01,3.702941273171523306e+01,5.168493595040524724e+01,5.797144262789572622e+01,4.368313439560114375e+01,3.449755493485398006e+01,3.837910457595934588e+01,2.862234920447822262e+01,1.934974163713892992e+01,3.710717216174779054e+01,4.204270834477966190e+01,5.068658843348474363e+01,2.678341802228669977e+01,5.628314877538712580e+01,2.161223775307647443e+01,3.298402337489901726e+01,2.242644177952402273e+01,2.001507737125285047e+01,3.083994426276559153e+01,3.181250344621760462e+01,2.261206290500442506e+01,1.289734146811012927e+01,2.070850754094622914e+01,2.443324814973049541e+01,3.004555501015251551e+01,3.717160135809120192e+01,3.602513990828513357e+01,4.006543983566744771e+01,2.791651922146995446e+01,4.254998307739908370e+01,3.568027613790455632e+01,2.913803875522792097e+01
4.701797301323084355e+01,1.934112214281383046e+01,2.004767467837212891e+01,8.610385279473138809e+00,3.360474658796719183e+01,0.000000000000000000e+00,4.545437627513177858e+01,3.128106973932010604e+01,4.903920413933904143e+01,4.684234054404833358e+01,4.245096745683790829e+01,4.438962363547697976e+01,4.220201310776344172e+01,5.650787043469738791e+01,4.567111922268078672e+01,2.442498317529651786e+01,1.470948540540687510e+01,4.232745955610630162e+00,2.459325769073429768e+01,5.098778196635652193e+01,1.037108808692870099e+01,2.959410147079852393e+01,2.731969886059913577e+01,2.042808944586538900e+01,4.567111922268078672e+01,2.621101496530166841e+01,3.337043089067959301e+01,3.311428064257358983e+01,2.283743658628899453e+01,3.354431120087229345e+01,2.311467522561131105e+01,5.806029096584995131e+01,3.111124531211689970e+01,4.114745767179586977e+01,3.417222010661264164e+01,5.543650160690805961e+01,1.825392533233071291e+01,1.984919212289160839e+01,4.376077155862387968e+01,5.876702357041270375e+01,1.095083970302947307e+01,5.639507934697587643e+01,4.170151835680327679e+01,2.376556230762896504e+01,1.120158357078901901e+01,5.053361614789488954e+01,1.238023647153152673e+01,3.255857965900324302e+01,1.802006374806010314e+01,4.174814864388409319e+01,2.228059350042322251e+01,1.784316309512602672e+01,5.616189747929416853e+01,4.657401448704398916e+01,3.499816270102210325e+01,4.827999891893040996e+01,1.253062920908719491e+01,4.737796072930734681e+01,2.512737529511741741e+01,3.186923302762107113e+01
1.935225052987066263e+01,3.116437950737194740e+01,4.145192627961406373e+01,4.135038098770480985e+01,1.958149057262381731e+01,4.545437627513177858e+01,0.000000000000000000e+00,6.318680718370323746e+01,5.216303652033792204e+00,4.089127129908651348e+00,9.600016594582800877e+00,2.724489359558168999e+01,3.026929476169452116e+01,1.120269724142865897e+01,1.112154647113791484e+01,2.228068598919277932e+01,3.089611238368725665e+01,4.548859087025380887e+01,4.288767816604344318e+01,6.041840844649326137e+00,3.714602468540215341e+01,2.474215682370742186e+01,5.238836105314999259e+01,5.599521175232280967e+01,1.112154647113791484e+01,5.541622411901814615e+01,4.528689810602350718e+01,4.757880488856942947e+01,4.260869570998126932e+01,3.154283814686678866e+01,5.683316220989971868e+01,4.522383598818984751e+01,4.120435387881678224e+01,2.338231378032525853e+01,3.277946378802574401e+01,1.009991363108792761e+01,2.729460316920465601e+01,3.970987889141039062e+01,3.147700963598071411e+01,3.487394751225196643e+01,4.234184541781564803e+01,4.375010289701179289e+01,7.165676239274737291e+00,3.309030744978247895e+01,3.513702367015485351e+01,8.476698139744524241e+00,3.745956975409370671e+01,2.617656888276639293e+01,4.023846728434754283e+01,6.901573070869549298e+00,2.442574248328254782e+01,2.963928201399480145e+01,1.111948742847380522e+01,2.324974080904965845e+01,2.940562527306357765e+01,2.607692064583879343e+01,3.516249805046565768e+01,2.996137105123110445e+01,3.515138403698774283e+01,2.380554642504112550e+01
5.433911060882998356e+01,4.813025675004236348e+01,2.178581638894062422e+01,2.696599580328702217e+01,5.939365463807214240e+01,3.128106973932010604e+01,6.318680718370323746e+01,0.000000000000000000e+00,6.458187089620076904e+01,6.615391151839422434e+01,5.594556225719745157e+01,4.682345354221701683e+01,4.272725635683027434e+01,7.231563254689135078e+01,5.775781116794320980e+01,4.887120839030000496e+01,3.737970706646895280e+01,3.534538012319337241e+01,2.067797070723019104e+01,6.922268769299130042e+01,3.062909463126635856e+01,5.711194060633744840e+01,1.138596861668887072e+01,1.086349625204363889e+01,5.775781116794320980e+01,7.771756620218567058e+00,2.289238854911960530e+01,2.042520771106338984e+01,2.065876926824386928e+01,3.514294025640646879e+01,8.222160876523734174e+00,5.003769342813212972e+01,2.521131153524284940e+01,4.653168756133795370e+01,3.453355284852282381e+01,7.146428576563084789e+01,4.008271657454215386e+01,2.354073156714392567e+01,4.332570998334528412e+01,5.801151755070264926e+01,4.221415965610063381e+01,4.894456974862720244e+01,5.687397555890716916e+01,3.016332990096152500e+01,3.936235507075240037e+01,7.068581936463489512e+01,2.856900226025970113e+01,3.888911034927235022e+01,4.917148440447224544e+01,6.255140891030018224e+01,4.011848256684788794e+01,3.537449315954064133e+01,7.145179919441059724e+01,5.151298671170524557e+01,3.774404280740360207e+01,5.145723956291900691e+01,3.150467200633493192e+01,4.797545193502029548e+01,2.839714359028351254e+01,4.047251204316768280e+01
1.637512904114075241e+01,3.581643500839813754e+01,4.309011077312528926e+01,4.426715599975668880e+01,2.476875774826187637e+01,4.903920413933904143e+01,5.216303652033792204e+00,6.458187089620076904e+01,0.000000000000000000e+00,8.137475410493713923e+00,8.791417869734623025e+00,2.511993960407223625e+01,2.863239985524667475e+01,7.824587533638800885e+00,8.468896030033755906e+00,2.672153046262735288e+01,3.434477377984204338e+01,4.939743688696773916e+01,4.399822255071390487e+01,6.814369079296477061e+00,4.018347719588516043e+01,2.986114719671790851e+01,5.351038470426301785e+01,5.807684992298305815e+01,8.468896030033755906e+00,5.682732224192256609e+01,4.539733689146346052e+01,4.781359274788272273e+01,4.392367743302366989e+01,3.138589638201687038e+01,5.867508314176175332e+01,4.217020257777516434e+01,4.147445853034606245e+01,2.185121171587159594e+01,3.251474869595249828e+01,6.900973844151067738e+00,3.078531716404880569e+01,4.138704654347932177e+01,2.961566314506064046e+01,3.092880570439169929e+01,4.670184719958999153e+01,4.079818419552407960e+01,7.823795940526725445e+00,3.444494052551677754e+01,3.913217424203423889e+01,1.112946888809228518e+01,4.016691049141358150e+01,2.636450520367376882e+01,4.499692919189779872e+01,1.210728939495465362e+01,2.729378080602764811e+01,3.242759589796978048e+01,7.206831753594535428e+00,2.053864900984117625e+01,2.902483241745479248e+01,2.316413616605623815e+01,3.809859680703740281e+01,2.741916612702029354e+01,3.622546479225470506e+01,2.431881703233904091e+01
2.339079175484672390e+01,3.125369710697415826e+01,4.437037632841078505e+01,4.338748144541309415e+01,1.825539558191538703e+01,4.684234054404833358e+01,4.089127129908651348e+00,6.615391151839422434e+01,8.137475410493713923e+00,0.000000000000000000e+00,1.366982882745566563e+01,3.133105814330023975e+01,3.431929589026253069e+01,1.144881907700936097e+01,1.515016890847939912e+01,2.289747755621149139e+01,3.256391534307888946e+01,4.651790838931831473e+01,4.607780634452917212e+01,4.447794971389521734e+00,3.911766777269008344e+01,2.370651849376858422e+01,5.553284103499292712e+01,5.856950325724750428e+01,1.515016890847939912e+01,5.839789341399087874e+01,4.889027714840596417e+01,5.112928326786389022e+01,4.569681841791292953e+01,3.529049080975882191e+01,5.955795969463908079e+01,4.928450820085086548e+01,4.476418281782063957e+01,2.743581611893269567e+01,3.655238858492744214e+01,1.037223640930035629e+01,2.897756483419594531e+01,4.261719675101558380e+01,3.554575078736632321e+01,3.872987882936270410e+01,4.280000649126544943e+01,4.781985057959867191e+01,1.112550471706606281e+01,3.622265972726911087e+01,3.615301331342071478e+01,4.656082705323052018e+00,3.969683746231603294e+01,2.985304284096535454e+01,4.003015474250570804e+01,5.559743714236905276e+00,2.671309165038946887e+01,3.190176150764515839e+01,1.184752975757148974e+01,2.732291814719445000e+01,3.322712408626614433e+01,3.013699183825472971e+01,3.723930787749755211e+01,3.404801933009602521e+01,3.840534828718636362e+01,2.739432246900456391e+01
1.051427080765236788e+01,3.193947222116634066e+01,3.462054671672967032e+01,3.683573451677433042e+01,2.433154706562500635e+01,4.245096745683790829e+01,9.600016594582800877e+00,5.594556225719745157e+01,8.791417869734623025e+00,1.366982882745566563e+01,0.000000000000000000e+00,1.768679123848257717e+01,2.067620117458935169e+01,1.638232101019190523e+01,3.603002636315664642e+00,2.265268644354413041e+01,2.783204110619157490e+01,4.336600097104784624e+01,3.531098975686388997e+01,1.471524856511825341e+01,3.295692252571646463e+01,2.843236595471264039e+01,4.480727511806146879e+01,4.979932407273602024e+01,3.603002636315664642e+00,4.821014400752125084e+01,3.662316384316953588e+01,3.902889419295780726e+01,3.530517731796260250e+01,2.263545010013571712e+01,5.025114136028678047e+01,3.596953400163739900e+01,3.268531371097858340e+01,1.378826091016252597e+01,2.379044883487311424e+01,1.556969529373834149e+01,2.446287234264237398e+01,3.294831313608608525e+01,2.187767152326183151e+01,2.669697051551660394e+01,4.170192989768931824e+01,3.443975239514210074e+01,2.941803275147931274e+00,2.589169522601690687e+01,3.346946044606686144e+01,1.802651661179256237e+01,3.255960896229423440e+01,1.757308793501652744e+01,4.123414299336241839e+01,1.433215511612737103e+01,2.019944156952761460e+01,2.506154991378859975e+01,1.550909150861679819e+01,1.401064912701461118e+01,2.032174733771615038e+01,1.692225470913139418e+01,3.078438860223558038e+01,2.052615757950061948e+01,2.755310902129807360e+01,1.556217329644749192e+01
9.293129862142732733e+00,4.145435466356061482e+01,2.894260738550249457e+01,3.650594074131329592e+01,3.913433245478417888e+01,4.438962363547697976e+01,2.724489359558168999e+01,4.682345354221701683e+01,2.511993960407223625e+01,3.133105814330023975e+01,1.768679123848257717e+01,0.000000000000000000e+00,4.303291074425334983e+00,3.109202593088119926e+01,1.666259573285192985e+01,3.339257921690672504e+01,3.223791216403282078e+01,4.683409681561700211e+01,2.723487119353223562e+01,3.180109313435840690e+01,3.403277978364796752e+01,4.180754989063041194e+01,3.552907463115151643e+01,4.389514009668325656e+01,1.666259573285192985e+01,3.973463509164543694e+01,2.441064051851004280e+01,2.701565602895599483e+01,2.809617791597992564e+01,1.230674077657507404e+01,4.331145790628487191e+01,1.887689703423597720e+01,2.161214245678513279e+01,4.645904615336193366e+00,1.252990322483993602e+01,3.067163259993624180e+01,3.018699566975953985e+01,2.779871857118451572e+01,4.644586021741734072e+00,1.440834640148924528e+01,4.788291234609421565e+01,1.722326766440841439e+01,2.044061761348004680e+01,2.130129822754269497e+01,3.910715311118509163e+01,3.555878365791048878e+01,3.218602969916465639e+01,1.184405801826002680e+01,4.995023055606431939e+01,3.162564868077267732e+01,2.499043278226396581e+01,2.735490856084913602e+01,2.984385745578062554e+01,5.269400319619066408e+00,1.000753868562642346e+01,4.650932331688371946e+00,3.193352374933985161e+01,3.512287579004518268e+00,2.112702611410023223e+01,1.303353364652256907e+01
1.337607382809249401e+01,4.113513465897634092e+01,2.561091286630340491e+01,3.403192495843745746e+01,4.038834867771355874e+01,4.220201310776344172e+01,3.026929476169452116e+01,4.272725635683027434e+01,2.863239985524667475e+01,3.431929589026253069e+01,2.067620117458935169e+01,4.303291074425334983e+00,0.000000000000000000e+00,3.496077660548412069e+01,2.017864761834064424e+01,3.366347568181792127e+01,3.100158806764044783e+01,4.493095496047867954e+01,2.350856124274475789e+01,3.517332385098036696e+01,3.194948315112041115e+01,4.254998307739908370e+01,3.149270693263149568e+01,4.023719167200766123e+01,2.017864761834064424e+01,3.575810889160143802e+01,2.017322970587797215e+01,2.277510889501109759e+01,2.450059293944207184e+01,8.998827963720922085e+00,3.950667544996704805e+01,1.798210159068316116e+01,1.754242812213917446e+01,6.887940313970569939e+00,8.895589942779047021e+00,3.448002741700083362e+01,2.937224297491569658e+01,2.461346313022950127e+01,1.755950209584923760e+00,1.689921803671368394e+01,4.658321466804140698e+01,1.623641430247360873e+01,2.323555840447182419e+01,1.860363181752152073e+01,3.789858743066193369e+01,3.869992594549530907e+01,2.985134896324161247e+01,1.033403900183150803e+01,4.923551073338246198e+01,3.404801933009602521e+01,2.430772424541412491e+01,2.588743973414480593e+01,3.374592725915119473e+01,9.524640255884548878e+00,7.204299011886252657e+00,8.787241350924791305e+00,2.995206959379835610e+01,5.559743714236905276e+00,1.799768112093990879e+01,1.229526815699489894e+01
2.185827048574373421e+01,4.225405222820046447e+01,5.088556667045980220e+01,5.199382656358062604e+01,2.970348135026950942e+01,5.650787043469738791e+01,1.120269724142865897e+01,7.231563254689135078e+01,7.824587533638800885e+00,1.144881907700936097e+01,1.638232101019190523e+01,3.109202593088119926e+01,3.496077660548412069e+01,0.000000000000000000e+00,1.514708881295660348e+01,3.346962483452509218e+01,4.186545195965852173e+01,5.665551542142694785e+01,5.169223795457060078e+01,7.207214290419136304e+00,4.787199607444770066e+01,3.513800444306665582e+01,6.118953448357900982e+01,6.590015705899992327e+01,1.514708881295660348e+01,6.457159633018794409e+01,5.271154802383330917e+01,5.517703504480127208e+01,5.166488352479309043e+01,3.866652737739353540e+01,6.648347307930853844e+01,4.657667274532749957e+01,4.888320893862718464e+01,2.845173398830878853e+01,3.972842487179536874e+01,1.111948742847380434e+00,3.827851470715406634e+01,4.918860980331155019e+01,3.571839262980828522e+01,3.403964066389109178e+01,5.352987413876705602e+01,4.537941600483235760e+01,1.564838342082083322e+01,4.221172626217099122e+01,4.631700361652793418e+01,1.120721375781010032e+01,4.793546660375368873e+01,3.384981726345490927e+01,5.122224469705864180e+01,1.690056830695575485e+01,3.500533853069333645e+01,4.016937071411819460e+01,1.362873732642270630e+00,2.607059677559949762e+01,3.621709607852944401e+01,2.831634747423527543e+01,4.581315233755079674e+01,3.286436444061835971e+01,4.393054804713193562e+01,3.193566678861254715e+01
8.241005938618055637e+00,3.553997446714624431e+01,3.677748302052653173e+01,3.976561966203291831e+01,2.765002564141020969e+01,4.567111922268078672e+01,1.112154647113791484e+01,5.775781116794320980e+01,8.468896030033755906e+00,1.515016890847939912e+01,3.603002636315664642e+00,1.666259573285192985e+01,2.017864761834064424e+01,1.514708881295660348e+01,0.000000000000000000e+00,2.625516252468697331e+01,3.113456479972666102e+01,4.672168971463543130e+01,3.708001876144498965e+01,1.515016890847939912e+01,3.599647456444377980e+01,3.190598798577182293e+01,4.649484735608810126e+01,5.211154763521584243e+01,0.000000000000000000e+00,5.007964888602451481e+01,3.759961005915368304e+01,4.008576776683802478e+01,3.722413394910726225e+01,2.356026109767888244e+01,5.240230105113482750e+01,3.414718274057778302e+01,3.383017806872451416e+01,1.344917512109634927e+01,2.459688233862868856e+01,1.452197815061009578e+01,2.783204110619158556e+01,3.515501887020337080e+01,2.114676743998236219e+01,2.395247684467383920e+01,4.522238926342166110e+01,3.270220165833838166e+01,6.039107429531655136e+00,2.799208745379426588e+01,3.692099965813284257e+01,1.907670295919617587e+01,3.542438405013435698e+01,1.894534856912319398e+01,4.483287663793245059e+01,1.688688746506738525e+01,2.339057361016388725e+01,2.809705235900360876e+01,1.406679054770036785e+01,1.224620599491614925e+01,2.108459502726191559e+01,1.500699643064974964e+01,3.379983521018089476e+01,1.907623572589648120e+01,2.940997024392227743e+01,1.731188394546373033e+01
3.110236055182467041e+01,9.303778853027786511e+00,2.830989779351408231e+01,2.285261537497504136e+01,1.052814210217479918e+01,2.442498317529651786e+01,2.228068598919277932e+01,4.887120839030000496e+01,2.672153046262735288e+01,2.289747755621149139e+01,2.265268644354413041e+01,3.339257921690672504e+01,3.366347568181792127e+01,3.346962483452509218e+01,2.625516252468697331e+01,0.000000000000000000e+00,1.163670555557822439e+01,2.369314190586809943e+01,3.178590584793763796e+01,2.723795439492301895e+01,1.865484359151687244e+01,9.607045644878944302e+00,4.000347115185309832e+01,3.950814640428561830e+01,2.625516252468697331e+01,4.157963954745169843e+01,3.808765775660192787e+01,3.950815230624829155e+01,3.067145335326597433e+01,2.863558560916838402e+01,4.120061687759337588e+01,5.163905267372843610e+01,3.403127026817158196e+01,2.883947680690403814e+01,2.993050339854195840e+01,3.236149588890146589e+01,8.827278218348714844e+00,2.670626508093996776e+01,3.540557643227543139e+01,4.655794558250777726e+01,2.006140146080811348e+01,4.989699464394300321e+01,2.074358738625781484e+01,2.314028328001918311e+01,1.339033704905072852e+01,2.625816100317166146e+01,2.033313032676466747e+01,2.396952192051862696e+01,1.860775530443012116e+01,1.754762739692268170e+01,1.095217736354987537e+01,1.402042699075196275e+01,3.338628418241458462e+01,3.275391997618500284e+01,2.814882084570337994e+01,3.541637979695140359e+01,1.742101343728437968e+01,3.690486615913303581e+01,2.585948789770435496e+01,2.152772500720643833e+01
3.326432600437034637e+01,1.245987556536592678e+01,1.771953869829647488e+01,1.128108235954741190e+01,2.208084229519769437e+01,1.470948540540687510e+01,3.089611238368725665e+01,3.737970706646895280e+01,3.434477377984204338e+01,3.256391534307888946e+01,2.783204110619157490e+01,3.223791216403282078e+01,3.100158806764044783e+01,4.186545195965852173e+01,3.113456479972666102e+01,1.163670555557822439e+01,0.000000000000000000e+00,1.562670916264564802e+01,2.179006072632764912e+01,3.657005474396312650e+01,7.030272704171465215e+00,1.987036350853705002e+01,2.908967692354094225e+01,2.787276711057969081e+01,3.113456479972666102e+01,3.025639409930242962e+01,2.932251751794018091e+01,3.024017152222756266e+01,2.040281899622455342e+01,2.356026109767888244e+01,2.960606331975465721e+01,4.840569651927064143e+01,2.568657987213205729e+01,2.835561734162618563e+01,2.459688233862868501e+01,4.080354809706337704e+01,3.603002636315661533e+00,1.632526344338664614e+01,3.271615039315464202e+01,4.654291563331447890e+01,1.564680161912661482e+01,4.666128244405241077e+01,2.699762253067020978e+01,1.515375587141235236e+01,6.899180285070337426e+00,3.651413043003739034e+01,8.820749340849507902e+00,2.069217999104712646e+01,1.866078504780984204e+01,2.774612641238482880e+01,7.901795440170913842e+00,5.272899309217842223e+00,4.148682157736060105e+01,3.345639978447021434e+01,2.414622761874540302e+01,3.555012162446460167e+01,5.881120149629653682e+00,3.555311258331730073e+01,1.763592092117368892e+01,1.920784751390737455e+01
4.875372901567810402e+01,1.722841640533256324e+01,2.391050483696000839e+01,1.230252335248369100e+01,3.203140825760553412e+01,4.232745955610630162e+00,4.548859087025380887e+01,3.534538012319337241e+01,4.939743688696773916e+01,4.651790838931831473e+01,4.336600097104784624e+01,4.683409681561700211e+01,4.493095496047867954e+01,5.665551542142694785e+01,4.672168971463543130e+01,2.369314190586809943e+01,1.562670916264564802e+01,0.000000000000000000e+00,2.851103409648048270e+01,5.078736342019426786e+01,1.303702831885601121e+01,2.757133771728581806e+01,3.154450392702470651e+01,2.448188387114973708e+01,4.672168971463543130e+01,3.042721886117369579e+01,3.727568778903637536e+01,3.712939901397369624e+01,2.675868219045842267e+01,3.649817386789382567e+01,2.722147513113042905e+01,6.126227762384264253e+01,3.482803530449728413e+01,4.333408702279695035e+01,3.722550940175284495e+01,5.556474473082982257e+01,1.890312862840547226e+01,2.356189435573376656e+01,4.654416687891583138e+01,6.124244248245725686e+01,7.164076913264681323e+00,5.957276464862419374e+01,4.234173716566721168e+01,2.680672773650341867e+01,1.037152867456195260e+01,4.994887349028610402e+01,1.550403306634235712e+01,3.500011506482867674e+01,1.433215511612737281e+01,4.123414299336242550e+01,2.350914184965042253e+01,1.967174198618268477e+01,5.640920940244794224e+01,4.864394053480544500e+01,3.775724553461954258e+01,5.052463663162993868e+01,1.497888606279945911e+01,4.994813576348683881e+01,2.841468963408912884e+01,3.403492137038203680e+01
3.397371128884630309e+01,3.418462485651388505e+01,4.644146949031727090e+00,1.624756763025086670e+01,4.204668361085084882e+01,2.459325769073429768e+01,4.288767816604344318e+01,2.067797070723019104e+01,4.399822255071390487e+01,4.607780634452917212e+01,3.531098975686388997e+01,2.723487119353223562e+01,2.350856124274475789e+01,5.169223795457060078e+01,3.708001876144498965e+01,3.178590584793763796e+01,2.179006072632764912e+01,2.851103409648048270e+01,0.000000000000000000e+00,4.889001042110161421e+01,1.723841609440986389e+01,4.107986918472601445e+01,9.520478874046556683e+00,1.673447869411213418e+01,3.708001876144498965e+01,1.302962157628679840e+01,8.777174255832470351e+00,8.805913642550843079e+00,1.755821249156733543e+00,1.501928933049028281e+01,1.609193717228245646e+01,3.552701404713014455e+01,7.203796094950738471e+00,2.624835602285988045e+01,1.470861957751563587e+01,5.086033615980412037e+01,2.322989525946212908e+01,5.548959818233198504e+00,2.450058369722419016e+01,4.003015474250570804e+01,3.324097807084498157e+01,3.402766628385906245e+01,3.636105580917888602e+01,9.870398016759457605e+00,2.669393912942271641e+01,5.068658843348475074e+01,1.430506251566283815e+01,1.824511857915650737e+01,3.872987882936270410e+01,4.295308470892354791e+01,2.146355432818910813e+01,1.781742793789281620e+01,5.080561920207293269e+01,3.149446849129498816e+01,1.754284117723288361e+01,3.186762837311641761e+01,1.665473234058389451e+01,2.903813877098617624e+01,7.775942079622473635e+00,1.980030173942098770e+01
2.317838861665854822e+01,3.568664714521740677e+01,4.749296850149300298e+01,4.720883336895362703e+01,2.261206290500442151e+01,5.098778196635652193e+01,6.041840844649326137e+00,6.922268769299130042e+01,6.814369079296477061e+00,4.447794971389521734e+00,1.471524856511825341e+01,3.180109313435840690e+01,3.517332385098036696e+01,7.207214290419136304e+00,1.515016890847939912e+01,2.723795439492301895e+01,3.657005474396312650e+01,5.078736342019426786e+01,4.889001042110161421e+01,0.000000000000000000e+00,4.297345708335370773e+01,2.809808072327802364e+01,5.839789341399087874e+01,6.201473368529935470e+01,1.515016890847939912e+01,6.145158449691042080e+01,5.106731714933381738e+01,5.340035738434416857e+01,4.863290588711472395e+01,3.720079168977855488e+01,6.287049868732051294e+01,4.898253187043784607e+01,4.702714433682111661e+01,2.832280364619085589e+01,3.839996447936064783e+01,6.192189253737586441e+00,3.296945958101230190e+01,4.575134730715614495e+01,3.623475678552772905e+01,3.756302109326787786e+01,4.719637865136184018e+01,4.761255327482055577e+01,1.278055614691689001e+01,3.911128684791923860e+01,4.041605984524495199e+01,4.656082705323052018e+00,4.338748144541309415e+01,3.193419620975889117e+01,4.447794971389522800e+01,1.000753868562642701e+01,3.035308067809667776e+01,3.556695641511435468e+01,7.825116032779980024e+00,2.732291814719445000e+01,3.496768587838256082e+01,2.997243461925095431e+01,4.103058923300785921e+01,3.419296799572028078e+01,4.114100701541937610e+01,2.964856867092701265e+01
3.679507123501041832e+01,1.784336620223389502e+01,1.268660424490404104e+01,4.304980828300037032e+00,2.904524755949128689e+01,1.037108808692870099e+01,3.714602468540215341e+01,3.062909463126635856e+01,4.018347719588516043e+01,3.911766777269008344e+01,3.295692252571646463e+01,3.403277978364796752e+01,3.194948315112041115e+01,4.787199607444770066e+01,3.599647456444377980e+01,1.865484359151687244e+01,7.030272704171465215e+00,1.303702831885601121e+01,1.723841609440986389e+01,4.297345708335370773e+01,0.000000000000000000e+00,2.648465508590491879e+01,2.313573664569176458e+01,2.088255841395855228e+01,3.599647456444377980e+01,2.376839561897440589e+01,2.564505567948862819e+01,2.603379442787816345e+01,1.560564584098966456e+01,2.346114616517224150e+01,2.271600485341879150e+01,4.826101113208180493e+01,2.262560487863188996e+01,3.078346287222348110e+01,2.419806007221100685e+01,4.684068784316757217e+01,1.033954433444434251e+01,1.175480090254125898e+01,3.354267098645642164e+01,4.842201029048788286e+01,1.626438662274493652e+01,4.656369450485411932e+01,3.256029620530499358e+01,1.379330024141986044e+01,9.594174988790868497e+00,4.321331335776264382e+01,2.939629207616483608e+00,2.219493960191488213e+01,2.149224060372924328e+01,3.449889389714677890e+01,1.289494161133873185e+01,7.901708777574859788e+00,4.738489373874774913e+01,3.622662609722196692e+01,2.475811921044923025e+01,3.790946644391301845e+01,2.223897485694760867e+00,3.705606597493709131e+01,1.555748902692378266e+01,2.151767668252519528e+01
3.813566801388793692e+01,1.034674780365550184e+01,3.736182553610183987e+01,3.033465694486244857e+01,5.559743714236908829e+00,2.959410147079852393e+01,2.474215682370742186e+01,5.711194060633744840e+01,2.986114719671790851e+01,2.370651849376858422e+01,2.843236595471264039e+01,4.180754989063041194e+01,4.254998307739908370e+01,3.513800444306665582e+01,3.190598798577182293e+01,9.607045644878944302e+00,1.987036350853705002e+01,2.757133771728581806e+01,4.107986918472601445e+01,2.809808072327802364e+01,2.648465508590491879e+01,0.000000000000000000e+00,4.891086669605412141e+01,4.719049717528143617e+01,3.190598798577182293e+01,5.010958153491489497e+01,4.764311398611460646e+01,4.900060811998567090e+01,3.986907829379234869e+01,3.809915166631017769e+01,4.917178512948171232e+01,6.042556753509706624e+01,4.361231569855643642e+01,3.717160135809120902e+01,3.941222676390177071e+01,3.404786521694216361e+01,1.785421942067571166e+01,3.583587553468730391e+01,4.426325762984222223e+01,5.416527576785547637e+01,2.182309853449268999e+01,5.870255179789317879e+01,2.590559344628651672e+01,3.270167194342035799e+01,1.866524953089019689e+01,2.557482108548975930e+01,2.865793103880497839e+01,3.323804485855925606e+01,1.717353014507790832e+01,1.825539558191538703e+01,2.055869972882106822e+01,2.326680607311442373e+01,3.542764355391513220e+01,4.043755802348135830e+01,3.745540356187218123e+01,4.325588885539471562e+01,2.572685746072212254e+01,4.529464550250197874e+01,3.541942482842321738e+01,3.068806857730141502e+01
4.295317244485751473e+01,4.094933649134600273e+01,1.174368267650191378e+01,2.050872144567710009e+01,5.046609388291469855e+01,2.731969886059913577e+01,5.238836105314999259e+01,1.138596861668887072e+01,5.351038470426301785e+01,5.553284103499292712e+01,4.480727511806146879e+01,3.552907463115151643e+01,3.149270693263149568e+01,6.118953448357900982e+01,4.649484735608810126e+01,4.000347115185309832e+01,2.908967692354094225e+01,3.154450392702470651e+01,9.520478874046556683e+00,5.839789341399087874e+01,2.313573664569176458e+01,4.891086669605412141e+01,0.000000000000000000e+00,1.138723665734989154e+01,4.649484735608810126e+01,4.447794971389521734e+00,1.223143617132118344e+01,1.009923746486214036e+01,9.866268987522143874e+00,2.375883909463436794e+01,9.301037335607135859e+00,4.039681595750915477e+01,1.395162884169151774e+01,3.514664689159620536e+01,2.316860693852143527e+01,6.036562183704226925e+01,3.120955651539828324e+01,1.343275430676999171e+01,3.218374805448431175e+01,4.719311993927824744e+01,3.754090546717883825e+01,3.913076285955753519e+01,4.588148498326388847e+01,1.931403724124765731e+01,3.263852062545204546e+01,6.012571960155760564e+01,2.050872144567710009e+01,2.757712213306745497e+01,4.389302845701119793e+01,5.226388697277145923e+01,3.028951593292041267e+01,2.603661675707331824e+01,6.028905355596080540e+01,4.015467519196376145e+01,2.635894100796756234e+01,4.017385183981736674e+01,2.334852779497165187e+01,3.683120201577703057e+01,1.729555344333205369e+01,2.926799042460138267e+01
5.009792892919539753e+01,3.781271749780543701e+01,1.544357302847682156e+01,1.685907681039937955e+01,4.992770248163856905e+01,2.042808944586538900e+01,5.599521175232280967e+01,1.086349625204363889e+01,5.807684992298305815e+01,5.856950325724750428e+01,4.979932407273602024e+01,4.389514009668325656e+01,4.023719167200766123e+01,6.590015705899992327e+01,5.211154763521584243e+01,3.950814640428561830e+01,2.787276711057969081e+01,2.448188387114973708e+01,1.673447869411213418e+01,6.201473368529935470e+01,2.088255841395855228e+01,4.719049717528143617e+01,1.138723665734989154e+01,0.000000000000000000e+00,5.211154763521584243e+01,7.773614237546158101e+00,2.289301925989954967e+01,2.113575325854445097e+01,1.580269879157802393e+01,3.160551220940133632e+01,2.935612238149849951e+00,5.120338186512589829e+01,2.339040842510990004e+01,4.255490358568103915e+01,3.140030939671309795e+01,6.496479146226508306e+01,3.093042045984024924e+01,1.698568706893018643e+01,4.123175580762659820e+01,5.672565974169101821e+01,3.137096944619192840e+01,4.984069821539330292e+01,5.025476176693851471e+01,2.418871337744135275e+01,2.898770396379405767e+01,6.294167397740724113e+01,1.931971613100919072e+01,3.403064465505343605e+01,3.836510890322678335e+01,5.446765516598612322e+01,3.191738627154357744e+01,2.682773282284539462e+01,6.517860649964337938e+01,4.795111752442227981e+01,3.404350584082683895e+01,4.850419332919493343e+01,2.214687712089596872e+01,4.577179422130000574e+01,2.325393056183138540e+01,3.499491653519884693e+01
8.241005938618055637e+00,3.553997446714624431e+01,3.677748302052653173e+01,3.976561966203291831e+01,2.765002564141020969e+01,4.567111922268078672e+01,1.112154647113791484e+01,5.775781116794320980e+01,8.468896030033755906e+00,1.515016890847939912e+01,3.603002636315664642e+00,1.666259573285192985e+01,2.017864761834064424e+01,1.514708881295660348e+01,0.000000000000000000e+00,2.625516252468697331e+01,3.113456479972666102e+01,4.672168971463543130e+01,3.708001876144498965e+01,1.515016890847939912e+01,3.599647456444377980e+01,3.190598798577182293e+01,4.649484735608810126e+01,5.211154763521584243e+01,0.000000000000000000e+00,5.007964888602451481e+01,3.759961005915368304e+01,4.008576776683802478e+01,3.722413394910726225e+01,2.356026109767888244e+01,5.240230105113482750e+01,3.414718274057778302e+01,3.383017806872451416e+01,1.344917512109634927e+01,2.459688233862868856e+01,1.452197815061009578e+01,2.783204110619158556e+01,3.515501887020337080e+01,2.114676743998236219e+01,2.395247684467383920e+01,4.522238926342166110e+01,3.270220165833838166e+01,6.039107429531655136e+00,2.799208745379426588e+01,3.692099965813284257e+01,1.907670295919617587e+01,3.542438405013435698e+01,1.894534856912319398e+01,4.483287663793245059e+01,1.688688746506738525e+01,2.339057361016388725e+01,2.809705235900360876e+01,1.406679054770036785e+01,1.224620599491614925e+01,2.108459502726191559e+01,1.500699643064974964e+01,3.379983521018089476e+01,1.907623572589648120e+01,2.940997024392227743e+01,1.731188394546373033e+01
4.691552903903982497e+01,4.154883102266868633e+01,1.404502485326832328e+01,2.050872144567710009e+01,5.210548063988147049e+01,2.621101496530166841e+01,5.541622411901814615e+01,7.771756620218567058e+00,5.682732224192256609e+01,5.839789341399087874e+01,4.821014400752125084e+01,3.973463509164543694e+01,3.575810889160143802e+01,6.457159633018794409e+01,5.007964888602451481e+01,4.157963954745169843e+01,3.025639409930242962e+01,3.042721886117369579e+01,1.302962157628679840e+01,6.145158449691042080e+01,2.376839561897440589e+01,5.010958153491489497e+01,4.447794971389521734e+00,7.773614237546158101e+00,5.007964888602451481e+01,0.000000000000000000e+00,1.667923114271070517e+01,1.451896821275615324e+01,1.290671701520002834e+01,2.778853497854222354e+01,5.211588548207174654e+00,4.480822984171219048e+01,1.825179739337865925e+01,3.914115467554984917e+01,2.728561138403612318e+01,6.371380370085175571e+01,3.275592798907441505e+01,1.580123313676373975e+01,3.650392910971764593e+01,5.159858459268526332e+01,3.687631194990712657e+01,4.355685805886380990e+01,4.910952357675644464e+01,2.239689164270720312e+01,3.294018683501319344e+01,6.293887955379165078e+01,2.145165297946551419e+01,3.127473974831471537e+01,4.355368672072110314e+01,5.484955973394755802e+01,3.249515250315445059e+01,2.787148745030126307e+01,6.371892890644933516e+01,4.425605429377628042e+01,3.036934132143747789e+01,4.438502240151422740e+01,2.438464579323141379e+01,4.114421470577343598e+01,2.068151081546078984e+01,3.277540151816992164e+01
