0.000000000000000000e+00,2.214514485091657292e+01,2.842836587519240865e+01,3.914365612247524950e+01,3.489584987636824565e+01,3.294131560366608369e+01,4.391681844768814358e+01,2.406098455369140154e+01,8.229083144667836081e+00,3.447806476417014920e+01,1.913824229906594709e+01,3.365153812591046290e+01,1.755563538214798935e+00,1.119345712120970227e+01,3.156512719508534204e+01,7.818293405693719222e+00,6.892951221113792215e+00,3.669430851396355564e+01,3.663217650080506615e+01,1.514175254217912325e+01,3.294131560366608369e+01,1.904437039165578227e+01,9.287855484591389654e+00,3.816656696096306689e+01,3.810172061152616863e+01,3.051061303558540416e+01,2.473154606859859683e+01,3.527187488351371059e+01,2.936527589021199702e+01,2.476996200806800630e+01,1.395162884169152484e+01,4.304347992885228535e+01,1.463361363600363596e+01,3.016731163900656654e+01,1.532045595608942712e+01,4.821699089043645614e+01,4.643269490615208106e+00,2.370400524171097345e+01,4.076055879842489738e+00,1.404811906609417882e+01,1.858098512414019510e+01,2.354150329861240110e+01,1.624477485952773037e+01,3.271146082395593169e+01,9.784975828568519773e+00,1.378501863080855294e+01,1.823965124887811839e+01,1.230664877792056444e+01,1.978618305612497252e+01
2.214514485091657292e+01,0.000000000000000000e+00,6.895369722768210252e+00,4.894465765172402882e+01,5.310417985863166734e+01,4.114210348535308981e+01,4.795476205794357583e+01,2.074217621729106042e+01,1.730866120776814299e+01,4.123202023129704230e+01,3.602622613496711867e+00,1.176348384993371710e+01,2.179778691747436881e+01,2.475753150372216282e+01,4.123197602482989055e+01,1.514624796819293273e+01,2.309922268634706910e+01,5.306724303285552224e+01,1.451559506206366912e+01,2.042690385181345647e+01,4.114210348535308981e+01,3.298066840951265277e+01,1.302937458590055897e+01,2.568349998830727898e+01,2.439975023027790257e+01,4.505990765883058913e+01,4.486887146912795998e+01,3.060210010411131876e+01,3.457768137993612356e+01,7.029753349829186426e+00,3.442633733429715903e+01,4.766394771796497309e+01,8.458219179079611294e+00,3.004198500807586214e+01,1.037082437692171766e+01,5.259660943345853923e+01,2.066972734675442780e+01,3.913271808333804103e+01,1.905107000248895588e+01,8.126229977527232862e+00,4.651225617223590625e+00,1.042909739536401581e+01,2.261033129969442257e+01,3.901324866486290688e+01,2.606663288497425768e+01,2.591696489988875030e+01,3.968009619635473229e+01,1.635308146407516006e+01,2.223897485694761045e+01
2.842836587519240865e+01,6.895369722768210252e+00,0.000000000000000000e+00,5.069959085122241049e+01,5.734469100619423187e+01,4.279853529398455692e+01,4.798798829772869823e+01,2.117084158164019314e+01,2.255780370100491439e+01,4.245091903325727145e+01,9.298420778881547832e+00,5.274069443834174642e+00,2.787276711057969081e+01,2.929182914461248188e+01,4.331454241140081507e+01,2.183712648958134039e+01,2.990702382013404659e+01,5.670538959761577757e+01,8.612931444118890667e+00,2.376678941113688026e+01,4.279853529398455692e+01,3.677748302052653173e+01,1.914850012508253840e+01,2.153552129492312872e+01,1.986299567204742900e+01,4.838340986552149303e+01,4.993797513960613088e+01,2.897490697380340663e+01,3.581591718699688442e+01,5.723989082539289619e+00,3.985056219864297589e+01,4.789128343324998127e+01,1.533301607392665922e+01,3.005347289142478573e+01,1.464198262796175953e+01,5.254469519050776682e+01,2.635283238106811865e+01,4.296030855057807685e+01,2.500463345318942032e+01,1.469814909900038202e+01,9.878689135792003029e+00,1.009970947073933090e+01,2.576382501591946905e+01,4.023790359565994379e+01,3.100871903120417983e+01,3.279658737332634644e+01,4.534599975694349894e+01,2.322706578779157383e+01,2.432232157032735742e+01
3.914365612247524950e+01,4.894465765172402882e+01,5.069959085122241049e+01,0.000000000000000000e+00,2.177405344949155719e+01,7.901651091010831962e+00,1.245094969829904485e+01,2.970058874971676488e+01,3.542299562409884572e+01,8.789103983872491810e+00,4.558989845674260977e+01,5.476143865755605589e+01,3.757462757004342535e+01,2.833362829224446244e+01,7.901622274242384059e+00,4.399037816606022488e+01,4.591660499763673187e+01,1.635108307605852218e+01,5.832033763264330872e+01,2.903838892259192050e+01,7.901651091010831962e+00,2.017763341060386395e+01,4.085330673563748149e+01,3.984376123705186501e+01,4.172340626493072335e+01,1.221658834917932879e+01,2.734851576617029068e+01,2.759493474888532916e+01,1.502065077304267859e+01,4.499540307952538853e+01,3.017008349337873696e+01,1.111364771907270210e+01,4.719432057399533420e+01,2.216687467114772403e+01,3.894197378751326966e+01,1.379322493596068000e+01,3.553217482138376226e+01,1.730192105815419268e+01,3.762781907539476123e+01,4.480944230409957640e+01,4.447794971389522800e+01,4.060432952587841271e+01,2.682508211632766404e+01,1.080805759858630388e+01,2.935868057934723652e+01,5.271997548987681625e+01,3.266776976640519337e+01,5.009792892919539753e+01,2.672142779690943470e+01
3.489584987636824565e+01,5.310417985863166734e+01,5.734469100619423187e+01,2.177405344949155719e+01,0.000000000000000000e+00,2.405007934030106398e+01,3.401455425560946111e+01,3.984805005941883138e+01,3.601898171463605536e+01,2.667549648652765271e+01,4.950920100715005390e+01,6.234602919228515105e+01,3.404267541890204285e+01,2.834718634283701633e+01,2.144927631749382613e+01,4.222657509341124893e+01,4.005317784566310024e+01,5.869993369937807515e+00,6.588848087189789737e+01,3.368565307425376432e+01,2.405007934030106398e+01,2.068062502712828277e+01,4.122143612179522876e+01,5.417617884185641230e+01,5.552864085056643262e+01,1.174245047295893407e+01,1.144619425512292921e+01,4.355070836787415089e+01,2.907088842000696616e+01,5.192021166712394376e+01,2.117061641174480613e+01,3.265344870345282402e+01,4.797716206999129440e+01,3.654199256887444847e+01,4.295198554281810743e+01,3.551541587631010799e+01,3.361917013507930108e+01,1.463058322801876621e+01,3.575779916854212814e+01,4.633001735369588658e+01,4.851270981748512412e+01,4.826722591541667384e+01,3.187516184106167927e+01,2.731670099025329890e+01,2.728520548712815952e+01,4.567068210077581369e+01,1.933685754730813500e+01,4.719300028057853069e+01,3.446688714676264453e+01
3.294131560366608369e+01,4.114210348535308981e+01,4.279853529398455692e+01,7.901651091010831962e+00,2.405007934030106398e+01,0.000000000000000000e+00,1.222732277925671518e+01,2.181709844314293534e+01,2.833402134431829822e+01,2.721546096355188737e+00,3.783072967050688362e+01,4.687254541281319575e+01,3.127891505846396925e+01,2.181035615050543086e+01,2.720876276614609957e+00,3.705545282046718114e+01,3.982180337995832531e+01,1.978618305612497252e+01,5.043655343782128853e+01,2.151758144448084664e+01,0.000000000000000000e+00,1.478222561098824706e+01,3.362247339683757019e+01,3.273184021540946986e+01,3.449740054746450113e+01,1.243908991961616017e+01,2.620164555333699141e+01,2.081493497580673946e+01,7.205434990096120096e+00,3.709591391743646227e+01,2.611408986581449554e+01,1.103177820548636667e+01,3.976458864223685197e+01,1.470721623883754070e+01,3.125322852092280357e+01,1.581986915940972871e+01,2.896495849862182581e+01,1.430664976084866424e+01,3.094618072512329121e+01,3.731923111290053896e+01,3.671952201421932926e+01,3.270278562604916317e+01,1.933864914455081419e+01,3.514617074656305462e+00,2.328573853701264795e+01,4.670514005788899681e+01,2.980421749387889463e+01,4.322730771252022208e+01,1.890312862840547226e+01
4.391681844768814358e+01,4.795476205794357583e+01,4.798798829772869823e+01,1.245094969829904485e+01,3.401455425560946111e+01,1.222732277925671518e+01,0.000000000000000000e+00,2.723687705138508619e+01,3.816307186358564252e+01,9.881185095451746392e+00,4.506318307203360973e+01,5.114964217097951149e+01,4.218973555498615013e+01,3.274678731869015991e+01,1.470280305648352304e+01,4.692622768363433039e+01,5.079271391498882338e+01,2.875809114979290726e+01,5.450250982319959547e+01,3.059939067974298155e+01,1.222732277925671518e+01,2.676303864960412326e+01,4.296388606937180299e+01,3.256270813061486535e+01,3.469518470305521163e+01,2.336821183576570959e+01,3.805116577303916614e+01,2.042801079043979939e+01,1.470833435626499508e+01,4.260362328893066319e+01,3.828676469480407718e+01,1.361863781325518996e+00,4.838617786377063368e+01,1.799844043863905796e+01,3.913737273844123621e+01,4.651667550575604437e+00,3.961084045025698686e+01,2.645389170711271021e+01,4.138169356074278227e+01,4.580809515537779220e+01,4.399415140750173236e+01,3.819655580559316377e+01,2.868050120470899245e+01,1.128326810156767479e+01,3.461343206270875328e+01,5.767172961594607017e+01,4.202106909506187549e+01,5.309025326596543692e+01,2.677739336516066970e+01
2.406098455369140154e+01,2.074217621729106042e+01,2.117084158164019314e+01,2.970058874971676488e+01,3.984805005941883138e+01,2.181709844314293534e+01,2.723687705138508619e+01,0.000000000000000000e+00,1.596336927580177445e+01,2.130168292699001498e+01,1.801374583614248337e+01,2.506184172988967873e+01,2.245806455622238929e+01,1.647405199477174875e+01,2.264978060868113374e+01,2.325130285549437303e+01,2.981638618773379434e+01,3.789164779143084161e+01,2.862034490557122623e+01,9.524826113203539890e+00,2.181709844314293534e+01,1.975073846142342404e+01,1.864299893095535054e+01,1.563039664955679875e+01,1.640237481454663637e+01,2.929051620307476611e+01,3.543593537523269532e+01,1.163574137623327687e+01,1.470942331404609860e+01,1.556728239986333229e+01,2.799857736966101385e+01,2.699754629552760932e+01,2.239654804787021902e+01,9.302990807992546962e+00,1.291557818062452156e+01,3.187030771081942504e+01,1.955402883340866538e+01,2.531351249870768427e+01,2.017643783605458196e+01,1.980588125919240028e+01,1.698936634646108246e+01,1.111948742847380700e+01,9.781003655742262382e+00,1.909813433396538329e+01,1.917088635241310612e+01,3.597269584179067436e+01,3.381358500563178637e+01,2.882329241057479052e+01,5.880499305228784834e+00
8.229083144667836081e+00,1.730866120776814299e+01,2.255780370100491439e+01,3.542299562409884572e+01,3.601898171463605536e+01,2.833402134431829822e+01,3.816307186358564252e+01,1.596336927580177445e+01,0.000000000000000000e+00,2.936056169405901173e+01,1.379211307955086774e+01,2.781925035574886707e+01,6.795092632667161681e+00,7.901449744065005554e+00,2.753931158387395328e+01,8.787009139391679824e+00,1.392981042010142900e+01,3.650459842644873731e+01,3.112247820495589323e+01,7.777809021378851995e+00,2.833402134431829822e+01,1.673453283604541397e+01,5.559743714236901724e+00,2.996874494193552607e+01,2.996874494193552607e+01,2.903820119348618078e+01,2.757357796079079293e+01,2.738080799314264979e+01,2.346193132069988607e+01,1.800192320314484462e+01,1.729555344333206079e+01,3.745240302140635436e+01,1.230675921026858077e+01,2.284248794350830281e+01,8.124830998277246863e+00,4.266742228267305137e+01,4.226451146434690109e+00,2.260969840520716545e+01,4.226451146434690109e+00,1.037038592807181381e+01,1.291240539448171631e+01,1.596336927580177267e+01,9.495716578243007078e+00,2.735490856084913602e+01,8.787009139391676271e+00,2.037984861781274404e+01,2.282065802151397094e+01,1.497395087657859492e+01,1.229707900271090004e+01
3.447806476417014920e+01,4.123202023129704230e+01,4.245091903325727145e+01,8.789103983872491810e+00,2.667549648652765271e+01,2.721546096355188737e+00,9.881185095451746392e+00,2.130168292699001498e+01,2.936056169405901173e+01,0.000000000000000000e+00,3.802599592749965041e+01,4.631593581067625109e+01,3.278082763358147389e+01,2.328769054367427316e+01,5.442422372969798694e+00,3.813826047390237051e+01,4.137101518904899677e+01,2.225083630141717350e+01,4.984538749005415781e+01,2.219519607748029344e+01,2.721546096355188737e+00,1.688606198792965785e+01,3.449197783211932489e+01,3.110609043386268624e+01,3.295885530058274071e+01,1.512461647745110760e+01,2.888738758499905046e+01,1.895120502656490658e+01,6.671692457084281713e+00,3.679514560936108580e+01,2.842060102918826914e+01,8.788815451080969510e+00,4.041099282389209435e+01,1.338869641309430492e+01,3.160666205966996145e+01,1.381973196441550478e+01,3.033791603047644969e+01,1.691450725338892269e+01,3.223486357528673096e+01,3.790976057539192112e+01,3.692066570131134995e+01,3.236121287510027145e+01,2.008989219567805762e+01,2.223897485694760867e+00,2.497290426561298560e+01,4.826308153869042172e+01,3.230533276667257780e+01,4.432620291859980455e+01,1.909803877618402979e+01
1.913824229906594709e+01,3.602622613496711867e+00,9.298420778881547832e+00,4.558989845674260977e+01,4.950920100715005390e+01,3.783072967050688362e+01,4.506318307203360973e+01,1.801374583614248337e+01,1.379211307955086774e+01,3.802599592749965041e+01,0.000000000000000000e+00,1.451432046952137611e+01,1.863562183673138151e+01,2.116457134634370618e+01,3.783072365159963368e+01,1.268370259624428620e+01,2.086731452336438863e+01,4.946902080703941351e+01,1.757698309662710656e+01,1.689964787174714189e+01,3.783072967050688362e+01,2.938332116239329395e+01,9.873709166019009942e+00,2.498692326558869325e+01,2.397684578946160272e+01,4.148189447740133318e+01,4.136568976636609563e+01,2.849866758413021373e+01,3.140102552112634626e+01,6.894542591346408678e+00,3.099883172432405232e+01,4.471216261620201493e+01,6.890413093124928778e+00,2.729172922450947070e+01,6.808967945103364450e+00,4.971384532031462555e+01,1.730192105815419623e+01,3.553217482138376937e+01,1.580820268195612144e+01,5.552885633556303269e+00,1.111948742847380434e+00,8.786867343095977390e+00,1.909789565944686629e+01,3.581574521619223361e+01,2.251836391551432470e+01,2.448611267241250999e+01,3.634076681756221916e+01,1.511916401778060859e+01,1.895202605466870693e+01
3.365153812591046290e+01,1.176348384993371710e+01,5.274069443834174642e+00,5.476143865755605589e+01,6.234602919228515105e+01,4.687254541281319575e+01,5.114964217097951149e+01,2.506184172988967873e+01,2.781925035574886707e+01,4.631593581067625109e+01,1.451432046952137611e+01,0.000000000000000000e+00,3.312800058093296229e+01,3.443985540494842468e+01,4.757836177135407496e+01,2.689424764850885907e+01,3.485514394506444802e+01,6.151884575196227445e+01,3.603193160800418404e+00,2.868050120470899245e+01,4.687254541281319575e+01,4.171359830228335852e+01,2.438500234532390110e+01,2.217142660517070496e+01,2.018650334385626621e+01,5.311407098656420800e+01,5.513994074482217655e+01,3.140161505313804113e+01,3.976623978897706024e+01,1.043049893685312668e+01,4.510691913538806119e+01,5.116776883134667031e+01,2.018528369269478873e+01,3.346946044606686854e+01,1.985493235156953773e+01,5.561411824072405352e+01,3.162690117739288098e+01,4.787828563249566116e+01,3.026852552780898264e+01,1.980172145271023609e+01,1.513974731601440027e+01,1.441213754476704523e+01,3.059939067974298510e+01,4.412864272718461933e+01,3.621934896954916638e+01,3.731289142354037836e+01,5.061651086572009461e+01,2.776773128500506260e+01,2.882326067693901095e+01
1.755563538214798935e+00,2.179778691747436881e+01,2.787276711057969081e+01,3.757462757004342535e+01,3.404267541890204285e+01,3.127891505846396925e+01,4.218973555498615013e+01,2.245806455622238929e+01,6.795092632667161681e+00,3.278082763358147389e+01,1.863562183673138151e+01,3.312800058093296229e+01,0.000000000000000000e+00,9.493805721601436431e+00,2.994979518335255264e+01,8.244396770505444394e+00,8.604057669965888167e+00,3.560828415146026060e+01,3.620321322197046499e+01,1.343821664694955942e+01,3.127891505846396925e+01,1.754263458726224201e+01,8.779751366327197104e+00,3.676002325037740093e+01,3.676002325037740093e+01,2.919666058787482044e+01,2.418550616125676100e+01,3.359761948085209582e+01,2.762249624217860955e+01,2.395004684729792288e+01,1.338380958319744884e+01,4.132466869943358745e+01,1.470053464687533840e+01,2.843095687830643215e+01,1.430347607267688659e+01,4.650347215236135412e+01,2.936228497063332110e+00,2.240439712351562207e+01,2.936228497063332110e+00,1.380842795948805701e+01,1.799428328981129255e+01,2.245806455622238929e+01,1.450034436872549115e+01,3.099727568229748087e+01,8.244396770505440841e+00,1.549111798423034614e+01,1.808237323898122639e+01,1.334338491416856698e+01,1.807683361911682240e+01
1.119345712120970227e+01,2.475753150372216282e+01,2.929182914461248188e+01,2.833362829224446244e+01,2.834718634283701633e+01,2.181035615050543086e+01,3.274678731869015991e+01,1.647405199477174875e+01,7.901449744065005554e+00,2.328769054367427316e+01,2.116457134634370618e+01,3.443985540494842468e+01,9.493805721601436431e+00,0.000000000000000000e+00,2.058862053249699997e+01,1.580281342464347993e+01,1.808557087389035445e+01,2.861696552910890645e+01,3.790032481784641760e+01,7.152926794666259802e+00,2.181035615050543086e+01,8.895589942779050574e+00,1.341244790097514539e+01,3.201044521223236927e+01,3.254671477850700967e+01,2.117070184751670325e+01,2.078981678173388303e+01,2.623606849529728891e+01,1.829197336891233050e+01,2.414487007254026096e+01,1.174368267650191733e+01,3.185768374081617438e+01,2.019890047749295192e+01,2.018085852149370396e+01,1.470275669057400592e+01,3.702571850676382326e+01,7.204173169692200673e+00,1.470868117652482887e+01,9.301620893536208357e+00,1.825269036088444352e+01,2.017763341060386395e+01,2.108304034211443678e+01,6.798429355592000789e+00,2.152173344384379305e+01,2.718203601093497124e+00,2.497725230804308083e+01,1.761183138798719838e+01,2.181509819313476584e+01,1.087949279469624209e+01
3.156512719508534204e+01,4.123197602482989055e+01,4.331454241140081507e+01,7.901622274242384059e+00,2.144927631749382613e+01,2.720876276614609957e+00,1.470280305648352304e+01,2.264978060868113374e+01,2.753931158387395328e+01,5.442422372969798694e+00,3.783072365159963368e+01,4.757836177135407496e+01,2.994979518335255264e+01,2.058862053249699997e+01,0.000000000000000000e+00,3.614573906233884770e+01,3.840351893843184428e+01,1.739885114230444785e+01,5.116564041052461675e+01,2.117076620112920438e+01,2.720876276614609957e+00,1.291177191687585157e+01,3.295554026706980721e+01,3.449551391773830744e+01,3.617509863281625826e+01,9.774163327365601006e+00,2.352479266898228616e+01,2.285092517768307729e+01,8.609961761106580624e+00,3.759166937651816909e+01,2.389560486663327765e+01,1.345192179710678104e+01,3.929653409549799647e+01,1.637517229985018119e+01,3.113456479972665747e+01,1.800958345308827191e+01,2.779166582736098334e+01,1.175108914153963546e+01,2.985086213335909378e+01,3.692044374736757817e+01,3.671951581316764646e+01,3.326407919734026564e+01,1.895200203300549191e+01,5.879258568278970642e+00,2.180902308327760863e+01,4.525770374469882285e+01,2.734583380052702140e+01,4.227552289875401215e+01,1.909794333572823888e+01
7.818293405693719222e+00,1.514624796819293273e+01,2.183712648958134039e+01,4.399037816606022488e+01,4.222657509341124893e+01,3.705545282046718114e+01,4.692622768363433039e+01,2.325130285549437303e+01,8.787009139391679824e+00,3.813826047390237051e+01,1.268370259624428620e+01,2.689424764850885907e+01,8.244396770505444394e+00,1.580281342464347993e+01,3.614573906233884770e+01,0.000000000000000000e+00,8.226113515680681942e+00,4.355713801154205100e+01,2.961715680182742005e+01,1.638939363734772314e+01,3.705545282046718114e+01,2.461342629682862793e+01,4.644586021741735848e+00,3.516926756221991468e+01,3.467358274933321383e+01,3.671946634211560223e+01,3.241567161720560364e+01,3.488704280058239249e+01,3.223486357528673807e+01,1.917088635241310612e+01,2.161101190928788185e+01,4.623015392772806109e+01,7.024575285470215036e+00,3.111685707041780091e+01,1.137686626296414438e+01,5.144421557998690275e+01,8.895589942779047021e+00,3.002261605687927926e+01,6.671692457084285266e+00,7.151340352863115868e+00,1.243761076398416243e+01,1.917088635241310612e+01,1.824572783282067689e+01,3.614077076058062943e+01,1.556728239986332873e+01,1.300773506815238001e+01,2.605794445172893603e+01,6.188356643588317496e+00,2.066972734675442780e+01
6.892951221113792215e+00,2.309922268634706910e+01,2.990702382013404659e+01,4.591660499763673187e+01,4.005317784566310024e+01,3.982180337995832531e+01,5.079271391498882338e+01,2.981638618773379434e+01,1.392981042010142900e+01,4.137101518904899677e+01,2.086731452336438863e+01,3.485514394506444802e+01,8.604057669965888167e+00,1.808557087389035445e+01,3.840351893843184428e+01,8.226113515680681942e+00,0.000000000000000000e+00,4.245005248609416526e+01,3.739489073759666127e+01,2.148812827251552093e+01,3.982180337995832531e+01,2.575649113645560107e+01,1.227862240256499149e+01,4.288850176677733117e+01,4.254114788810458236e+01,3.683120201577702346e+01,2.919617317871844620e+01,4.130451288792093578e+01,3.620714812844675379e+01,2.739592532738139141e+01,1.890312862840547226e+01,4.992850910629204009e+01,1.468114552912761717e+01,3.662316384316953588e+01,1.915695646060432011e+01,5.510578565069751988e+01,1.127020780178511572e+01,3.003762970190518544e+01,9.866268987522143874e+00,1.531508647718569271e+01,2.065889167816064642e+01,2.721479899778240252e+01,2.282735851951851558e+01,3.959968455673627830e+01,1.659485416331829200e+01,6.892067462458774330e+00,2.181377278743380188e+01,8.604057669965889943e+00,2.611408986581449554e+01
3.669430851396355564e+01,5.306724303285552224e+01,5.670538959761577757e+01,1.635108307605852218e+01,5.869993369937807515e+00,1.978618305612497252e+01,2.875809114979290726e+01,3.789164779143084161e+01,3.650459842644873731e+01,2.225083630141717350e+01,4.946902080703941351e+01,6.151884575196227445e+01,3.560828415146026060e+01,2.861696552910890645e+01,1.739885114230444785e+01,4.355713801154205100e+01,4.245005248609416526e+01,0.000000000000000000e+00,6.510661917908799978e+01,3.295631448911509409e+01,1.978618305612497252e+01,2.008706633225297367e+01,4.194227054648613517e+01,5.138044715664308626e+01,5.289814165806523505e+01,8.605318887197837441e+00,1.563424635047731037e+01,4.014131126151767859e+01,2.565752281494624398e+01,5.111612601466549677e+01,2.370374779084775696e+01,2.740587580060351058e+01,4.875098696232605278e+01,3.337780164471170252e+01,4.273174217547124698e+01,2.994664510036109206e+01,3.471056709409101160e+01,1.395206624494235292e+01,3.692000147418113443e+01,4.686850723205497360e+01,4.842066014677566699e+01,4.719207747758687788e+01,3.094398073950072003e+01,2.322953284838891364e+01,2.809596030990073601e+01,4.850301867311758031e+01,2.316669654459779437e+01,4.894460201431469670e+01,3.294131560366608369e+01
3.663217650080506615e+01,1.451559506206366912e+01,8.612931444118890667e+00,5.832033763264330872e+01,6.588848087189789737e+01,5.043655343782128853e+01,5.450250982319959547e+01,2.862034490557122623e+01,3.112247820495589323e+01,4.984538749005415781e+01,1.757698309662710656e+01,3.603193160800418404e+00,3.620321322197046499e+01,3.790032481784641760e+01,5.116564041052461675e+01,2.961715680182742005e+01,3.739489073759666127e+01,6.510661917908799978e+01,0.000000000000000000e+00,3.224198528267174879e+01,5.043655343782128853e+01,4.527365574626508504e+01,2.742687365417314993e+01,2.474081924645177821e+01,2.265377973866632999e+01,5.671059024200463483e+01,5.854817011841375773e+01,3.457791939769708023e+01,4.331557561348424201e+01,1.399869347928734875e+01,4.841742257098671587e+01,5.455353383430846037e+01,2.273402385299869621e+01,3.692105543759416975e+01,2.325339431845871374e+01,5.893328337091117675e+01,3.483511071967242856e+01,5.144421557998690275e+01,3.338518441336287879e+01,2.264136975830411558e+01,1.830069301748521937e+01,1.801533068877473553e+01,3.417798027483321732e+01,4.766441747129434248e+01,3.961788460767635911e+01,3.936687749882170806e+01,5.386347365985704982e+01,2.992043056738289764e+01,3.242645377736083390e+01
1.514175254217912325e+01,2.042690385181345647e+01,2.376678941113688026e+01,2.903838892259192050e+01,3.368565307425376432e+01,2.151758144448084664e+01,3.059939067974298155e+01,9.524826113203539890e+00,7.777809021378851995e+00,2.219519607748029344e+01,1.689964787174714189e+01,2.868050120470899245e+01,1.343821664694955942e+01,7.152926794666259802e+00,2.117076620112920438e+01,1.638939363734772314e+01,2.148812827251552093e+01,3.295631448911509409e+01,3.224198528267174879e+01,0.000000000000000000e+00,2.151758144448084664e+01,1.303309795769839674e+01,1.237847178277805504e+01,2.490934601019039718e+01,2.540086846526680375e+01,2.473483995292676596e+01,2.740142058428509841e+01,2.019192987030793773e+01,1.597598721918559939e+01,1.825000256996855086e+01,1.888499685159867170e+01,2.995663053523276176e+01,1.825291428473374111e+01,1.513730539446109091e+01,1.009955145842186042e+01,3.515875404556425821e+01,1.050472193538651133e+01,1.920320427283538933e+01,1.162229680718006364e+01,1.580310062266267934e+01,1.580321574851686783e+01,1.464121966090089977e+01,2.223897485694756870e+00,2.008989219567805407e+01,9.773025266474656192e+00,2.809211953992078747e+01,2.475143851188610356e+01,2.251673129973349674e+01,4.647665954097044860e+00
3.294131560366608369e+01,4.114210348535308981e+01,4.279853529398455692e+01,7.901651091010831962e+00,2.405007934030106398e+01,0.000000000000000000e+00,1.222732277925671518e+01,2.181709844314293534e+01,2.833402134431829822e+01,2.721546096355188737e+00,3.783072967050688362e+01,4.687254541281319575e+01,3.127891505846396925e+01,2.181035615050543086e+01,2.720876276614609957e+00,3.705545282046718114e+01,3.982180337995832531e+01,1.978618305612497252e+01,5.043655343782128853e+01,2.151758144448084664e+01,0.000000000000000000e+00,1.478222561098824706e+01,3.362247339683757019e+01,3.273184021540946986e+01,3.449740054746450113e+01,1.243908991961616017e+01,2.620164555333699141e+01,2.081493497580673946e+01,7.205434990096120096e+00,3.709591391743646227e+01,2.611408986581449554e+01,1.103177820548636667e+01,3.976458864223685197e+01,1.470721623883754070e+01,3.125322852092280357e+01,1.581986915940972871e+01,2.896495849862182581e+01,1.430664976084866424e+01,3.094618072512329121e+01,3.731923111290053896e+01,3.671952201421932926e+01,3.270278562604916317e+01,1.933864914455081419e+01,3.514617074656305462e+00,2.328573853701264795e+01,4.670514005788899681e+01,2.980421749387889463e+01,4.322730771252022208e+01,1.890312862840547226e+01
1.904437039165578227e+01,3.298066840951265277e+01,3.677748302052653173e+01,2.017763341060386395e+01,2.068062502712828277e+01,1.478222561098824706e+01,2.676303864960412326e+01,1.975073846142342404e+01,1.673453283604541397e+01,1.688606198792965785e+01,2.938332116239329395e+01,4.171359830228335852e+01,1.754263458726224201e+01,8.895589942779050574e+00,1.291177191687585157e+01,2.461342629682862793e+01,2.575649113645560107e+01,2.008706633225297367e+01,4.527365574626508504e+01,1.303309795769839674e+01,1.478222561098824706e+01,0.000000000000000000e+00,2.228048115316766342e+01,3.496423034703480681e+01,3.600948769649050973e+01,1.230672235421268113e+01,1.594272752230314794e+01,2.623606849529728891e+01,1.400414684928619202e+01,3.128310011763873888e+01,1.174368267650191378e+01,2.566749250305803898e+01,2.903823243355317629e+01,1.917553885682249160e+01,2.264761037979477010e+01,3.058889453015126847e+01,1.580281342464348349e+01,6.188649366783870676e+00,1.799763074788691242e+01,2.699663511552287076e+01,2.833362829224446600e+01,2.758660312157899241e+01,1.119598866259906700e+01,1.567077947152492889e+01,9.301620893536213686e+00,3.254360913028912705e+01,1.645025363402811536e+01,3.051073174555182632e+01,1.405328729870414506e+01
9.287855484591389654e+00,1.302937458590055897e+01,1.914850012508253840e+01,4.085330673563748149e+01,4.122143612179522876e+01,3.362247339683757019e+01,4.296388606937180299e+01,1.864299893095535054e+01,5.559743714236901724e+00,3.449197783211932489e+01,9.873709166019009942e+00,2.438500234532390110e+01,8.779751366327197104e+00,1.341244790097514539e+01,3.295554026706980721e+01,4.644586021741735848e+00,1.227862240256499149e+01,4.194227054648613517e+01,2.742687365417314993e+01,1.237847178277805504e+01,3.362247339683757019e+01,2.228048115316766342e+01,0.000000000000000000e+00,3.068225421363269945e+01,3.027659365740446518e+01,3.457744467812138112e+01,3.222574984498853468e+01,3.027584346082742428e+01,2.835366594771849691e+01,1.561093490394259753e+01,2.158828895068661780e+01,4.233388647637500668e+01,6.808801046318039951e+00,2.671003381673078536e+01,6.889588423829741792e+00,4.753358367126866568e+01,7.819075362751950031e+00,2.809617791597992564e+01,6.034015196699220596e+00,5.213152008176848540e+00,9.293129862142732733e+00,1.496390351705113453e+01,1.440935404425565203e+01,3.242246711801533365e+01,1.395250444379576216e+01,1.761367875015821483e+01,2.669136721070072582e+01,1.033239344081521160e+01,1.639143076846255198e+01
3.816656696096306689e+01,2.568349998830727898e+01,2.153552129492312872e+01,3.984376123705186501e+01,5.417617884185641230e+01,3.273184021540946986e+01,3.256270813061486535e+01,1.563039664955679875e+01,2.996874494193552607e+01,3.110609043386268624e+01,2.498692326558869325e+01,2.217142660517070496e+01,3.676002325037740093e+01,3.201044521223236927e+01,3.449551391773830744e+01,3.516926756221991468e+01,4.288850176677733117e+01,5.138044715664308626e+01,2.474081924645177821e+01,2.490934601019039718e+01,3.273184021540946986e+01,3.496423034703480681e+01,3.068225421363269945e+01,0.000000000000000000e+00,2.223897485694760867e+00,4.289380530878541720e+01,5.084636554173663114e+01,1.238378474255615380e+01,2.590068841685245715e+01,1.865929848592774576e+01,4.361744506664248888e+01,3.298731406513665831e+01,3.154922216408067825e+01,1.812141933189378307e+01,2.380713668339942757e+01,3.650954438093254595e+01,3.402566473168367622e+01,4.005118091715668527e+01,3.409826359889638070e+01,2.941183850548583578e+01,2.446183362177292153e+01,1.640237481454663282e+01,2.540086846526680375e+01,2.930499994008352260e+01,3.467358274933321383e+01,4.813572038876836245e+01,4.944131492468927291e+01,3.948442161786373816e+01,2.148984342833145433e+01
3.810172061152616863e+01,2.439975023027790257e+01,1.986299567204742900e+01,4.172340626493072335e+01,5.552864085056643262e+01,3.449740054746450113e+01,3.469518470305521163e+01,1.640237481454663637e+01,2.996874494193552607e+01,3.295885530058274071e+01,2.397684578946160272e+01,2.018650334385626621e+01,3.676002325037740093e+01,3.254671477850700967e+01,3.617509863281625826e+01,3.467358274933321383e+01,4.254114788810458236e+01,5.289814165806523505e+01,2.265377973866632999e+01,2.540086846526680375e+01,3.449740054746450113e+01,3.600948769649050973e+01,3.027659365740446518e+01,2.223897485694760867e+00,0.000000000000000000e+00,4.436741207876400495e+01,5.180991497137871704e+01,1.441391844175763559e+01,2.756571459169353133e+01,1.742578376271868379e+01,4.423668652190453088e+01,3.509399905983168821e+01,3.067491644426835862e+01,1.981616004557308131e+01,2.338796436106710175e+01,3.868017052431783753e+01,3.409826359889638070e+01,4.126755981877781920e+01,3.402566473168367622e+01,2.864515253984282950e+01,2.353443910309707832e+01,1.563039664955679697e+01,2.607343780512922748e+01,3.110609043386268624e+01,3.516926756221991468e+01,4.756726455294666778e+01,5.008730359913314345e+01,3.872558469764751266e+01,2.228078568548149363e+01
3.051061303558540416e+01,4.505990765883058913e+01,4.838340986552149303e+01,1.221658834917932879e+01,1.174245047295893407e+01,1.243908991961616017e+01,2.336821183576570959e+01,2.929051620307476611e+01,2.903820119348618078e+01,1.512461647745110760e+01,4.148189447740133318e+01,5.311407098656420800e+01,2.919666058787482044e+01,2.117070184751670325e+01,9.774163327365601006e+00,3.671946634211560223e+01,3.683120201577702346e+01,8.605318887197837441e+00,5.671059024200463483e+01,2.473483995292676596e+01,1.243908991961616017e+01,1.230672235421268113e+01,3.457744467812138112e+01,4.289380530878541720e+01,4.436741207876400495e+01,0.000000000000000000e+00,1.513278259981993834e+01,3.191989274030582990e+01,1.740516658906710390e+01,4.274687666614912018e+01,1.919973610646253803e+01,2.202115364737110781e+01,4.134372043526842333e+01,2.500668102902240975e+01,3.468970387263376409e+01,2.569805871474691017e+01,2.783191846301185635e+01,6.808701151742289071e+00,3.005335931357103618e+01,3.929625673411467801e+01,4.040991263238697684e+01,3.874116599867533495e+01,2.264724943473959229e+01,1.560740797411997960e+01,2.117069114501684624e+01,4.332623117894055298e+01,2.078850206746503915e+01,4.245024422361341010e+01,2.441590609474262763e+01
2.473154606859859683e+01,4.486887146912795998e+01,4.993797513960613088e+01,2.734851576617029068e+01,1.144619425512292921e+01,2.620164555333699141e+01,3.805116577303916614e+01,3.543593537523269532e+01,2.757357796079079293e+01,2.888738758499905046e+01,4.136568976636609563e+01,5.513994074482217655e+01,2.418550616125676100e+01,2.078981678173388303e+01,2.352479266898228616e+01,3.241567161720560364e+01,2.919617317871844620e+01,1.563424635047731037e+01,5.854817011841375773e+01,2.740142058428509841e+01,2.620164555333699141e+01,1.594272752230314794e+01,3.222574984498853468e+01,5.084636554173663114e+01,5.180991497137871704e+01,1.513278259981993834e+01,0.000000000000000000e+00,4.200765006753199060e+01,2.862942544665049383e+01,4.491487949507499167e+01,1.080465984117017797e+01,3.673899205126663503e+01,3.873127151675456048e+01,3.486790594802006638e+01,3.529612831291458264e+01,4.072538378700173212e+01,2.440839044102655819e+01,1.222367749475268717e+01,2.635685725687313763e+01,3.743814478082550323e+01,4.047432420005022635e+01,4.183631817698130106e+01,2.610742748071074359e+01,2.862942544665049383e+01,1.893079403066288435e+01,3.447041102826880632e+01,7.901106580589702943e+00,3.683030046672695335e+01,2.959222905985360441e+01
3.527187488351371059e+01,3.060210010411131876e+01,2.897490697380340663e+01,2.759493474888532916e+01,4.355070836787415089e+01,2.081493497580673946e+01,2.042801079043979939e+01,1.163574137623327687e+01,2.738080799314264979e+01,1.895120502656490658e+01,2.849866758413021373e+01,3.140161505313804113e+01,3.359761948085209582e+01,2.623606849529728891e+01,2.285092517768307729e+01,3.488704280058239249e+01,4.130451288792093578e+01,4.014131126151767859e+01,3.457791939769708023e+01,2.019192987030793773e+01,2.081493497580673946e+01,2.623606849529728891e+01,3.027584346082742428e+01,1.238378474255615380e+01,1.441391844175763559e+01,3.191989274030582990e+01,4.200765006753199060e+01,0.000000000000000000e+00,1.451814627121915180e+01,2.419609472250883897e+01,3.672512100683105984e+01,2.074341061420501831e+01,3.367154432997234181e+01,7.164076913264679547e+00,2.431881703233904091e+01,2.461413002054424126e+01,3.066179110659415485e+01,3.027628219806286936e+01,3.153646071074068047e+01,3.112623084511986349e+01,2.759493474888534337e+01,2.018427801168420643e+01,1.957001358591854512e+01,1.731472008541706487e+01,2.891859805211772994e+01,4.757020030338666317e+01,4.221415965610063381e+01,4.041365459249929870e+01,1.562330717290429227e+01
2.936527589021199702e+01,3.457768137993612356e+01,3.581591718699688442e+01,1.502065077304267859e+01,2.907088842000696616e+01,7.205434990096120096e+00,1.470833435626499508e+01,1.470942331404609860e+01,2.346193132069988607e+01,6.671692457084281713e+00,3.140102552112634626e+01,3.976623978897706024e+01,2.762249624217860955e+01,1.829197336891233050e+01,8.609961761106580624e+00,3.223486357528673807e+01,3.620714812844675379e+01,2.565752281494624398e+01,4.331557561348424201e+01,1.597598721918559939e+01,7.205434990096120096e+00,1.400414684928619202e+01,2.835366594771849691e+01,2.590068841685245715e+01,2.756571459169353133e+01,1.740516658906710390e+01,2.862942544665049383e+01,1.451814627121915180e+01,0.000000000000000000e+00,3.014577811228183535e+01,2.567798594231862808e+01,1.399787689895389242e+01,3.403320758365611454e+01,7.782024864834141020e+00,2.506096735040807388e+01,1.921017731661914851e+01,2.497290426561298560e+01,1.647007576012654795e+01,2.669585937825006283e+01,3.149658941003590940e+01,3.029885729543005723e+01,2.571929113818956480e+01,1.399583964273054626e+01,4.447794971389521734e+00,2.039425669963318555e+01,4.306432301836231602e+01,3.041278094026163714e+01,3.840814994919460190e+01,1.253055641093764727e+01
2.476996200806800630e+01,7.029753349829186426e+00,5.723989082539289619e+00,4.499540307952538853e+01,5.192021166712394376e+01,3.709591391743646227e+01,4.260362328893066319e+01,1.556728239986333229e+01,1.800192320314484462e+01,3.679514560936108580e+01,6.894542591346408678e+00,1.043049893685312668e+01,2.395004684729792288e+01,2.414487007254026096e+01,3.759166937651816909e+01,1.917088635241310612e+01,2.739592532738139141e+01,5.111612601466549677e+01,1.399869347928734875e+01,1.825000256996855086e+01,3.709591391743646227e+01,3.128310011763873888e+01,1.561093490394259753e+01,1.865929848592774576e+01,1.742578376271868379e+01,4.274687666614912018e+01,4.491487949507499167e+01,2.419609472250883897e+01,3.014577811228183535e+01,0.000000000000000000e+00,3.512806366953530812e+01,4.245101591024653231e+01,1.378495566794293126e+01,2.461394403170567813e+01,9.877858035197283115e+00,4.719552860354239954e+01,2.205040054471225375e+01,3.744882907597607158e+01,2.101686665372198703e+01,1.224469889936596090e+01,6.804284498547203519e+00,4.447794971389525287e+00,2.018039628468804025e+01,3.457773415876090439e+01,2.605960946043793314e+01,3.134412998366003933e+01,4.077571745236903666e+01,2.201321838132567166e+01,1.860539259924937738e+01
1.395162884169152484e+01,3.442633733429715903e+01,3.985056219864297589e+01,3.017008349337873696e+01,2.117061641174480613e+01,2.611408986581449554e+01,3.828676469480407718e+01,2.799857736966101385e+01,1.729555344333206079e+01,2.842060102918826914e+01,3.099883172432405232e+01,4.510691913538806119e+01,1.338380958319744884e+01,1.174368267650191733e+01,2.389560486663327765e+01,2.161101190928788185e+01,1.890312862840547226e+01,2.370374779084775696e+01,4.841742257098671587e+01,1.888499685159867170e+01,2.611408986581449554e+01,1.174368267650191378e+01,2.158828895068661780e+01,4.361744506664248888e+01,4.423668652190453088e+01,1.919973610646253803e+01,1.080465984117017797e+01,3.672512100683105984e+01,2.567798594231862808e+01,3.512806366953530812e+01,0.000000000000000000e+00,3.713263504684908156e+01,2.798316292222600765e+01,2.999751018809139325e+01,2.530296449664704994e+01,4.188639033399888234e+01,1.378678766929162514e+01,1.290671701520002834e+01,1.563580616833701598e+01,2.679544749451192942e+01,3.017008349337874407e+01,3.249515250315445769e+01,1.821852095946579198e+01,2.735657000681451834e+01,9.285224481597763813e+00,2.479963642861531170e+01,5.868148841226999757e+00,2.614555032316197369e+01,2.219846612925530849e+01
4.304347992885228535e+01,4.766394771796497309e+01,4.789128343324998127e+01,1.111364771907270210e+01,3.265344870345282402e+01,1.103177820548636667e+01,1.361863781325518996e+00,2.699754629552760932e+01,3.745240302140635436e+01,8.788815451080969510e+00,4.471216261620201493e+01,5.116776883134667031e+01,4.132466869943358745e+01,3.185768374081617438e+01,1.345192179710678104e+01,4.623015392772806109e+01,4.992850910629204009e+01,2.740587580060351058e+01,5.455353383430846037e+01,2.995663053523276176e+01,1.103177820548636667e+01,2.566749250305803898e+01,4.233388647637500668e+01,3.298731406513665831e+01,3.509399905983168821e+01,2.202115364737110781e+01,3.673899205126663503e+01,2.074341061420501831e+01,1.399787689895389242e+01,4.245101591024653231e+01,3.713263504684908156e+01,0.000000000000000000e+00,4.786635149229158515e+01,1.784321431320584139e+01,3.868482554161797538e+01,5.215600424126362711e+00,3.878369462468546658e+01,2.519850539251856603e+01,4.059064977947952002e+01,4.529956282727758321e+01,4.363453191338556536e+01,3.802626605225237455e+01,2.799371630216702656e+01,1.034009657568228135e+01,3.366371884870854103e+01,5.681452910260293976e+01,4.079136551577796865e+01,5.240543338970338283e+01,2.625302846262626133e+01
