0.000000000000000000e+00,4.134929734299642234e+01,3.014608192476695336e+01,4.088621281141414876e+00,3.718666039502345200e+01,4.678127445716683752e+01,3.135610824172914590e+01,4.399583503459319900e+01,1.128618806386498541e+01,3.621773970028545619e+01,4.565562185555521069e+01,3.580573067033202506e+01,3.839277357907224086e+01,5.724309183566156811e+00,3.599718631164419236e+01,1.568532987449741078e+01,4.593109887578478379e+01,2.058827782430734388e+01,6.905327421790839360e+00,4.657617714284214827e+01,4.907897867900400257e+01,8.795332112172534522e+00,2.240470005741684290e+01,3.270040422546419023e+01,3.332916305364468457e+01,3.835068430699602260e+01,4.650995367206894571e+01,4.688034727936130253e+01,4.296866593816691449e+01,5.233261569384975331e+01,4.049797673981389323e+01,7.824851706103942206e+00,5.794457477198962181e+01,3.067145335326597433e+01,3.019465981913531749e+01,4.102557119186474921e+01,4.308895346904011348e+01,2.033313032676466747e+01,5.025245769009920593e+01,1.783903243922626913e+01,3.265458053037151842e+01,1.052066138856429944e+01,4.887641489595122835e+01,4.333217304926377267e+01,2.325981770099165757e+01,4.408058322911762161e+01,2.473981818136741140e+01,5.596203747978876208e+01,4.279947036042891995e+01,1.292067340458554803e+01,1.742101343728437968e+01,2.863558560916838402e+01,4.392596634461150984e+01,3.189613749337689441e+01,4.033934864300270107e+01,1.921192825973698604e+01,5.121019940015535354e+01,3.313900292241730483e+01,3.487018297095131203e+01,3.707806088970061609e+01
4.134929734299642234e+01,0.000000000000000000e+00,2.278448288883780748e+01,4.338595722364559037e+01,2.328378877236616873e+01,1.915707313740263729e+01,2.264761037979476654e+01,8.786218678614378774e+00,4.579111538048040586e+01,3.319462090398745602e+01,1.110184380775429247e+01,4.529305799038414904e+01,1.893854109456906443e+01,3.723515993050200734e+01,1.365643063016337067e+01,4.480968614080659762e+01,4.651127736852590289e+00,2.891066731403190104e+01,4.399593718498920225e+01,1.303365547479365105e+01,1.228609366974478867e+01,4.048332109860487549e+01,1.967099980244636015e+01,1.801185027016990858e+01,4.544685454324694263e+01,1.463665089407840370e+01,9.517801674921530619e+00,1.800958345308826836e+01,1.756854895465605138e+00,2.677613604661662450e+01,7.026643138392144827e+00,3.791076999736159081e+01,2.219323952135159317e+01,3.193215762837955651e+01,1.230685154898010758e+01,1.756854895465605138e+00,3.614417994935012501e+01,2.672141927567050601e+01,2.112985386769825880e+01,3.449724337817914943e+01,3.913155791649575121e+01,4.223052608960785648e+01,1.822062265516010626e+01,3.529612831291458264e+01,2.963941350701842836e+01,2.955267031118849985e+01,1.722161891357307439e+01,1.762292974107097621e+01,1.345192179710678104e+01,2.882224697880652542e+01,2.809676016176481284e+01,2.897122326877195420e+01,1.008545580445514567e+01,1.111948742847380700e+01,2.669853052157466067e+01,2.216637040164187056e+01,1.564312149678496944e+01,1.957266219014166708e+01,5.077927766977185797e+01,5.051945422153577425e+01
3.014608192476695336e+01,2.278448288883780748e+01,0.000000000000000000e+00,3.005354154411143242e+01,3.743479283252792555e+01,1.754720855451812156e+01,3.325093814180231533e+01,1.934112214281383402e+01,3.934571766578976337e+01,4.411298844150872611e+01,3.296406802912836298e+01,5.212953168247228319e+01,3.490051255854821477e+01,2.450080709004385682e+01,9.886188997048142468e+00,4.118760922921464385e+01,2.567839222353807216e+01,3.113186764326508538e+01,2.919848942130118630e+01,1.981522294587214361e+01,3.490051255854821477e+01,2.480236325827888066e+01,2.041357629283564989e+01,3.028624896248781084e+01,5.097281590141081153e+01,3.161800910318341096e+01,3.200667273840544880e+01,1.801692029836479847e+01,2.441970304576095785e+01,2.223897485694761400e+01,2.731622565398148339e+01,2.339067158950997438e+01,4.492657930225806240e+01,4.015112120333562729e+01,2.116860100400257494e+01,2.380436045521639699e+01,4.960978884377147580e+01,2.859724183336393111e+01,4.218574758684263770e+01,3.449590805441394537e+01,4.640165038551932497e+01,3.658568047112584054e+01,3.951784220148800131e+01,4.914654859575551171e+01,8.792620216549703827e+00,4.552801827553837910e+01,1.277825853196694617e+01,4.036619461282418087e+01,1.550981579349358874e+01,2.278981643289627002e+01,2.756431079903897796e+01,3.664722975342310463e+01,3.148084321618387094e+01,2.223519868086061280e+01,4.165045081631755153e+01,1.812039458856193264e+01,2.421031623449536951e+01,3.194231076247135448e+01,5.511044014798531521e+01,5.607188623322954868e+01
4.088621281141414876e+00,4.338595722364559037e+01,3.005354154411143242e+01,0.000000000000000000e+00,4.082387734012846181e+01,4.719625699192391011e+01,3.496423034703480681e+01,4.530537450475701888e+01,1.452325679604770770e+01,4.022042309189443898e+01,4.843506061615632774e+01,3.984981949180846783e+01,4.179277466089141768e+01,6.192040750149369721e+00,3.683847394250175711e+01,1.934172843502115668e+01,4.788909393324718877e+01,2.442240932470298986e+01,2.944609962497125810e+00,4.758172724090855610e+01,5.178201520736972441e+01,6.192337845475988090e+00,2.510066672909545105e+01,3.602072411217331904e+01,3.734400031602777403e+01,4.148712153455431917e+01,4.912822057622287275e+01,4.741207689899259492e+01,4.505558485155908244e+01,5.227936274754159029e+01,4.309460678370634668e+01,6.671692457084281713e+00,6.089292427530764229e+01,3.467358274933321383e+01,3.275928000917801342e+01,4.320644587823693428e+01,4.709706123324576765e+01,2.397684578946160272e+01,5.352178849330222477e+01,2.190168996890862374e+01,3.674320181151293241e+01,1.433055498016858920e+01,5.201891881882263391e+01,4.731968392669522672e+01,2.240549710478358492e+01,4.789021089023119515e+01,2.637433507404755773e+01,5.863196571480990826e+01,4.363721684144254453e+01,1.582689951250660521e+01,2.104026261835523215e+01,3.254671477850700967e+01,4.668936480308928338e+01,3.449551391773830744e+01,4.409452382030924156e+01,2.153552129492313227e+01,5.223310428188904808e+01,3.657164741142320707e+01,3.872558469764751266e+01,4.099683358545765799e+01
3.718666039502345200e+01,2.328378877236616873e+01,3.743479283252792555e+01,4.082387734012846181e+01,0.000000000000000000e+00,4.161264415949653284e+01,5.873073878057217811e+00,3.185125635911359154e+01,3.540387141874844446e+01,1.036977433459209230e+01,1.689916445544623969e+01,2.350844576252368867e+01,4.650688740309338876e+00,3.614946416267856932e+01,3.250634141623044826e+01,3.188213371195135082e+01,2.636172508478567522e+01,1.688068062011813453e+01,4.284928571853328805e+01,3.615687513161829258e+01,2.006114024249270145e+01,4.132157506545019032e+01,1.903677957197418280e+01,7.149755514240120569e+00,2.446287234264237398e+01,8.786545127079474327e+00,1.933769833467708210e+01,4.064390888497489840e+01,2.345801011721994556e+01,4.939600105331376767e+01,1.659681774396934983e+01,3.838887703532827089e+01,2.473187456414383689e+01,1.144674663178293805e+01,1.637543528617140964e+01,2.159168817398589013e+01,1.301914843675700695e+01,1.685907681039937955e+01,1.497206280365185549e+01,2.158665518061487631e+01,1.779117988555809404e+01,3.207994494651551776e+01,1.501874706448061758e+01,1.228624336066620160e+01,3.971960995760215241e+01,8.224136216029135582e+00,2.510524622560906849e+01,2.571872591636036987e+01,3.558542862913066784e+01,2.568944740958309225e+01,1.978812183281869252e+01,1.042491233441847065e+01,1.609219022563506840e+01,1.566498062505651490e+01,4.224040986769317385e+00,2.314707962336152036e+01,3.890104817475830146e+01,5.548306656715942253e+00,3.002261605687927570e+01,2.903804528112538108e+01
4.678127445716683752e+01,1.915707313740263729e+01,1.754720855451812156e+01,4.719625699192391011e+01,4.161264415949653284e+01,0.000000000000000000e+00,3.961456756258231593e+01,1.051852899742311287e+01,5.475716280679124992e+01,5.079787164874893790e+01,2.983468623323280156e+01,6.162037723557949676e+01,3.761294458502158733e+01,4.134466395351912382e+01,1.144833789913021427e+01,5.556368981269231710e+01,1.854836003937144895e+01,4.220745643697716787e+01,4.657738377442947098e+01,6.899511550009640004e+00,2.992378648389202311e+01,4.223371304034120755e+01,3.089468989987294734e+01,3.531844565627857691e+01,6.119248487261184977e+01,3.338764800966574597e+01,2.772245728170166501e+01,1.362200099443085399e+00,1.980561613311301272e+01,7.785790050584449062e+00,2.613637466342216342e+01,4.060587926523482594e+01,3.848203776433798140e+01,4.840365441298103377e+01,2.681084746689444742e+01,2.089913660068620516e+01,5.463054691802830831e+01,3.963233296846239995e+01,3.988412233385516004e+01,4.693120017596955762e+01,5.546934289547786534e+01,5.160089847901140558e+01,3.694967549353233238e+01,5.386702002257653987e+01,2.625730300748348256e+01,4.849034909367763646e+01,2.397799127280051223e+01,3.281653357488278289e+01,6.039789634412800368e+00,3.709650535876625810e+01,3.974251554183512525e+01,4.504737423724262868e+01,2.909346538587532294e+01,2.670568952626681991e+01,4.536165035402119372e+01,3.078513122468023511e+01,8.825410439820958075e+00,3.705025765230168133e+01,6.609778633417585070e+01,6.640108240067672796e+01
3.135610824172914590e+01,2.264761037979476654e+01,3.325093814180231533e+01,3.496423034703480681e+01,5.873073878057217811e+00,3.961456756258231593e+01,0.000000000000000000e+00,3.059488556789887781e+01,3.013339017412565468e+01,1.127165254416136264e+01,1.909756274394824871e+01,2.264544795699345059e+01,7.818814558437647833e+00,3.028292502279267850e+01,2.957233975559504913e+01,2.702321024377667058e+01,2.646299520571672304e+01,1.127599635590523519e+01,3.697665976485012607e+01,3.484398221461622569e+01,2.260960821299805801e+01,3.547488585991698073e+01,1.378165370856389771e+01,4.650883554361390892e+00,2.289365150949465288e+01,1.009941655913267766e+01,2.117070184751669970e+01,3.878708898161678320e+01,2.325490581341758656e+01,4.736180416213306898e+01,1.689937897777305764e+01,3.254671477850700967e+01,2.895869978037580239e+01,9.301620893536213686e+00,1.302851982239357298e+01,2.113816368278505209e+01,1.636371873763176765e+01,1.102368171258710738e+01,1.979474125412627572e+01,1.639075133421564701e+01,1.648901325329485346e+01,2.670859307134960758e+01,1.920031328744791210e+01,1.594272752230315149e+01,3.468181333886310824e+01,1.362979271382533497e+01,2.057524339471840236e+01,2.896953287415839995e+01,3.359558860844814632e+01,1.984102619802278866e+01,1.394035643189419282e+01,6.671692457084289707e+00,1.784302289442180012e+01,1.291177191687585157e+01,9.575578772632914237e+00,1.771953869829647488e+01,3.813997778653467918e+01,3.335846228542140857e+00,2.832518368784494811e+01,2.790427860772736679e+01
4.399583503459319900e+01,8.786218678614378774e+00,1.934112214281383402e+01,4.530537450475701888e+01,3.185125635911359154e+01,1.051852899742311287e+01,3.059488556789887781e+01,0.000000000000000000e+00,5.020408819932651312e+01,4.150298118500989375e+01,1.931778737398221324e+01,5.310788353164273445e+01,2.762410839652576300e+01,3.914029330061642042e+01,9.531811701099330847e+00,5.005619992694929721e+01,8.239013875958089983e+00,3.513539703715088081e+01,4.534769488604181475e+01,4.305828586543911207e+00,1.955174986115783042e+01,4.135472197459413479e+01,2.450070429133411309e+01,2.606924930802097862e+01,5.300753626996095136e+01,2.333623584959594766e+01,1.724221280126170797e+01,9.301957271168880936e+00,9.296655299032440922e+00,1.801726409515186944e+01,1.581286167340939919e+01,3.915707287571354556e+01,2.856807096596646645e+01,3.973280968643245359e+01,1.860519648214818389e+01,1.054307355012879377e+01,4.479992073848511325e+01,3.270267405076324252e+01,2.937465423124276853e+01,4.039852154631410031e+01,4.691988211947095522e+01,4.678113745528288803e+01,2.643996544489144895e+01,4.397821651429348577e+01,2.764677331001355043e+01,3.832714080471679807e+01,1.933928592942512736e+01,2.314140533312981773e+01,5.445775608602445139e+00,3.250411272392202022e+01,3.346932391923100880e+01,3.656022900762610561e+01,1.858802497701324086e+01,1.801342943507443906e+01,3.539763291150350000e+01,2.571932664964289117e+01,7.901766534922897378e+00,2.773317457496787242e+01,5.817850852794325078e+01,5.816375973291332713e+01
1.128618806386498541e+01,4.579111538048040586e+01,3.934571766578976337e+01,1.452325679604770770e+01,3.540387141874844446e+01,5.475716280679124992e+01,3.013339017412565468e+01,5.020408819932651312e+01,0.000000000000000000e+00,3.133867514151048184e+01,4.752990343937545248e+01,2.728952176816061126e+01,3.789511563034854902e+01,1.640029906974889684e+01,4.345144205574624863e+01,5.445104299175553386e+00,5.043545367283591929e+01,1.899680284557827648e+01,1.742896816293208673e+01,5.339090272152550654e+01,5.111869672668508002e+01,2.006697116562661165e+01,2.614805221013051906e+01,3.294831313608608525e+01,2.450712279903909163e+01,3.910453210306312144e+01,4.893531889855632500e+01,5.463845260841828377e+01,4.720641201649635121e+01,6.102624280146216051e+01,4.323185299107769453e+01,1.895512038395774113e+01,5.880882748495206869e+01,2.612744653402854311e+01,3.362446499441357162e+01,4.506236272540569132e+01,3.786003891153137602e+01,2.018150371576457758e+01,4.992610246347570069e+01,1.381730223500384724e+01,2.568944740958308870e+01,3.603002636315661533e+00,4.917227043297617683e+01,3.836289713500514154e+01,3.355584726531597539e+01,4.078212623684059679e+01,3.113456479972665747e+01,5.793149551433381106e+01,5.005621818430198289e+01,1.779117988555808694e+01,1.801437920736201903e+01,2.531703619965418284e+01,4.592439552298008465e+01,3.509024427222698961e+01,3.760227405459953332e+01,2.450073225822518452e+01,5.788541142389895100e+01,3.278626624508004284e+01,2.488263486827670690e+01,2.740255733263797921e+01
3.621773970028545619e+01,3.319462090398745602e+01,4.411298844150872611e+01,4.022042309189443898e+01,1.036977433459209230e+01,5.079787164874893790e+01,1.127165254416136264e+01,4.150298118500989375e+01,3.133867514151048184e+01,0.000000000000000000e+00,2.723447222546960944e+01,1.334338491416856343e+01,1.501888250753862053e+01,3.680141310578616753e+01,4.084254725346148973e+01,2.674998325113576669e+01,3.655571967000211941e+01,1.631122841532202372e+01,4.271095985666114103e+01,4.579165209867224462e+01,3.029798071717613794e+01,4.224524034328936040e+01,2.394519060611669303e+01,1.549469222274189484e+01,1.470843500654346414e+01,1.904407331947331627e+01,2.969810316198361022e+01,4.993332649709958559e+01,3.353939637862735168e+01,5.856339946847798217e+01,2.676978257047125709e+01,3.947573676789885155e+01,3.379779410885350899e+01,5.547001310253142137e+00,2.429982700667829931e+01,3.156425808955146550e+01,6.879724286470874972e+00,1.781096743777273517e+01,2.370366207896452337e+01,1.852553889123115383e+01,8.244177311007380382e+00,2.858619150867719583e+01,2.450054678521719254e+01,7.144221180647809533e+00,4.459452077072992182e+01,1.042283075784316182e+01,3.133867514151048539e+01,3.558235977111618809e+01,4.476503756628979858e+01,2.728952176816061126e+01,2.042308683727698693e+01,8.228092777414790504e+00,2.646171045930326216e+01,2.413674075216236403e+01,8.998677122348105684e+00,2.732569916008986510e+01,4.883106606478375511e+01,1.378796871983007932e+01,2.019863142352206609e+01,1.890312862840547226e+01
4.565562185555521069e+01,1.110184380775429247e+01,3.296406802912836298e+01,4.843506061615632774e+01,1.689916445544623969e+01,2.983468623323280156e+01,1.909756274394824871e+01,1.931778737398221324e+01,4.752990343937545248e+01,2.723447222546960944e+01,0.000000000000000000e+00,4.039735241619408868e+01,1.230668554345054844e+01,4.260869570998126932e+01,2.451313904652068487e+01,4.529594468846987354e+01,1.162229680718006186e+01,2.881820431212774736e+01,4.963381204947202008e+01,2.323613616040086072e+01,3.601992269945796021e+00,4.676061352310363617e+01,2.333483291196659337e+01,1.501942510291713262e+01,4.123175580762659820e+01,8.998802784920513886e+00,2.606271505177645054e+00,2.859768061751648816e+01,1.008435287426770799e+01,3.719372235528157233e+01,5.874308287841261134e+00,4.393762185909544371e+01,1.275087531793479201e+01,2.779871857118451928e+01,1.580820268195612144e+01,9.581374266721473631e+00,2.834589502997806321e+01,2.735288951357630438e+01,1.007664800320403664e+01,3.449037658740342494e+01,3.457736606854319916e+01,4.394202750470832797e+01,7.147381258707675933e+00,2.734685383637651412e+01,3.873417513420848479e+01,2.084704830070410608e+01,2.444033125644677540e+01,1.042421766653507120e+01,2.440079740094063965e+01,3.274322700201187075e+01,2.962810786333970015e+01,2.571886670076676040e+01,1.755950209584926203e+00,1.405121832208739718e+01,1.904377642566549866e+01,2.707029930963062370e+01,2.459506952271845037e+01,1.580281342464347993e+01,4.678084586274705714e+01,4.591265223035293275e+01
3.580573067033202506e+01,4.529305799038414904e+01,5.212953168247228319e+01,3.984981949180846783e+01,2.350844576252368867e+01,6.162037723557949676e+01,2.264544795699345059e+01,5.310788353164273445e+01,2.728952176816061126e+01,1.334338491416856343e+01,4.039735241619408868e+01,0.000000000000000000e+00,2.809588786352035328e+01,3.838021999973211251e+01,5.087256226248898372e+01,2.186703095177369960e+01,4.903668184530584284e+01,2.107372993526465876e+01,4.271095985666114103e+01,5.730487072123022330e+01,4.355709128099022109e+01,4.362748688965926647e+01,3.191374242520629423e+01,2.728642391042118831e+01,2.935612238149847286e+00,3.186709544570334529e+01,4.279667716751711737e+01,6.090963980913283393e+01,4.587094586734416879e+01,6.924370357457250691e+01,3.933830478536231112e+01,4.131229107874344919e+01,4.701666100894895806e+01,1.338434997832671769e+01,3.483736953246192769e+01,4.377449387192727670e+01,1.597031143675023301e+01,2.355048029997723447e+01,3.691978115195452403e+01,1.930983975520757312e+01,6.188064267123607465e+00,2.586114352004535633e+01,3.783064574244496470e+01,1.698335825354431350e+01,5.052210769391279399e+01,2.289270371241714841e+01,3.969381517126647907e+01,4.892574468528474796e+01,5.569433036026720885e+01,3.133867514151048184e+01,2.499645409036839183e+01,1.659583537766880923e+01,3.950667544996704805e+01,3.514850349140326102e+01,2.228041005480257297e+01,3.409009118271191596e+01,6.074654805105766542e+01,2.578560071046324964e+01,7.203670553819808475e+00,5.559743714236908829e+00
3.839277357907224086e+01,1.893854109456906443e+01,3.490051255854821477e+01,4.179277466089141768e+01,4.650688740309338876e+00,3.761294458502158733e+01,7.818814558437647833e+00,2.762410839652576300e+01,3.789511563034854902e+01,1.501888250753862053e+01,1.230668554345054844e+01,2.809588786352035328e+01,0.000000000000000000e+00,3.667125489789204806e+01,2.908781234419445383e+01,3.484067297274707897e+01,2.180835713524356834e+01,1.893854109456906798e+01,4.357531114749083656e+01,3.191920972414244417e+01,1.556728239986332873e+01,4.160112090661424844e+01,1.822903997479411586e+01,5.873690925178667754e+00,2.894257608082519084e+01,4.302869833134275623e+00,1.470861957751563587e+01,3.658893792213371654e+01,1.898990390479585955e+01,4.537420171660205881e+01,1.209691875656712945e+01,3.865752569015759121e+01,2.115932655779221605e+01,1.562647623648290995e+01,1.377670691770655331e+01,1.721400853851153201e+01,1.720727631096592347e+01,1.828824661586256539e+01,1.206431786093419589e+01,2.419618266683284347e+01,2.228044048800808952e+01,3.443477893527083467e+01,1.138755413395705673e+01,1.636008764913476909e+01,3.811110742519516492e+01,1.101360879118399261e+01,2.314991887124923764e+01,2.151653766444463400e+01,3.162456914499514937e+01,2.615894387301991131e+01,2.107838134780926609e+01,1.395235828901274289e+01,1.144682573521607871e+01,1.268225286435741950e+01,7.774079288088705297e+00,2.246065597034787586e+01,3.448103012320149929e+01,5.267850692436151228e+00,3.449717759628340019e+01,3.360650482700447128e+01
5.724309183566156811e+00,3.723515993050200734e+01,2.450080709004385682e+01,6.192040750149369721e+00,3.614946416267856932e+01,4.134466395351912382e+01,3.028292502279267850e+01,3.914029330061642042e+01,1.640029906974889684e+01,3.680141310578616753e+01,4.260869570998126932e+01,3.838021999973211251e+01,3.667125489789204806e+01,0.000000000000000000e+00,3.078568938383567399e+01,2.006144276262217119e+01,4.172059990216354208e+01,2.054365424671481222e+01,7.036527003304094308e+00,4.148682157736060105e+01,4.589577126408936891e+01,5.452506961087696169e+00,1.933968964496092013e+01,3.082214249794304095e+01,3.614946416267856932e+01,3.601458936931070554e+01,4.319500492569954275e+01,4.150148326196344328e+01,3.891454438852743891e+01,4.672172895628946776e+01,3.716263720700591477e+01,2.943985137570076738e+00,5.517307153055973856e+01,3.131949385877530290e+01,2.684604258456808878e+01,3.709260848489961404e+01,4.365107665856685060e+01,1.957459094382098286e+01,4.815996288336351938e+01,1.935225052987066263e+01,3.446863035578400059e+01,1.479506358307088121e+01,4.651032448552711429e+01,4.375010289701179289e+01,1.754783700838028437e+01,4.360741331364543072e+01,2.018539002174176744e+01,5.271348379991613342e+01,3.759363974031771249e+01,1.052172840920460217e+01,1.667836964277688594e+01,2.877555538043101180e+01,4.085604091762622403e+01,2.859544250328926651e+01,3.968210680584341787e+01,1.556875321131361112e+01,4.613625119345472569e+01,3.154283814686678866e+01,3.838882402673939964e+01,4.034346338711911528e+01
3.599718631164419236e+01,1.365643063016337067e+01,9.886188997048142468e+00,3.683847394250175711e+01,3.250634141623044826e+01,1.144833789913021427e+01,2.957233975559504913e+01,9.531811701099330847e+00,4.345144205574624863e+01,4.084254725346148973e+01,2.451313904652068487e+01,5.087256226248898372e+01,2.908781234419445383e+01,3.078568938383567399e+01,0.000000000000000000e+00,4.412864272718461933e+01,1.597027790205584807e+01,3.095206651824177513e+01,3.658720404745911026e+01,1.080919835058159961e+01,2.594225560799001329e+01,3.243103048704124092e+01,1.957685241408504950e+01,2.566948966635069951e+01,5.025476176693851471e+01,2.520111673884812475e+01,2.315560157602176261e+01,1.120259485858285764e+01,1.513554578228932179e+01,1.857478759580656913e+01,1.934068425814179193e+01,3.044331650911027154e+01,3.578855202586183992e+01,3.788778484485428066e+01,1.654458911652630348e+01,1.497127336270688147e+01,4.538638639519170681e+01,2.835757221479838108e+01,3.428609559732046108e+01,3.553684615171381012e+01,4.479107586818382458e+01,4.023805695044006825e+01,3.145787017577313804e+01,4.474161217142057012e+01,1.812347054292511217e+01,4.009037263336256274e+01,1.253099386784845315e+01,3.091811737930673232e+01,6.809269652525266281e+00,2.571943331525332965e+01,2.833717430477967980e+01,3.443985540494842468e+01,2.323555840447182774e+01,1.689415573782999047e+01,3.654857039444033262e+01,1.933949871066851145e+01,1.544734471607598181e+01,2.742474626965727325e+01,5.501177358505442783e+01,5.546537157366897475e+01
1.568532987449741078e+01,4.480968614080659762e+01,4.118760922921464385e+01,1.934172843502115668e+01,3.188213371195135082e+01,5.556368981269231710e+01,2.702321024377667058e+01,5.005619992694929721e+01,5.445104299175553386e+00,2.674998325113576669e+01,4.529594468846987354e+01,2.186703095177369960e+01,3.484067297274707897e+01,2.006144276262217119e+01,4.412864272718461933e+01,0.000000000000000000e+00,4.939639652344684606e+01,1.649121713527830124e+01,2.228541104748722645e+01,5.352952766975673882e+01,4.889738090727585984e+01,2.440397398156815001e+01,2.557482108548975575e+01,3.037478647365145079e+01,1.906922668800844178e+01,3.655947633119200901e+01,4.692649906305496899e+01,5.531277074201207000e+01,4.609462374060586143e+01,6.222970324407355491e+01,4.148294675513985652e+01,2.285769147706063364e+01,5.597119233556838935e+01,2.180078775303971739e+01,3.250385998864535253e+01,4.389630436281449022e+01,3.305896297360838076e+01,1.825347529185432194e+01,4.670864364111501743e+01,1.080805759858630388e+01,2.056657596201193527e+01,5.272899309217842223e+00,4.622304937734042340e+01,3.363367900035210312e+01,3.631618785093198198e+01,3.657154634012537997e+01,3.160712397699731113e+01,5.558333578365187577e+01,5.049854740953347942e+01,1.860578519034299561e+01,1.673465514399088505e+01,2.152173344384378595e+01,4.377763107755612992e+01,3.379951134755775399e+01,3.365396155408032541e+01,2.480136529139249646e+01,5.788537985766935634e+01,2.995282862746920571e+01,1.954947202815082363e+01,2.200793476633889867e+01
4.593109887578478379e+01,4.651127736852590289e+00,2.567839222353807216e+01,4.788909393324718877e+01,2.636172508478567522e+01,1.854836003937144895e+01,2.646299520571672304e+01,8.239013875958089983e+00,5.043545367283591929e+01,3.655571967000211941e+01,1.162229680718006186e+01,4.903668184530584284e+01,2.180835713524356834e+01,4.172059990216354208e+01,1.597027790205584807e+01,4.939639652344684606e+01,0.000000000000000000e+00,3.338618150020881359e+01,4.841686101029900158e+01,1.175975878132595476e+01,1.137558961358774390e+01,4.480941271945891913e+01,2.432161856158808888e+01,2.181592985483127478e+01,4.935416901242889054e+01,1.757518010862290225e+01,9.291369901201731452e+00,1.725362602284225844e+01,3.335846228542140857e+00,2.567839222353807216e+01,9.786435438688693367e+00,4.229541198529298640e+01,2.038278872271440889e+01,3.575997118693005916e+01,1.689964787174713834e+01,5.559743714236901724e+00,3.889059956051492151e+01,3.125319938735001557e+01,2.149663460598827314e+01,3.901317860555479200e+01,4.292257675957790752e+01,4.687161068049141477e+01,1.857747070395661027e+01,3.797370437280633126e+01,3.315278892225662588e+01,3.184164253563611169e+01,2.159936517343497897e+01,1.511553355230226536e+01,1.365475957900814485e+01,3.345695173567800396e+01,3.270245110539045186e+01,3.295536795962663490e+01,1.127527138754155445e+01,1.562659241274617017e+01,2.940107175901435710e+01,2.677575712729468549e+01,1.303279835326380720e+01,2.325490581341758656e+01,5.475773600108880146e+01,5.435814124294621053e+01
2.058827782430734388e+01,2.891066731403190104e+01,3.113186764326508538e+01,2.442240932470298986e+01,1.688068062011813453e+01,4.220745643697716787e+01,1.127599635590523519e+01,3.513539703715088081e+01,1.899680284557827648e+01,1.631122841532202372e+01,2.881820431212774736e+01,2.107372993526465876e+01,1.893854109456906798e+01,2.054365424671481222e+01,3.095206651824177513e+01,1.649121713527830124e+01,3.338618150020881359e+01,0.000000000000000000e+00,2.672170732094571122e+01,3.898791790252099787e+01,3.242019652244274397e+01,2.597082751725958971e+01,1.139169837338189950e+01,1.399421414214293513e+01,1.984346791238316499e+01,2.017708181188315208e+01,3.043707005061051518e+01,4.169917293953541559e+01,3.005341218590307051e+01,4.952685323157146513e+01,2.506038620889975022e+01,2.317553530990785760e+01,3.981889006982048329e+01,1.093351022826670871e+01,1.673461429933479749e+01,2.783197555540965595e+01,2.312724410771427230e+01,2.606968404566740727e+00,3.099718708634299702e+01,5.723750029790480198e+00,1.566498062505651490e+01,1.550331207899302655e+01,3.017681780915000544e+01,2.320729863723833120e+01,2.963941350701843191e+01,2.349230769368211824e+01,1.899680284557828003e+01,3.914282181062009158e+01,3.658213616405247137e+01,1.111233355616883500e+01,4.230320010889851545e+00,8.234042354508163797e+00,2.728845950723401614e+01,1.779117988555809404e+01,1.978230851706361548e+01,1.303365547479365638e+01,4.303563940385930664e+01,1.379152000908897513e+01,2.419524477725654421e+01,2.496766797998666121e+01
6.905327421790839360e+00,4.399593718498920225e+01,2.919848942130118630e+01,2.944609962497125810e+00,4.284928571853328805e+01,4.657738377442947098e+01,3.697665976485012607e+01,4.534769488604181475e+01,1.742896816293208673e+01,4.271095985666114103e+01,4.963381204947202008e+01,4.271095985666114103e+01,4.357531114749083656e+01,7.036527003304094308e+00,3.658720404745911026e+01,2.228541104748722645e+01,4.841686101029900158e+01,2.672170732094571122e+01,0.000000000000000000e+00,4.738767865574791216e+01,5.290490323677669693e+01,4.447794971389521734e+00,2.637621611674739341e+01,3.774869926035911050e+01,4.022995905299685404e+01,4.302456694042898988e+01,5.018750406266668307e+01,4.687535990084032989e+01,4.569738962675656779e+01,5.131287357147765249e+01,4.415882358825505349e+01,6.192337845475988090e+00,6.220873243206635550e+01,3.717040546836189208e+01,3.385638538527963703e+01,4.393163299764140106e+01,4.959059481325689234e+01,2.607912419586181585e+01,5.514899844817071539e+01,2.454028582555291749e+01,3.948545257538844311e+01,1.726889770068230945e+01,5.353050615038270621e+01,4.977723921666829199e+01,2.112702611410023223e+01,5.009843693582232760e+01,2.681807997382319897e+01,5.970862200167490386e+01,4.333989342297931557e+01,1.742896816293208673e+01,2.314212257162848374e+01,3.491277368756458088e+01,4.788025556333683852e+01,3.560857038911819927e+01,4.624385629210519966e+01,2.257530418279516127e+01,5.203268979342738731e+01,3.840368182805022457e+01,4.166425873628608656e+01,4.392405539620069987e+01
4.657617714284214827e+01,1.303365547479365105e+01,1.981522294587214361e+01,4.758172724090855610e+01,3.615687513161829258e+01,6.899511550009640004e+00,3.484398221461622569e+01,4.305828586543911207e+00,5.339090272152550654e+01,4.579165209867224462e+01,2.323613616040086072e+01,5.730487072123022330e+01,3.191920972414244417e+01,4.148682157736060105e+01,1.080919835058159961e+01,5.352952766975673882e+01,1.175975878132595476e+01,3.898791790252099787e+01,4.738767865574791216e+01,0.000000000000000000e+00,2.311180189382906036e+01,4.324022856481666111e+01,2.809705235900360520e+01,3.034115521945049210e+01,5.714739495311848572e+01,2.762733540608806493e+01,2.101898807967027238e+01,5.559454813729172606e+00,1.338260500861953339e+01,1.395758787611379148e+01,2.005042226065266320e+01,4.123358684572514932e+01,3.158372465036323007e+01,4.394202750470832797e+01,2.265014307459207643e+01,1.478715243147795633e+01,4.910153307783463816e+01,3.650728798137114239e+01,3.322110420684241916e+01,4.412808390463539610e+01,5.111741099057756799e+01,5.003769342813212972e+01,3.029251444416416561e+01,4.827621153484288641e+01,2.850560840592771683e+01,4.258609476372629388e+01,2.228061400915080270e+01,2.593275986439822844e+01,4.306253188018906997e+00,3.560839907687463324e+01,3.709601233967661216e+01,4.073349848701490572e+01,2.263347896979944096e+01,2.216637040164187411e+01,3.969152547994175251e+01,2.891066731403189749e+01,4.651470837976968475e+00,3.201451710621841329e+01,6.227244658156644874e+01,6.231786871865923416e+01
4.907897867900400257e+01,1.228609366974478867e+01,3.490051255854821477e+01,5.178201520736972441e+01,2.006114024249270145e+01,2.992378648389202311e+01,2.260960821299805801e+01,1.955174986115783042e+01,5.111869672668508002e+01,3.029798071717613794e+01,3.601992269945796021e+00,4.355709128099022109e+01,1.556728239986332873e+01,4.589577126408936891e+01,2.594225560799001329e+01,4.889738090727585984e+01,1.137558961358774390e+01,3.242019652244274397e+01,5.290490323677669693e+01,2.311180189382906036e+01,0.000000000000000000e+00,4.992288197636607805e+01,2.670427569645658394e+01,1.860324183517306906e+01,4.449869701916579601e+01,1.252975855926691295e+01,2.936536862894459254e+00,2.862603317694243188e+01,1.087548477063374541e+01,3.696508322262735646e+01,8.780396518761152791e+00,4.713199694938118967e+01,1.007554953824988253e+01,3.116420388074511294e+01,1.904987806882672530e+01,1.110053552866554227e+01,3.088480405663763051e+01,3.094544696186214949e+01,1.053222318703413940e+01,3.809141977336433627e+01,3.783066366613058307e+01,4.752867814439845517e+01,7.774079288088707962e+00,2.984649378527043595e+01,4.116790971730117832e+01,2.316765117276936436e+01,2.726974486265611475e+01,6.893541238549905081e+00,2.488559686921049874e+01,3.615869284056906707e+01,3.319757406526333199e+01,2.919673038886295657e+01,5.212456124317604633e+00,1.730085831593702750e+01,2.181460040971106196e+01,3.033020852015692626e+01,2.378614544162871169e+01,1.933780372222667054e+01,5.005613637966337848e+01,4.909519990436193382e+01
8.795332112172534522e+00,4.048332109860487549e+01,2.480236325827888066e+01,6.192337845475988090e+00,4.132157506545019032e+01,4.223371304034120755e+01,3.547488585991698073e+01,4.135472197459413479e+01,2.006697116562661165e+01,4.224524034328936040e+01,4.676061352310363617e+01,4.362748688965926647e+01,4.160112090661424844e+01,5.452506961087696169e+00,3.243103048704124092e+01,2.440397398156815001e+01,4.480941271945891913e+01,2.597082751725958971e+01,4.447794971389521734e+00,4.324022856481666111e+01,4.992288197636607805e+01,0.000000000000000000e+00,2.381419862053935432e+01,3.572943737372101936e+01,4.132157506545018322e+01,4.066060205329325328e+01,4.713854433929218857e+01,4.256210995400380881e+01,4.220920251595698858e+01,4.688056774183794317e+01,4.114394559714585853e+01,2.944609962497125810e+00,5.944423797961093925e+01,3.676907290809968742e+01,3.095670315675033635e+01,4.053562157264206434e+01,4.908940714312841180e+01,2.491529808171340221e+01,5.285949326745728172e+01,2.474099974644501643e+01,3.985944411610034877e+01,1.916911339037211448e+01,5.107188705460595912e+01,4.917748370657923118e+01,1.667923114271071228e+01,4.889944890044732517e+01,2.326292097984936191e+01,5.664828063942960057e+01,3.914263608948230200e+01,1.563394674744501600e+01,2.204769005704411100e+01,3.419714266265980740e+01,4.500499962625215034e+01,3.271301704339736460e+01,4.494215130720569107e+01,1.977238170531363082e+01,4.787442244958332083e+01,3.655629381101822872e+01,4.329423306627358414e+01,4.536420795238659309e+01
2.240470005741684290e+01,1.967099980244636015e+01,2.041357629283564989e+01,2.510066672909545105e+01,1.903677957197418280e+01,3.089468989987294734e+01,1.378165370856389771e+01,2.450070429133411309e+01,2.614805221013051906e+01,2.394519060611669303e+01,2.333483291196659337e+01,3.191374242520629423e+01,1.822903997479411586e+01,1.933968964496092013e+01,1.957685241408504950e+01,2.557482108548975575e+01,2.432161856158808888e+01,1.139169837338189950e+01,2.637621611674739341e+01,2.809705235900360520e+01,2.670427569645658394e+01,2.381419862053935432e+01,0.000000000000000000e+00,1.244205043981415670e+01,3.099727568229748087e+01,1.686396673064731999e+01,2.410677447327095990e+01,3.044110453920176340e+01,2.113950847747320338e+01,3.814859502928138824e+01,1.809359704195036400e+01,2.090838083632540645e+01,3.583729218871012279e+01,1.974742201375703132e+01,7.821429457072728297e+00,1.904735094999329093e+01,2.989698650045705008e+01,8.789103983872497139e+00,2.907088842000696616e+01,1.609358753749903670e+01,2.605619040059809777e+01,2.261078503176347709e+01,2.726011144817198684e+01,2.958518804583998119e+01,2.091150174504241122e+01,2.720812945540800953e+01,7.782024864834141020e+00,3.357518125302915735e+01,2.539221632937109163e+01,9.499170024700779535e+00,8.999080603395089639e+00,1.625176234584930413e+01,2.159047440146233754e+01,9.497632948007405318e+00,2.313857028940680394e+01,4.232260279258713176e+00,3.236121287510027145e+01,1.364641670632307147e+01,3.554935233405412021e+01,3.618076847113093208e+01
3.270040422546419023e+01,1.801185027016990858e+01,3.028624896248781084e+01,3.602072411217331904e+01,7.149755514240120569e+00,3.531844565627857691e+01,4.650883554361390892e+00,2.606924930802097862e+01,3.294831313608608525e+01,1.549469222274189484e+01,1.501942510291713262e+01,2.728642391042118831e+01,5.873690925178667754e+00,3.082214249794304095e+01,2.566948966635069951e+01,3.037478647365145079e+01,2.181592985483127478e+01,1.399421414214293513e+01,3.774869926035911050e+01,3.034115521945049210e+01,1.860324183517306906e+01,3.572943737372101936e+01,1.244205043981415670e+01,0.000000000000000000e+00,2.753828185920778893e+01,6.188795858545236506e+00,1.689932529785496129e+01,3.444154948315554066e+01,1.860402227275951859e+01,4.309226939167737669e+01,1.230675921026857722e+01,3.278620387229554467e+01,2.587790061823990229e+01,1.395250444379576749e+01,9.293129862142730957e+00,1.649011353272438996e+01,1.973254163922748816e+01,1.291240539448171987e+01,1.755628202050167985e+01,1.957308009096723111e+01,2.113709076632272854e+01,2.940997024392227388e+01,1.636362401934196598e+01,1.912801687097147152e+01,3.275029379919931927e+01,1.531151129190410742e+01,1.799862367999683599e+01,2.521394632396635416e+01,2.928168128906509438e+01,2.032174733771615394e+01,1.555748902692378799e+01,1.120226934155300924e+01,1.361750215635786709e+01,8.782980633648559632e+00,1.137048944829376929e+01,1.666259573285192985e+01,3.354513203680081546e+01,1.756208340553932823e+00,3.295467978205733317e+01,3.255516213341245901e+01
3.332916305364468457e+01,4.544685454324694263e+01,5.097281590141081153e+01,3.734400031602777403e+01,2.446287234264237398e+01,6.119248487261184977e+01,2.289365150949465288e+01,5.300753626996095136e+01,2.450712279903909163e+01,1.470843500654346414e+01,4.123175580762659820e+01,2.935612238149847286e+00,2.894257608082519084e+01,3.614946416267856932e+01,5.025476176693851471e+01,1.906922668800844178e+01,4.935416901242889054e+01,1.984346791238316499e+01,4.022995905299685404e+01,5.714739495311848572e+01,4.449869701916579601e+01,4.132157506545018322e+01,3.099727568229748087e+01,2.753828185920778893e+01,0.000000000000000000e+00,3.250316816238597539e+01,4.355718477084869988e+01,6.053788384466448491e+01,4.612984854987222150e+01,6.873781762957924002e+01,3.976335557171601209e+01,3.909103222389028076e+01,4.850318617284973755e+01,1.361730255035512371e+01,3.453989759449281394e+01,4.398954246392940348e+01,1.824025731466897682e+01,2.240178903752205031e+01,3.841132425987164822e+01,1.740042875907786524e+01,6.671692457084281713e+00,2.322706578779157383e+01,3.913097047714288834e+01,1.919800659183685099e+01,4.892536376583380076e+01,2.473187456414384044e+01,3.873912896257796490e+01,5.011139743425434290e+01,5.533189948371738609e+01,2.962362890316499531e+01,2.355373699771436335e+01,1.648901325329484635e+01,4.023719167200764701e+01,3.499491653519883982e+01,2.370383355524270641e+01,3.286056143840182386e+01,6.074050017016519831e+01,2.614610392209611689e+01,5.559743714236901724e+00,5.211935275267072676e+00
3.835068430699602260e+01,1.463665089407840370e+01,3.161800910318341096e+01,4.148712153455431917e+01,8.786545127079474327e+00,3.338764800966574597e+01,1.009941655913267766e+01,2.333623584959594766e+01,3.910453210306312144e+01,1.904407331947331627e+01,8.998802784920513886e+00,3.186709544570334529e+01,4.302869833134275623e+00,3.601458936931070554e+01,2.520111673884812475e+01,3.655947633119200901e+01,1.757518010862290225e+01,2.017708181188315208e+01,4.302456694042898988e+01,2.762733540608806493e+01,1.252975855926691295e+01,4.066060205329325328e+01,1.686396673064731999e+01,6.188795858545236506e+00,3.250316816238597539e+01,0.000000000000000000e+00,1.111948742847380700e+01,3.234434083117445624e+01,1.470220069739710134e+01,4.113513465897634092e+01,7.819336319154214898e+00,3.774172825415009669e+01,1.979381635230687664e+01,1.895191818982616994e+01,1.093483930984023367e+01,1.291113879864007430e+01,2.151014598935741162e+01,1.899143391222479593e+01,1.220708864432352314e+01,2.576043310367219163e+01,2.589767901754405699e+01,3.555311258331729363e+01,1.053376819478994619e+01,2.065986230081392705e+01,3.555009292842307644e+01,1.511907420782860534e+01,2.052615757950061948e+01,1.904407331947331272e+01,2.742262003187547137e+01,2.566549641578564689e+01,2.152067704773865842e+01,1.673451928806276712e+01,7.783641199931662591e+00,9.517801674921530619e+00,1.206566668567156242e+01,2.101898807967027238e+01,3.018444681837883081e+01,6.808734429575676650e+00,3.802540456995954798e+01,3.731786333909174402e+01
