0.000000000000000000e+00,4.713854433929218857e+01,1.361924750783700944e+01,5.914868766216825691e+01,2.783588146740527236e+01,2.370660595760202582e+01,3.541069989658149808e+01,3.160840010865921812e+01,2.190704194586486153e+01,5.591231428722426955e+01,2.608957707523920888e+01,5.771585638674297059e+01,4.048332109860487549e+01,6.114421960905058739e+01,3.003793313672074561e+01,4.904099924514434150e+01,5.289150629682017524e+01,4.257215251528444355e+01,3.029987747239236739e+01,2.539447262787384219e+01,3.196091937442249886e+01,5.166161745094419189e+01,8.895589942779043469e+00,4.362748688965926647e+01,3.800439306263660200e+01,2.995549544072384052e+01,4.865864704900642579e+01,2.442878416905937655e+01,5.240299391766014026e+01,4.566772321407125190e+01,2.117409053339544300e+01,2.182221796238234646e+01,2.625492414789816920e+01,4.652569390181527353e+01,3.193706143172270728e+01,5.352901129991354878e+01,4.308810946484193494e+00,9.304075357314616213e+00,5.715592408364414467e+01,1.270992264386733872e+01,3.774869926035911050e+01,3.702041561924917801e+01,4.369543798304942328e+01,2.744393408939348333e+01,3.893128521089267480e+01,4.425458007092337454e+01,4.739984074141388248e+01,3.825682134254289224e+01,3.617875573678607992e+01,4.262003355199153987e+01,5.548608482128695130e+01,4.673934140720711383e+01,4.959059481325689234e+01,5.925731203531958613e+01,2.461574533545537591e+01,3.032861787733362036e+01,5.067848156873100152e+01,4.053562157264206434e+01,2.275211760847116338e+01,1.465117192057928719e+01
4.713854433929218857e+01,0.000000000000000000e+00,5.857867187549319965e+01,1.206566668567156420e+01,1.932398339825953926e+01,4.024428082450489796e+01,3.224651354257403568e+01,2.994073020590562351e+01,3.194948315112041115e+01,8.778462111622127750e+00,2.938294238028346328e+01,1.445533365701595052e+01,9.517801674921530619e+00,1.689921803671368394e+01,2.941760900590400851e+01,2.963109688974197553e+01,8.227102901165926241e+00,5.723472237948799446e+00,3.132334671691693728e+01,2.934646475304948154e+01,2.188033495921684235e+01,8.807761474979423966e+00,5.343308456254410288e+01,4.279667716751711737e+01,1.359936723090801358e+01,3.160585642487782110e+01,2.440914002781805792e+01,2.520111673884812475e+01,5.267463811115296046e+00,6.379412601650016335e+00,2.860055660305527070e+01,3.295906952539588985e+01,3.683331203685443711e+01,5.212456124317601969e+00,1.659829345653032817e+01,7.901392374834649068e+00,5.139437736175719351e+01,5.166742753783103126e+01,1.717053556946025594e+01,4.151089845809816836e+01,1.252990322483993602e+01,2.672135129446987278e+01,1.648879359521317411e+01,1.984690051914284936e+01,1.230672235421268468e+01,1.184319659605958819e+01,6.034353348756337887e+00,2.793126515108718166e+01,1.268515305630545775e+01,4.645025323613247714e+00,1.684607424305776036e+01,3.933720059651608381e+01,2.701398271145816565e+01,1.376355146749476432e+01,3.088949603454124926e+01,1.957224453796054320e+01,5.547653820775806821e+00,8.233049528586564136e+00,2.588743973414480593e+01,3.269536862261537635e+01
1.361924750783700944e+01,5.857867187549319965e+01,0.000000000000000000e+00,7.063882422929478366e+01,3.970184102114719593e+01,3.671964684189198636e+01,4.003474514416208763e+01,4.522385103103517423e+01,2.904524755949128689e+01,6.723861906858601856e+01,3.311059201894671844e+01,7.018763906002980946e+01,5.288102271216925487e+01,7.353892535558492227e+01,3.620087290667810720e+01,6.265753205461903974e+01,6.341702289792186775e+01,5.353523405552680714e+01,4.389852115964841772e+01,3.899194767877385459e+01,4.530829083906509425e+01,6.191753735585844254e+01,5.217361576465749273e+00,4.496895429815508294e+01,5.078950812152872629e+01,3.530168322978421003e+01,5.549732334262196787e+01,3.758933061170689882e+01,6.377108179770367258e+01,5.791650887539240244e+01,3.450110631510399628e+01,2.846476410600829254e+01,2.995406604725373967e+01,5.718554066226563037e+01,4.241617842344256673e+01,6.549737810533136440e+01,1.000753868562643056e+01,7.037573354816760052e+00,6.999349260557886510e+01,1.802496518506261225e+01,4.788670860292043585e+01,4.330310307066728370e+01,5.227728995564235959e+01,3.876394715936221758e+01,4.890022661296783468e+01,5.379013661696961890e+01,5.960383150275898601e+01,4.411314456756233682e+01,4.860598289818518225e+01,5.426134136291792487e+01,6.451274916412943128e+01,4.944021284707015695e+01,5.585312941823659827e+01,6.967268736914246574e+01,3.137651625518557807e+01,4.012428692227656768e+01,6.146298398861379297e+01,5.271038566896898203e+01,3.288866336263146906e+01,2.736641782490202601e+01
5.914868766216825691e+01,1.206566668567156420e+01,7.063882422929478366e+01,0.000000000000000000e+00,3.131306815783104724e+01,5.047163101899855064e+01,4.194188206720289713e+01,3.911723559134067330e+01,4.361671952899115468e+01,3.601741187631094743e+00,4.072690127117645886e+01,9.867093913997662114e+00,1.978230851706361193e+01,9.492661846856586649e+00,4.017441531256835674e+01,3.355771158427056378e+01,1.000753868562642701e+01,1.730352420635276900e+01,4.070460616170037582e+01,3.989243761349821682e+01,3.191814276479252754e+01,1.223143617132118699e+01,6.549719426400990585e+01,5.116767107990596486e+01,2.349971606493532761e+01,4.227391449401756773e+01,3.029771240561094459e+01,3.654857039444033262e+01,6.893246145263056235e+00,1.468268735983142115e+01,4.003339956046149695e+01,4.458398695646620524e+01,4.785912891587150853e+01,1.440734116959664313e+01,2.848256537409783817e+01,6.883005799588294948e+00,6.341702289792186775e+01,6.371702105746562239e+01,1.449654679944671720e+01,5.347036343766742306e+01,2.375944849231888512e+01,3.622490394344191600e+01,2.461324246910430347e+01,3.191192203026903940e+01,2.316908524845232975e+01,2.042570474741141240e+01,1.301336539434719519e+01,3.709444481222804768e+01,2.377755222879025254e+01,1.652899874315628992e+01,1.800776650493596875e+01,4.678074926241025366e+01,3.270067734949165583e+01,8.602798597320573393e+00,4.232546745499854524e+01,3.127578266321946998e+01,1.036968717632369952e+01,1.913483022842386916e+01,3.788818390910132905e+01,4.463349115276911050e+01
2.783588146740527236e+01,1.932398339825953926e+01,3.970184102114719593e+01,3.131306815783104724e+01,0.000000000000000000e+00,2.492423730268546223e+01,2.498822974402836650e+01,1.933968964496091658e+01,1.673465514399088860e+01,2.810244481071417866e+01,1.649121713527830480e+01,3.059398613181602400e+01,1.338760591363917207e+01,3.388719083721393588e+01,1.920610374536104104e+01,3.044110453920176695e+01,2.564761208578854479e+01,1.514924879846551597e+01,1.976737379932661653e+01,1.470901944762206526e+01,1.210303091830605560e+01,2.476466283762351139e+01,3.450038810398098832e+01,3.707531250735095796e+01,1.230690708868131011e+01,2.116615084297669469e+01,2.860380042731372185e+01,8.465978310240375393e+00,2.459144684212436260e+01,1.824877943542239578e+01,1.089289582556812164e+01,1.784315031031842835e+01,2.397677197308397012e+01,1.931579893828877204e+01,7.156899923766086857e+00,2.582481360425795458e+01,3.210873008240878335e+01,3.295885530058274071e+01,3.089090913721138065e+01,2.369175112587773668e+01,1.224168693930702290e+01,2.180078775303972094e+01,2.066630266261653759e+01,2.607230581135743464e+00,1.360103889105143082e+01,1.906922668800844178e+01,1.991527891576685505e+01,2.355536668388370458e+01,9.302598216877791870e+00,1.478419471344741609e+01,3.022928008504110409e+01,3.634751856888782129e+01,3.063235678250085670e+01,3.199460817878689767e+01,1.717148887027622806e+01,8.785570366226671979e+00,2.322953284838891719e+01,1.303527894461451808e+01,8.895589942779047021e+00,1.338806370600144113e+01
2.370660595760202582e+01,4.024428082450489796e+01,3.671964684189198636e+01,5.047163101899855064e+01,2.492423730268546223e+01,0.000000000000000000e+00,4.644834972315761235e+01,1.231529602728610229e+01,3.341235768497230652e+01,4.816307985273158465e+01,3.603608954183403768e+01,4.531654302172979243e+01,3.096096732369833404e+01,4.877973872697241831e+01,4.006900927280830160e+01,2.869209435360754767e+01,4.810093831151198884e+01,3.819001150721120297e+01,1.055636035523820482e+01,1.096290251476453115e+01,1.856921677369519941e+01,4.784319874667123429e+01,3.250500221068997320e+01,5.770481415264010394e+01,2.702997380634928248e+01,4.128486289963898059e+01,5.340341722712489769e+01,1.650600424178613679e+01,4.495774674359575585e+01,3.581643857714654899e+01,1.433856375570488950e+01,3.412633024997857945e+01,4.087499457479794529e+01,4.233389489616747170e+01,3.202933584473803563e+01,4.370954484160762377e+01,2.672159932986748032e+01,3.295935781512729079e+01,4.303534162190378964e+01,3.129993833657868052e+01,3.703391463216774326e+01,4.500569187208942168e+01,4.558885129775773493e+01,2.673099126266308190e+01,3.838377442359678327e+01,4.368848660287727625e+01,3.745953197885221897e+01,4.670796622843381130e+01,2.760637092305429618e+01,3.584019050492818792e+01,5.442444196709105597e+01,5.862310945361296177e+01,5.530330832457348578e+01,5.400246717391765827e+01,3.556216894036627707e+01,3.288643648918829143e+01,4.541222052005063858e+01,3.202933584473803563e+01,2.791918061084030001e+01,1.831446317209435293e+01
3.541069989658149808e+01,3.224651354257403568e+01,4.003474514416208763e+01,4.194188206720289713e+01,2.498822974402836650e+01,4.644834972315761235e+01,0.000000000000000000e+00,4.400323807305821333e+01,1.400252331337368439e+01,3.841176557573680128e+01,1.050578073398912160e+01,4.670184719958999153e+01,3.362181114060557974e+01,4.900117663638381060e+01,6.379412601650013670e+00,5.471319442681970457e+01,3.218400095401489125e+01,2.672135977380678540e+01,4.415061431973341399e+01,3.835068430699602260e+01,3.708316077142605849e+01,3.003790067035786038e+01,3.623901637031986667e+01,1.209551476463477826e+01,3.499686306988821372e+01,5.550267118646817543e+00,1.652567351558609232e+01,3.208609444960058710e+01,3.581511736434878657e+01,3.599546307470928497e+01,3.269536862261537635e+01,1.378000395892447472e+01,1.008545580445514389e+01,2.793126515108718166e+01,1.957224453796054675e+01,4.005321734693448832e+01,3.818531796347629381e+01,3.358116808565989686e+01,4.909540745568568809e+01,2.323555840447182419e+01,2.019885556629354539e+01,5.723432650063963401e+00,1.754242812213917446e+01,2.239350063749260045e+01,2.006117410491748032e+01,2.151672692039390355e+01,3.692022233882222793e+01,5.212456124317601969e+00,3.139445687608003510e+01,3.029831703459639769e+01,2.866421585052968979e+01,1.220708864432352314e+01,1.623641430247360518e+01,3.704995095043032904e+01,1.137814355621276974e+01,1.659829345653033172e+01,3.160539761143382265e+01,3.218552158660502016e+01,1.864004571440458946e+01,2.860055660305527070e+01
3.160840010865921812e+01,2.994073020590562351e+01,4.522385103103517423e+01,3.911723559134067330e+01,1.933968964496091658e+01,1.231529602728610229e+01,4.400323807305821333e+01,0.000000000000000000e+00,3.320943884535321899e+01,3.715251050365031205e+01,3.449441641746679466e+01,3.324761640175859867e+01,2.042292853098409111e+01,3.667125489789204806e+01,3.789753460287111864e+01,1.754699932340284363e+01,3.810856898238370860e+01,2.911727094972621543e+01,1.758935706001258259e+00,6.809437987306911744e+00,8.470843619955186199e+00,3.823812848373801643e+01,4.039979109933194934e+01,5.598931341121573269e+01,1.634136297499760815e+01,3.962016619982253474e+01,4.716264122863547215e+01,1.210586744035868279e+01,3.418045638220994675e+01,2.472901766131563406e+01,1.289637891204445808e+01,3.418183170603072796e+01,4.102682459882596078e+01,3.296008289403590652e+01,2.614308322388388817e+01,3.225305157488850227e+01,3.542764355391512510e+01,4.012286015717803878e+01,3.077457833701163281e+01,3.513702367015484640e+01,2.984385745578062199e+01,4.113220088244475647e+01,3.864955145227411748e+01,2.181735123740461546e+01,3.108878814307302108e+01,3.578852789802432000e+01,2.624234746390674289e+01,4.288767816604344318e+01,1.801362051551287990e+01,2.595811318905467502e+01,4.555073722397884239e+01,5.562934153070941079e+01,4.939184402667169138e+01,4.358020586709614008e+01,3.462958872197347659e+01,2.812525930610325275e+01,3.539327586070000109e+01,2.181147769689117055e+01,2.589916595522290876e+01,2.042821285397131348e+01
2.190704194586486153e+01,3.194948315112041115e+01,2.904524755949128689e+01,4.361671952899115468e+01,1.673465514399088860e+01,3.341235768497230652e+01,1.400252331337368439e+01,3.320943884535321899e+01,0.000000000000000000e+00,4.005090863406262258e+01,4.230320010889851545e+00,4.544835342784178067e+01,2.919736053019942901e+01,4.842201029048788286e+01,8.161625504638534423e+00,4.687285737071500336e+01,3.529693880356236235e+01,2.636451573933800319e+01,3.295768122304817638e+01,2.681291090948387534e+01,2.790867790671583393e+01,3.357345094352559300e+01,2.446662558390490361e+01,2.437030912655598414e+01,2.891066731403189749e+01,8.459187366694610688e+00,2.697205982080419773e+01,2.116931826136266892e+01,3.677330391590908931e+01,3.326333967793037516e+01,2.069664720037540562e+01,1.111948742847380434e+00,7.821167280510662678e+00,2.940551585210552687e+01,1.544569013623866383e+01,3.962607196436228918e+01,2.514352550146929488e+01,2.207270104203995942e+01,4.657353551149333271e+01,1.103279265992147273e+01,1.991454783977878051e+01,1.512279808877178588e+01,2.324555626950080978e+01,1.445533365701595230e+01,2.068861543744068854e+01,2.507916120927274406e+01,3.469066696954833162e+01,1.635508083999379281e+01,2.561099273495287321e+01,2.833441463335485366e+01,3.550844504741027663e+01,2.603379442787816345e+01,2.774482489296351773e+01,4.133068694616132177e+01,2.721211103819776156e+00,1.237964754429742520e+01,3.369092933581360683e+01,2.832633804163469549e+01,7.901708777574859788e+00,1.514219185768387987e+01
5.591231428722426955e+01,8.778462111622127750e+00,6.723861906858601856e+01,3.601741187631094743e+00,2.810244481071417866e+01,4.816307985273158465e+01,3.841176557573680128e+01,3.715251050365031205e+01,4.005090863406262258e+01,0.000000000000000000e+00,3.713277768312912031e+01,1.119295167984120987e+01,1.723272823974211576e+01,1.184285275225435008e+01,3.657609490525003793e+01,3.320170684627664315e+01,6.808535067407288643e+00,1.378796871983007577e+01,3.867680476454395944e+01,3.742656315348049390e+01,2.960210165145061012e+01,8.998677122348102131e+00,6.211403587701821039e+01,4.781379594243736619e+01,2.113709526222165991e+01,3.867911270153441450e+01,2.723394140493099869e+01,3.372958928401603629e+01,3.510998324256900727e+00,1.243170149605199448e+01,3.717960580118106861e+01,4.101183210778791732e+01,4.425752875631796002e+01,1.080559999185149067e+01,2.498273317155538820e+01,5.871840729797571434e+00,6.016373009838762442e+01,6.029540782396138354e+01,1.555095290616869619e+01,4.997757697868382110e+01,2.017432868733630258e+01,3.270122978086055099e+01,2.117064840085804178e+01,2.857392811871469718e+01,1.957016000106571596e+01,1.689905739140577268e+01,1.092820047512898540e+01,3.360650482700447128e+01,2.100839188121994283e+01,1.337064717757383470e+01,1.563372701694573408e+01,4.355695126166661879e+01,2.969715240210364016e+01,7.564525517943352817e+00,3.873621145001556698e+01,2.772722971209635290e+01,6.808568243676152321e+00,1.637208339783948929e+01,3.442971110087325570e+01,4.147129705429698276e+01
2.608957707523920888e+01,2.938294238028346328e+01,3.311059201894671844e+01,4.072690127117645886e+01,1.649121713527830480e+01,3.603608954183403768e+01,1.050578073398912160e+01,3.449441641746679466e+01,4.230320010889851545e+00,3.713277768312912031e+01,0.000000000000000000e+00,4.331274037078041772e+01,2.779871857118451572e+01,4.613024689297485281e+01,4.228867365065313244e+00,4.693061129328312830e+01,3.200612275338675516e+01,2.368828879799177756e+01,3.445003431261677207e+01,2.845423247721619830e+01,2.835692020340522035e+01,3.017681780915000544e+01,2.862073012201946653e+01,2.179478936701308456e+01,2.809676016176480928e+01,5.270176396011182263e+00,2.274353711687079738e+01,2.240061939478529851e+01,3.397304332735736665e+01,3.140076455204511419e+01,2.256508147480479920e+01,4.648106863519245735e+00,7.783641199931662591e+00,2.636242213110331889e+01,1.341253257534396504e+01,3.720765435748456440e+01,2.937049595384937817e+01,2.618161640745601915e+01,4.480936112508845071e+01,1.515826994718261922e+01,1.698735647357008460e+01,1.093351022826670871e+01,1.931829525230168088e+01,1.395367687584446870e+01,1.757564521735145391e+01,2.151751145383901687e+01,3.270211719962802022e+01,1.223567193312337587e+01,2.461372159924340508e+01,2.614693686154473440e+01,3.160363772748605271e+01,2.270926693767536975e+01,2.352479266898228616e+01,3.788126799501133490e+01,1.756984417190331493e+00,1.009955145842186397e+01,3.059039366390440051e+01,2.672141075968195878e+01,8.609961761106580624e+00,1.809496313830889491e+01
5.771585638674297059e+01,1.445533365701595052e+01,7.018763906002980946e+01,9.867093913997662114e+00,3.059398613181602400e+01,4.531654302172979243e+01,4.670184719958999153e+01,3.324761640175859867e+01,4.544835342784178067e+01,1.119295167984120987e+01,4.331274037078041772e+01,0.000000000000000000e+00,1.730737472463103543e+01,3.511771457156294574e+00,4.370559546903044890e+01,2.459168297217954446e+01,1.757239521114715686e+01,2.006117410491748743e+01,3.496077660548412069e+01,3.553948150558662178e+01,2.742262003187547137e+01,1.956974383736127976e+01,6.497191457309415341e+01,5.711484127926446064e+01,1.984690051914285291e+01,4.591304690801639765e+01,3.762391807551286860e+01,3.366567357997102050e+01,1.184319659605958819e+01,1.237788494669421269e+01,3.715598862985763162e+01,4.651054503908643056e+01,5.093485361057668115e+01,1.909751530127573105e+01,3.003952994099727647e+01,6.808701151742290847e+00,6.202339301388287396e+01,6.352777523101590162e+01,4.645025323613247714e+00,5.411722412827925410e+01,2.682487889779551438e+01,4.116454312064357168e+01,3.051061303558540416e+01,3.194948315112041115e+01,2.672135977380678540e+01,2.589767901754405699e+01,1.080654296130073178e+01,4.234137159379595516e+01,2.159424274480824835e+01,1.717053556946025594e+01,2.679136334271342434e+01,5.337954802962057244e+01,4.017216345605086047e+01,1.827833854004794389e+01,4.470955514144857545e+01,3.326235575218403540e+01,1.648879359521317767e+01,1.757518010862290225e+01,3.859938639984130049e+01,4.308820074741180406e+01
4.048332109860487549e+01,9.517801674921530619e+00,5.288102271216925487e+01,1.978230851706361193e+01,1.338760591363917207e+01,3.096096732369833404e+01,3.362181114060557974e+01,2.042292853098409111e+01,2.919736053019942901e+01,1.723272823974211576e+01,2.779871857118451572e+01,1.730737472463103543e+01,0.000000000000000000e+00,2.068594738383992748e+01,2.919715009598071731e+01,2.241408077797106912e+01,1.770436781816667349e+01,9.872880717253256222e+00,2.181416077406021614e+01,2.019414751069000502e+01,1.244946464288160826e+01,1.798154831750299110e+01,4.766499187677807470e+01,4.529305799038414193e+01,4.081565555986482963e+00,3.140076455204511063e+01,3.031679786472241389e+01,1.689415573782998692e+01,1.399765757955955969e+01,5.270176396011184039e+00,2.040712256690267523e+01,3.029878961751773758e+01,3.558235977111618098e+01,1.301900717268951446e+01,1.451918662503721436e+01,1.337498733585069743e+01,4.479200585808769830e+01,4.624156458861461516e+01,1.754387600271862269e+01,3.706036837387803473e+01,1.399421414214293158e+01,2.881820431212774736e+01,2.158538352587444109e+01,1.502051425629206705e+01,1.470275669057400769e+01,1.756273180134882139e+01,7.026643138392144827e+00,3.037236279670947781e+01,4.304769189297262599e+00,5.876780897198306874e+00,2.566654760115227063e+01,4.295198554281810743e+01,3.284659225817112826e+01,2.320729863723833475e+01,2.894265448741980862e+01,1.784309924977407746e+01,1.499416321935695784e+01,1.756854895465605138e+00,2.181676405225292115e+01,2.583497518529333092e+01
6.114421960905058739e+01,1.689921803671368394e+01,7.353892535558492227e+01,9.492661846856586649e+00,3.388719083721393588e+01,4.877973872697241831e+01,4.900117663638381060e+01,3.667125489789204806e+01,4.842201029048788286e+01,1.184285275225435008e+01,4.613024689297485281e+01,3.511771457156294574e+00,2.068594738383992748e+01,0.000000000000000000e+00,4.631363566097304840e+01,2.720879003221821080e+01,1.860246328661287762e+01,2.260960821299806156e+01,3.839253557972428155e+01,3.904739035287022375e+01,3.093280335455200714e+01,2.073954871222445462e+01,6.832577080906698086e+01,5.907403871004340346e+01,2.333343075477721129e+01,4.850436154889879958e+01,3.898335434779078668e+01,3.715156241497866318e+01,1.341238034874434604e+01,1.563841193372631544e+01,4.064637944080775611e+01,4.947034233891922383e+01,5.367481301783189451e+01,2.112702611410023223e+01,3.297934648025434257e+01,8.998777621562950912e+00,6.545272084753948150e+01,6.684323794256590645e+01,6.795926195793785318e+00,5.730916855288214151e+01,2.941736238346801713e+01,4.338728521667601967e+01,3.236079160940169430e+01,3.515129250176144637e+01,2.919673038886295657e+01,2.783190219607062588e+01,1.399259245714604916e+01,4.447794971389522800e+01,2.498602922689907047e+01,2.008763014396468805e+01,2.734618518750862393e+01,5.509160272812901837e+01,4.147840071390433536e+01,1.808317196207362443e+01,4.757405568968874121e+01,3.614533725744001913e+01,1.799747981401838004e+01,2.085191239950363240e+01,4.173521422088658994e+01,4.650563142697264851e+01
3.003793313672074561e+01,2.941760900590400851e+01,3.620087290667810720e+01,4.017441531256835674e+01,1.920610374536104104e+01,4.006900927280830160e+01,6.379412601650013670e+00,3.789753460287111864e+01,8.161625504638534423e+00,3.657609490525003793e+01,4.228867365065313244e+00,4.370559546903044890e+01,2.919715009598071731e+01,4.631363566097304840e+01,0.000000000000000000e+00,4.941115698923924526e+01,3.094251625415224183e+01,2.370443537934409406e+01,3.797119411059509275e+01,3.209430966647332895e+01,3.128624532457708796e+01,2.896104334262438229e+01,3.195269484364681389e+01,1.810103320332082788e+01,3.004061942471556890e+01,2.223897485694760867e+00,1.930190844737835221e+01,2.589024766205792716e+01,3.362081926157470946e+01,3.224651354257404279e+01,2.636255709154050564e+01,8.237023788036918148e+00,7.820381667572873674e+00,2.578654940261820983e+01,1.470898973786320418e+01,3.731847030805989363e+01,3.315227998277589450e+01,2.941183850548583578e+01,4.561016977319897592e+01,1.854420131007668360e+01,1.689943269062044706e+01,7.151340352863115868e+00,1.721232261586879630e+01,1.660026511877519440e+01,1.717065447797514466e+01,2.017542896417196019e+01,3.338616107748561035e+01,8.231065353158859565e+00,2.646363933957224290e+01,2.672138524318260266e+01,2.935312079578872968e+01,1.857395994942680417e+01,1.981635181224429587e+01,3.648476633126515623e+01,5.440414400818757379e+00,1.144730136953221233e+01,2.984940339546179189e+01,2.793146007950221232e+01,1.229889181572365331e+01,2.226924303434747188e+01
4.904099924514434150e+01,2.963109688974197553e+01,6.265753205461903974e+01,3.355771158427056378e+01,3.044110453920176695e+01,2.869209435360754767e+01,5.471319442681970457e+01,1.754699932340284363e+01,4.687285737071500336e+01,3.320170684627664315e+01,4.693061129328312830e+01,2.459168297217954446e+01,2.241408077797106912e+01,2.720879003221821080e+01,4.941115698923924526e+01,0.000000000000000000e+00,3.717608126422282311e+01,3.208814655113985026e+01,1.905095134752974673e+01,2.370590774771407894e+01,1.909837374277380206e+01,3.829018488622183014e+01,5.774785686080124947e+01,6.672212695733118437e+01,1.992040833696088953e+01,5.147021154166927204e+01,5.270089795470318705e+01,2.672150472492530326e+01,3.153008984882806232e+01,2.326090098613562063e+01,2.894274129472802670e+01,4.795506697579664035e+01,5.436421755579339532e+01,3.444806942984193654e+01,3.515875404556425110e+01,2.733771801592894235e+01,5.293440702480051385e+01,5.729569749554078584e+01,2.041286383642442459e+01,5.116777330618175057e+01,3.619203408863114646e+01,5.048593216044739762e+01,4.399321264026613676e+01,3.298464858184286186e+01,3.702571850676381615e+01,3.986062467031127454e+01,2.379691242194055079e+01,5.214025571254066449e+01,2.346744024928521455e+01,2.782109419031621655e+01,4.640294862011025856e+01,6.495294713052818736e+01,5.524503147045783891e+01,4.072538378700173212e+01,4.757884167782177087e+01,3.814428000665234464e+01,3.481510023654317365e+01,2.415166541852527260e+01,3.898906575941707331e+01,3.671958423551200212e+01
5.289150629682017524e+01,8.227102901165926241e+00,6.341702289792186775e+01,1.000753868562642701e+01,2.564761208578854479e+01,4.810093831151198884e+01,3.218400095401489125e+01,3.810856898238370860e+01,3.529693880356236235e+01,6.808535067407288643e+00,3.200612275338675516e+01,1.757239521114715686e+01,1.770436781816667349e+01,1.860246328661287762e+01,3.094251625415224183e+01,3.717608126422282311e+01,0.000000000000000000e+00,1.049943612446383234e+01,3.945521679366147083e+01,3.714804231177936344e+01,2.993929302586168717e+01,2.223897485694760867e+00,5.840188970983407302e+01,4.116451565027458770e+01,2.177938393777995785e+01,3.295493943003600634e+01,2.042540634336472039e+01,3.252078176128904374e+01,6.032327275497010532e+00,1.429872155285480950e+01,3.577659638106555207e+01,3.617916277700660288e+01,3.873522229563180019e+01,6.376004130328954744e+00,2.107218114704682321e+01,1.119244652703411091e+01,5.704292908908610826e+01,5.639820065977007602e+01,2.158913802122637193e+01,4.573026057200200967e+01,1.555002125095873211e+01,2.646149679034157742e+01,1.470837355815253211e+01,2.551766164189362129e+01,1.463209757677159750e+01,1.080541173650947329e+01,1.343411883776796145e+01,2.723433939863675590e+01,2.051120862374090947e+01,1.228011517804271691e+01,9.518108174749764672e+00,3.679467688425302896e+01,2.289254608277754954e+01,6.373737798546811995e+00,3.368828968226035414e+01,2.332782992132498023e+01,2.716538531017489877e+00,1.630922736754547842e+01,3.057385038244835584e+01,3.890565665663193329e+01
4.257215251528444355e+01,5.723472237948799446e+00,5.353523405552680714e+01,1.730352420635276900e+01,1.514924879846551597e+01,3.819001150721120297e+01,2.672135977380678540e+01,2.911727094972621543e+01,2.636451573933800319e+01,1.378796871983007577e+01,2.368828879799177756e+01,2.006117410491748743e+01,9.872880717253256222e+00,2.260960821299806156e+01,2.370443537934409406e+01,3.208814655113985026e+01,1.049943612446383234e+01,0.000000000000000000e+00,3.027294330391124078e+01,2.724154314198554516e+01,2.067867887796328574e+01,9.767343489969915638e+00,4.844095305304823995e+01,3.758905902074384642e+01,1.344369024391499323e+01,2.589799407762787453e+01,2.066095594913800326e+01,2.221942475741952450e+01,1.042491233441846710e+01,9.786017786623366632e+00,2.538630178155014150e+01,2.735423514665975020e+01,3.111142070667779436e+01,4.225968630271772497e+00,1.119598866259906167e+01,1.361743558033813351e+01,4.676773686731942092e+01,4.656572085666891070e+01,2.240455893362722506e+01,3.619042195092151815e+01,6.808767727762981892e+00,2.130117046649951007e+01,1.209598249166217876e+01,1.513121203461276210e+01,6.671692457084285266e+00,7.775475993033179378e+00,1.037029839815309806e+01,2.260960821299806156e+01,1.110446232362138907e+01,4.303501874393229620e+00,1.645025363402811536e+01,3.448665155755375622e+01,2.323329275851127562e+01,1.684769660848862927e+01,2.521659059619070575e+01,1.399380836356133884e+01,8.120642954951687642e+00,8.124132065057349195e+00,2.067192637934326882e+01,2.844133451576558258e+01
3.029987747239236739e+01,3.132334671691693728e+01,4.389852115964841772e+01,4.070460616170037582e+01,1.976737379932661653e+01,1.055636035523820482e+01,4.415061431973341399e+01,1.758935706001258259e+00,3.295768122304817638e+01,3.867680476454395944e+01,3.445003431261677207e+01,3.496077660548412069e+01,2.181416077406021614e+01,3.839253557972428155e+01,3.797119411059509275e+01,1.905095134752974673e+01,3.945521679366147083e+01,3.027294330391124078e+01,0.000000000000000000e+00,6.191892334656030172e+00,9.601186652790303810e+00,3.951784220148800131e+01,3.913249108062309034e+01,5.607188623322954157e+01,1.773912138204322630e+01,3.962827655706664842e+01,4.790989302124701510e+01,1.208128731333836825e+01,3.565863939788923176e+01,2.624548929039217526e+01,1.238348808760157382e+01,3.390083600654673290e+01,4.077781770433065844e+01,3.418462485651388505e+01,2.671671288690909662e+01,3.385230304353836317e+01,3.404786521694215651e+01,3.894206777607844572e+01,3.252316936697042848e+01,3.434549444636432014e+01,3.067163259993624180e+01,4.148395321659082668e+01,3.948021215269400130e+01,2.216948168920069051e+01,3.194231076247135803e+01,3.676828135969220313e+01,2.778742906640255228e+01,4.323938471336928302e+01,1.919419503175675246e+01,2.724824570424812720e+01,4.672244828879637879e+01,5.590056481621646611e+01,5.009343189865980861e+01,4.501008538936800107e+01,3.449590805441394537e+01,2.852952116713219510e+01,3.673867826264397962e+01,2.314598942611599242e+01,2.584007330538277358e+01,1.967323177532928113e+01
2.539447262787384219e+01,2.934646475304948154e+01,3.899194767877385459e+01,3.989243761349821682e+01,1.470901944762206526e+01,1.096290251476453115e+01,3.835068430699602260e+01,6.809437987306911744e+00,2.681291090948387534e+01,3.742656315348049390e+01,2.845423247721619830e+01,3.553948150558662178e+01,2.019414751069000502e+01,3.904739035287022375e+01,3.209430966647332895e+01,2.370590774771407894e+01,3.714804231177936344e+01,2.724154314198554516e+01,6.191892334656030172e+00,0.000000000000000000e+00,8.134655096392140905e+00,3.688081028787507165e+01,3.404752741159480678e+01,5.017214292363348704e+01,1.639730676037642709e+01,3.367350343418327441e+01,4.328807846789752034e+01,6.389128699169799752e+00,3.415365954270242099e+01,2.521157553235903848e+01,6.191595767725454280e+00,2.774213080704930334e+01,3.462829475998239559e+01,3.137481124138978217e+01,2.185356344093312586e+01,3.324429637840622576e+01,2.939094503781711154e+01,3.360809173440951980e+01,3.384544455802817708e+01,2.832775758287258583e+01,2.645040386269205612e+01,3.601152444339025038e+01,3.515711089507627918e+01,1.688032165218556457e+01,2.778085659078814018e+01,3.295609973467789899e+01,2.690523155520285314e+01,3.775955895971021903e+01,1.667639446151741467e+01,2.490042900181870422e+01,4.353228040026046131e+01,5.025245769009920593e+01,4.534008317304901681e+01,4.308895346904011348e+01,2.842283168561563045e+01,2.325158414838873355e+01,3.446449878101546460e+01,2.116374056979559981e+01,1.985953609926942676e+01,1.361877486966358397e+01
3.196091937442249886e+01,2.188033495921684235e+01,4.530829083906509425e+01,3.191814276479252754e+01,1.210303091830605560e+01,1.856921677369519941e+01,3.708316077142605849e+01,8.470843619955186199e+00,2.790867790671583393e+01,2.960210165145061012e+01,2.835692020340522035e+01,2.742262003187547137e+01,1.244946464288160826e+01,3.093280335455200714e+01,3.128624532457708796e+01,1.909837374277380206e+01,2.993929302586168717e+01,2.067867887796328574e+01,9.601186652790303810e+00,8.134655096392140905e+00,0.000000000000000000e+00,2.993929302586168717e+01,4.018689799529036577e+01,4.917430874514143113e+01,8.465006713348945055e+00,3.320349600842671123e+01,3.889470166342729840e+01,7.901882262357485587e+00,2.643485119372780545e+01,1.724981776155832591e+01,1.080957951378090875e+01,2.897377042826980897e+01,3.553632586404175697e+01,2.458568224508363542e+01,1.829819827105660934e+01,2.519850539251856603e+01,3.615624323274235508e+01,3.934609067914821168e+01,2.588875945992497307e+01,3.227525845923308623e+01,2.151733456938257660e+01,3.366371884870854103e+01,3.029851612381846593e+01,1.470777513573237449e+01,2.272951210698891344e+01,2.733170554313446488e+01,1.890531868744156441e+01,3.540595324213362716e+01,9.593008402673646629e+00,1.768896815622132124e+01,3.712573459326441849e+01,4.828162807014125235e+01,4.118196132804503407e+01,3.562843789034598529e+01,2.882275367600076876e+01,2.067743481360512803e+01,2.722481567144846792e+01,1.365475957900814485e+01,2.009131152531375974e+01,1.825437647362213411e+01
5.166161745094419189e+01,8.807761474979423966e+00,6.191753735585844254e+01,1.223143617132118699e+01,2.476466283762351139e+01,4.784319874667123429e+01,3.003790067035786038e+01,3.823812848373801643e+01,3.357345094352559300e+01,8.998677122348102131e+00,3.017681780915000544e+01,1.956974383736127976e+01,1.798154831750299110e+01,2.073954871222445462e+01,2.896104334262438229e+01,3.829018488622183014e+01,2.223897485694760867e+00,9.767343489969915638e+00,3.951784220148800131e+01,3.688081028787507165e+01,2.993929302586168717e+01,0.000000000000000000e+00,5.694406238376149787e+01,3.894189810158257359e+01,2.200529492560794154e+01,3.094251625415224183e+01,1.825157483163062722e+01,3.198407738511826892e+01,7.817772860163090698e+00,1.513875946636553316e+01,3.514901660604116529e+01,3.442802373900007495e+01,3.677017603283436387e+01,5.546349124984192969e+00,1.973914633408145392e+01,1.303005523788879749e+01,5.577158665739213461e+01,5.488718025865226480e+01,2.345566287608417255e+01,4.413423672392779906e+01,1.404605569771645435e+01,2.431881929275985854e+01,1.252946975748003666e+01,2.442842883556973277e+01,1.302254964491400635e+01,8.785850134190820171e+00,1.449654679944671720e+01,2.505908381928417938e+01,2.039029080664971971e+01,1.228011517804271691e+01,8.115773721084202919e+00,3.457723537468606168e+01,2.073885208109126665e+01,7.772220637124392262e+00,3.187794819417933923e+01,2.179329182252998365e+01,3.510740892942989522e+00,1.646015240977962080e+01,2.916647196270722020e+01,3.787503926669458565e+01
8.895589942779043469e+00,5.343308456254410288e+01,5.217361576465749273e+00,6.549719426400990585e+01,3.450038810398098832e+01,3.250500221068997320e+01,3.623901637031986667e+01,4.039979109933194934e+01,2.446662558390490361e+01,6.211403587701821039e+01,2.862073012201946653e+01,6.497191457309415341e+01,4.766499187677807470e+01,6.832577080906698086e+01,3.195269484364681389e+01,5.774785686080124947e+01,5.840188970983407302e+01,4.844095305304823995e+01,3.913249108062309034e+01,3.404752741159480678e+01,4.018689799529036577e+01,5.694406238376149787e+01,0.000000000000000000e+00,4.224524034328936040e+01,4.557835073255672853e+01,3.124841160010054963e+01,5.123320577552720323e+01,3.243103048704123381e+01,5.863850761485538499e+01,5.270618319818036213e+01,2.939017849851039443e+01,2.398173466068108084e+01,2.625492414789816920e+01,5.213982006159891824e+01,3.736108423127559774e+01,6.030661137006016759e+01,6.192635293641950867e+00,2.726590879563242087e+00,6.478113168900829066e+01,1.346569766928582190e+01,4.289993913873203724e+01,3.909954236921567627e+01,4.759604124783741241e+01,3.360125355319075879e+01,4.394411735863796764e+01,4.892536376583380076e+01,5.439603465494562329e+01,4.002579843036076568e+01,4.338900655442633081e+01,4.909127889145303669e+01,5.977689864389920160e+01,4.631414767610897343e+01,5.173817522019228221e+01,6.468420945877626593e+01,2.691899327733302627e+01,3.516178527989736580e+01,5.640547648451579477e+01,4.750164102021634704e+01,2.783588146740527236e+01,2.217244145671878641e+01
4.362748688965926647e+01,4.279667716751711737e+01,4.496895429815508294e+01,5.116767107990596486e+01,3.707531250735095796e+01,5.770481415264010394e+01,1.209551476463477826e+01,5.598931341121573269e+01,2.437030912655598414e+01,4.781379594243736619e+01,2.179478936701308456e+01,5.711484127926446064e+01,4.529305799038414193e+01,5.907403871004340346e+01,1.810103320332082788e+01,6.672212695733118437e+01,4.116451565027458770e+01,3.758905902074384642e+01,5.607188623322954157e+01,5.017214292363348704e+01,4.917430874514143113e+01,3.894189810158257359e+01,4.224524034328936040e+01,0.000000000000000000e+00,4.691770428803746285e+01,1.653010837024515567e+01,2.181410353423772008e+01,4.399070978743950633e+01,4.567078092722039173e+01,4.720212202174987226e+01,4.435261526347364480e+01,2.377969883680911423e+01,1.762292974107097621e+01,3.802529747954329054e+01,3.156425808955146195e+01,5.033193377108580080e+01,4.558339830433833129e+01,3.952269074074538935e+01,5.992763156085850795e+01,3.091811737930673232e+01,3.149341091662157055e+01,1.648857406952841131e+01,2.672131742930212184e+01,3.447658335966827536e+01,3.110984660273673796e+01,3.125288009887142593e+01,4.795051269248057224e+01,1.501888250753861520e+01,4.332260111346820963e+01,4.148014494100570460e+01,3.542000474210178851e+01,6.031653429847891879e+00,2.008537896563516512e+01,4.499313488747955603e+01,2.214341351305580474e+01,2.866994520044140771e+01,4.116452113758135312e+01,4.377449387192726959e+01,3.032445473615020148e+01,3.950150640796978507e+01
3.800439306263660200e+01,1.359936723090801358e+01,5.078950812152872629e+01,2.349971606493532761e+01,1.230690708868131011e+01,2.702997380634928248e+01,3.499686306988821372e+01,1.634136297499760815e+01,2.891066731403189749e+01,2.113709526222165991e+01,2.809676016176480928e+01,1.984690051914285291e+01,4.081565555986482963e+00,2.333343075477721129e+01,3.004061942471556890e+01,1.992040833696088953e+01,2.177938393777995785e+01,1.344369024391499323e+01,1.773912138204322630e+01,1.639730676037642709e+01,8.465006713348945055e+00,2.200529492560794154e+01,4.557835073255672853e+01,4.691770428803746285e+01,0.000000000000000000e+00,3.218653843062879361e+01,3.336552371945688122e+01,1.381892160239466172e+01,1.798794360956479110e+01,8.817029031280608109e+00,1.731365024014117893e+01,3.002261605687927570e+01,3.581568796308346947e+01,1.691257281975543236e+01,1.544569013623865672e+01,1.686233590983626840e+01,4.230242736454771801e+01,4.433931009080132668e+01,1.920552317059337710e+01,3.576340308425101711e+01,1.637072066110625457e+01,3.059308722370995781e+01,2.458963697633540590e+01,1.445533365701594519e+01,1.730404831302324453e+01,2.088255841395854873e+01,1.050896040775423934e+01,3.223384856755288297e+01,3.602685855785427105e+00,9.777580926338972134e+00,2.958181041769343977e+01,4.503265503666332137e+01,3.583476232845243459e+01,2.727288540290687635e+01,2.903845165318192656e+01,1.860480460443830353e+01,1.906689264976301246e+01,5.554196850649248951e+00,2.117080923588428121e+01,2.346822907681946191e+01
2.995549544072384052e+01,3.160585642487782110e+01,3.530168322978421003e+01,4.227391449401756773e+01,2.116615084297669469e+01,4.128486289963898059e+01,5.550267118646817543e+00,3.962016619982253474e+01,8.459187366694610688e+00,3.867911270153441450e+01,5.270176396011182263e+00,4.591304690801639765e+01,3.140076455204511063e+01,4.850436154889879958e+01,2.223897485694760867e+00,5.147021154166927204e+01,3.295493943003600634e+01,2.589799407762787453e+01,3.962827655706664842e+01,3.367350343418327441e+01,3.320349600842671123e+01,3.094251625415224183e+01,3.124841160010054963e+01,1.653010837024515567e+01,3.218653843062879361e+01,0.000000000000000000e+00,2.030097115721342860e+01,2.755590471181315237e+01,3.575934966726684650e+01,3.447041102826880632e+01,2.782293904020213660e+01,8.237023788036918148e+00,6.035707853442915827e+00,2.790515527123792339e+01,1.689954021519159255e+01,3.950724879117058919e+01,3.285256136055216558e+01,2.864515253984282595e+01,4.783312479724664712e+01,1.800290315813346709e+01,1.909770524683221637e+01,8.122735310418947918e+00,1.898837565939176741e+01,1.856903019519159415e+01,1.933812027142451129e+01,2.216134414572590927e+01,3.560832869322960903e+01,8.811462812821213575e+00,2.861855146124735683e+01,2.894262306679482677e+01,3.099225872681361338e+01,1.761737630905222218e+01,2.055145054023960327e+01,3.840005279978824149e+01,5.877399840024124522e+00,1.361776886793752084e+01,3.193079397327715085e+01,3.014556655416667041e+01,1.381406891939916726e+01,2.324716467797199471e+01
