0.000000000000000000e+00,1.341256651810012457e+01,3.091615006007962663e+01,4.413173340058992977e+01,2.181570407120008426e+01,1.470386964263404117e+01,2.116509753371531843e+01,2.357788142665983955e+01,3.891905875800697601e+01,1.810610833307583789e+01,2.103813022396020571e+01,4.245277304656622874e+01,8.245719100470244811e+00,1.302937458590055542e+01,1.899219957737760822e+01,2.780453616088184887e+01,2.223897485694761755e+01,6.805122600434813762e+00,2.328573853701264795e+01,1.144753983983594381e+01,1.903210469193663457e+01,3.974250848773357347e+01,4.528532180181514377e+01,1.624896512711332264e+01,2.019926076201364751e+01,3.731963053359644533e+01,2.278962437601163771e+01,1.909803877618402268e+01,1.757657625851989636e+01,2.535727790669247739e+01,5.443762674099300369e+00,2.881522670960996990e+01,3.533153402178793812e+01,1.597705744943688444e+01,1.894048333958442143e+01,2.113897007229496694e+01,1.175356301626725575e+01,2.461372159924340863e+01,2.576099758226203562e+01,2.446385216181865019e+01,1.276224289503074871e+01,4.047613739287297818e+01,4.581683077284306194e+01,1.111948742847381055e+01,8.787516359867872495e+00,2.587836531627254288e+01,3.078376229028853928e+01,2.223897485694760867e+00,2.223897485694767973e+00
1.341256651810012457e+01,0.000000000000000000e+00,2.376288330244611302e+01,3.485640701564182109e+01,1.345329619575404578e+01,2.646342449763444549e+01,9.873709166019008165e+00,2.607912419586181585e+01,2.988861891757746037e+01,1.087815612708823743e+01,2.090410960567754017e+01,3.309926284800103957e+01,6.897392889929242266e+00,2.368863409348625382e+01,9.775301957449196166e+00,3.744288641607883505e+01,8.999029951326463106e+00,1.564364630900608333e+01,1.344095203687194129e+01,2.450066708250914260e+01,2.214341351305580829e+01,2.929084725982416515e+01,3.542683547747279249e+01,2.538346793047481498e+01,7.821429457072728297e+00,2.856900226025970113e+01,2.409383217962725610e+01,3.250385998864535253e+01,7.154514841277992865e+00,3.056742048087986063e+01,1.497812433199935711e+01,2.113226645387316438e+01,2.791120060765525324e+01,2.897320318973270048e+01,1.093483930984023367e+01,8.608692647234621020e+00,1.302851982239357298e+01,1.120239103528870928e+01,1.381164866613468867e+01,2.667976374792957017e+01,1.162421130977693018e+01,2.985116655374992334e+01,3.661389919480370025e+01,2.607055745794196078e+00,1.128108235954741190e+01,3.613805644199558742e+01,2.584214173284287597e+01,1.562662154631940048e+01,1.120241136125548742e+01
3.091615006007962663e+01,2.376288330244611302e+01,0.000000000000000000e+00,5.211293979876806759e+01,3.535406208542129036e+01,3.514479248086323082e+01,1.494371131886681603e+01,4.976414143970666260e+01,4.814118677700073334e+01,1.343002735067033626e+01,4.466436339716938875e+01,5.045502803098461442e+01,2.937156582696108131e+01,3.156078678014138106e+01,1.398794800803910476e+01,3.802508369330034554e+01,2.469023962329644561e+01,3.653870625274636552e+01,1.086615576602891053e+01,3.706905009901588954e+01,1.966804902674925160e+01,4.534490320584095002e+01,5.165381325974598781e+01,2.984697799328304413e+01,2.720812945540800953e+01,7.202918883302679376e+00,4.784491586515240868e+01,4.656564147763553763e+01,1.664100908343725393e+01,2.557482108548975575e+01,3.538069667369005344e+01,2.715541459969244897e+00,4.825036966101654201e+01,4.572237733025620798e+01,1.300914157733993193e+01,1.769788205939970638e+01,1.983661993765027276e+01,2.244254331649069201e+01,1.429397423821115787e+01,1.890312862840547226e+01,1.827957467306694639e+01,1.334338491416856876e+01,5.377746309723166007e+01,2.567226388389992664e+01,3.399698080197865835e+01,3.841117733463214989e+01,5.210896305343339918e+00,3.232385025056873218e+01,2.960872868103745148e+01
4.413173340058992977e+01,3.485640701564182109e+01,5.211293979876806759e+01,0.000000000000000000e+00,2.241083856806246644e+01,5.883560046972883839e+01,3.840740111069062124e+01,3.227532959864834794e+01,5.217184998357280890e+00,4.354683616565932880e+01,2.832853591902451740e+01,1.759458739696707852e+00,3.620658491987241945e+01,5.689500171063618694e+01,4.122306839952494784e+01,7.146914923477891080e+01,2.846215534281379789e+01,4.074582341778545924e+01,4.206353075776682715e+01,5.502836852111118304e+01,5.694816322967846389e+01,6.906159913098767866e+00,2.608636631816462881e+00,5.942435005437931750e+01,2.744607182329141537e+01,5.287916435321613307e+01,3.014620397493441928e+01,5.971737706745813767e+01,3.891337330596977040e+01,6.542050483579792797e+01,4.135580882539215253e+01,4.956922001751254214e+01,1.010000473238922680e+01,5.412980457100006504e+01,4.296083460273159460e+01,3.548350711574307326e+01,4.788348119651963941e+01,2.985917431013931633e+01,3.782903721764142801e+01,6.120216246234830493e+01,4.641495029346497603e+01,4.918348597707624492e+01,1.759589675761987326e+00,3.542893011618637189e+01,3.582053843737964627e+01,6.979418373301847112e+01,5.627730470367610849e+01,4.599743877494319122e+01,4.230067200507104275e+01
2.181570407120008426e+01,1.345329619575404578e+01,3.535406208542129036e+01,2.241083856806246644e+01,0.000000000000000000e+00,3.650062085473386730e+01,2.041035076655447611e+01,1.895708138633874640e+01,1.723012060753612573e+01,2.378773222711106783e+01,1.292195083033782588e+01,2.070292286283711647e+01,1.379746604977044377e+01,3.448697105594676060e+01,2.202380136360634211e+01,4.906916357248703520e+01,1.138966822346517205e+01,1.933949871066851500e+01,2.448790631939237983e+01,3.296390666241684642e+01,3.539312339838571120e+01,1.801660199513764837e+01,2.347376377426191496e+01,3.704627255348715664e+01,8.243997739525458002e+00,3.864913513150834490e+01,1.638411321969193324e+01,3.867867831881992657e+01,1.934068425814178838e+01,4.363463279889764834e+01,1.967211375484762570e+01,3.263852062545204546e+01,1.452581611758480662e+01,3.360766199076915228e+01,2.355267149281073813e+01,1.772605658535967521e+01,2.613190822689318438e+01,1.470280305648352481e+01,2.221942475741952450e+01,4.009037263336256274e+01,2.497054239010866894e+01,3.778830013254743392e+01,2.412626807694161712e+01,1.338587847357830540e+01,1.395470742816085341e+01,4.738367888089197777e+01,3.832788862276652253e+01,2.376863278789940637e+01,1.991967428679756580e+01
1.470386964263404117e+01,2.646342449763444549e+01,3.514479248086323082e+01,5.883560046972883839e+01,3.650062085473386730e+01,0.000000000000000000e+00,3.116423297170659623e+01,3.548009761742805068e+01,5.362274160979038840e+01,2.589791524012966306e+01,3.446130723548120756e+01,5.715592408364414467e+01,2.278211809639426022e+01,3.602243954385254465e+00,2.793136252534677411e+01,1.393112626535236664e+01,3.542322667561872862e+01,1.932825762131492908e+01,3.160574161607506483e+01,5.552230515163732782e+00,1.636450935503395243e+01,5.436025204810896838e+01,5.997438177796831837e+01,6.378843774086324636e+00,3.403320758365611454e+01,4.232022576474240338e+01,3.541805583230954824e+01,1.276452361127246782e+01,2.779871857118451572e+01,1.722515786350183475e+01,1.829446128076409650e+01,3.397037546374495065e+01,4.995265091726458451e+01,1.513007706159139154e+01,2.699655948636370439e+01,3.227516663156585963e+01,1.689937897777306119e+01,3.709532465156134151e+01,3.568608391521230772e+01,2.038144607400727537e+01,1.909765771670624801e+01,4.737175660672036770e+01,6.051990581955124782e+01,2.473583199768977892e+01,2.324864713447002629e+01,1.161942888518019323e+01,3.276998786818880660e+01,1.291303923167509460e+01,1.659977176921805864e+01
2.116509753371531843e+01,9.873709166019008165e+00,1.494371131886681603e+01,3.840740111069062124e+01,2.041035076655447611e+01,3.116423297170659623e+01,0.000000000000000000e+00,3.572943737372101225e+01,3.403593241472608355e+01,6.188795858545236506e+00,3.028624896248781084e+01,3.668559356776124503e+01,1.653789284618772726e+01,2.779871857118451572e+01,3.602180976740362972e+00,3.933793649902662537e+01,1.008766334341697402e+01,2.497683924034462422e+01,4.077555552837904607e+00,3.078290878948632070e+01,2.116142075113191368e+01,3.192560960326081343e+01,3.831761143500769151e+01,2.809617791597992564e+01,1.229208400258963430e+01,1.887689703423597720e+01,3.361557384881663069e+01,3.973879699850223801e+01,3.602243954385254465e+00,2.962070190823369842e+01,2.410905805728746998e+01,1.222816985889757113e+01,3.358900257876479145e+01,3.713894495733366341e+01,5.212803863399027904e+00,2.937771903936762907e+00,1.451910840459459173e+01,8.782980633648561408e+00,4.650883554361394445e+00,2.409653045406476579e+01,1.230674077657507048e+01,2.003398185457123759e+01,4.013262385032463442e+01,1.229707900271090004e+01,2.108459502726191204e+01,3.867550215786869217e+01,1.821012469772652764e+01,2.317292200167067406e+01,1.920494293617167614e+01
2.357788142665983955e+01,2.607912419586181585e+01,4.976414143970666260e+01,3.227532959864834794e+01,1.895708138633874640e+01,3.548009761742805068e+01,3.572943737372101225e+01,0.000000000000000000e+00,2.783213176822761170e+01,3.649400988640613974e+01,6.042183384400283686e+00,3.113456479972665747e+01,2.070352373838504079e+01,3.529421970910613027e+01,3.580446476211891138e+01,4.941072349613235559e+01,2.920033722720338076e+01,1.694364062815757421e+01,3.949284699347577288e+01,3.019732510043667872e+01,4.242048434121092981e+01,3.160840010865921812e+01,3.447041102826879921e+01,3.909954236921567627e+01,2.568751265581174081e+01,5.458746383793133106e+01,2.608548368527078054e+00,3.102859420097625076e+01,3.323076249655188974e+01,4.889944890044732517e+01,1.826075557683449802e+01,4.717228421378611358e+01,2.223897485694761045e+01,2.499264590976066813e+01,3.678086551052525977e+01,3.375902825047429445e+01,3.403405201015341675e+01,3.271301704339736460e+01,3.893128521089267480e+01,4.782568329049769318e+01,3.410663302433571431e+01,5.513875094972129176e+01,3.346976229016193827e+01,2.409657844392079440e+01,1.638720560789281677e+01,4.703420725575043093e+01,5.131852303385101521e+01,2.409657844392079795e+01,2.326111202176268478e+01
3.891905875800697601e+01,2.988861891757746037e+01,4.814118677700073334e+01,5.217184998357280890e+00,1.723012060753612573e+01,5.362274160979038840e+01,3.403593241472608355e+01,2.783213176822761170e+01,0.000000000000000000e+00,3.892761824512148650e+01,2.350953190834665207e+01,3.603702904589199729e+00,3.101746341963307785e+01,5.170175484034988500e+01,3.668200610841753218e+01,6.629903710980559595e+01,2.397928959544251981e+01,3.555867733170045852e+01,3.782087320441895173e+01,4.981416377842376875e+01,5.202286188224116614e+01,5.277199138277215873e+00,6.809573026701537302e+00,5.426827073140047020e+01,2.265521892520492031e+01,4.942229738360666857e+01,2.557482108548975575e+01,5.458879745840811637e+01,3.428275307659121296e+01,6.044960464355618512e+01,3.615350147285385418e+01,4.553825993521996196e+01,5.724469821045662599e+00,4.904736924425639444e+01,3.839996447936064783e+01,3.109850648894058267e+01,4.289687138738592154e+01,2.571820256262045845e+01,3.386007000961578228e+01,5.638586329020617427e+01,4.149029156538697549e+01,4.625503154609678091e+01,6.902473201681098125e+00,3.035138763522454752e+01,3.060662643610402256e+01,6.460469584434741819e+01,5.210161302831252783e+01,4.078069071773532528e+01,3.709734456610841846e+01
1.810610833307583789e+01,1.087815612708823743e+01,1.343002735067033626e+01,4.354683616565932880e+01,2.378773222711106783e+01,2.589791524012966306e+01,6.188795858545236506e+00,3.649400988640613974e+01,3.892761824512148650e+01,0.000000000000000000e+00,3.161800910318341096e+01,4.180015837107540477e+01,1.595992022947178945e+01,2.240451844380276114e+01,2.606358439941325766e+00,3.326088435070636251e+01,1.512999532159506622e+01,2.325322043139209072e+01,5.723432650063963401e+00,2.624920326363366740e+01,1.497319497785458964e+01,3.729637151186128108e+01,4.366637963827374591e+01,2.228046080806610263e+01,1.638046958438680889e+01,1.930837066886910236e+01,3.467769701894558665e+01,3.554779795169479684e+01,4.645025323613247714e+00,2.345331973621206956e+01,2.215207952872109232e+01,1.101561914800195652e+01,3.782495417216917843e+01,3.369621779463042799e+01,1.111948742847380434e+00,8.607003852882110451e+00,8.998827963720918532e+00,1.463665089407840370e+01,1.009941655913268121e+01,1.809698332428413181e+01,6.808734429575676650e+00,2.251184480254337572e+01,4.529464550250197874e+01,1.243908991961616017e+01,2.057307487451797812e+01,3.270134047038224168e+01,1.498137433882686942e+01,1.980215946099090374e+01,1.653566565558834256e+01
2.103813022396020571e+01,2.090410960567754017e+01,4.466436339716938875e+01,2.832853591902451740e+01,1.292195083033782588e+01,3.446130723548120756e+01,3.028624896248781084e+01,6.042183384400283686e+00,2.350953190834665207e+01,3.161800910318341096e+01,0.000000000000000000e+00,2.699831075852432249e+01,1.638116284813252577e+01,3.366945392182313412e+01,3.067865212841369171e+01,4.826471678602024440e+01,2.327052478690365334e+01,1.514708881295660703e+01,3.416134850186383431e+01,2.958419345608505324e+01,3.912180040569204920e+01,2.672154764757781464e+01,3.029987747239236739e+01,3.719372235528157233e+01,1.976737379932661653e+01,4.915966278738400774e+01,3.518263437121495585e+00,3.224709010825993971e+01,2.803108888706023905e+01,4.622872276461020391e+01,1.626860812814371826e+01,4.202226932907493762e+01,1.825516862873338653e+01,2.637363099842314540e+01,3.179349571389512974e+01,2.815467685228440686e+01,3.027294330391124078e+01,2.677613604661662450e+01,3.325093814180232243e+01,4.442843737472843912e+01,3.002688688827374719e+01,4.939656020507458578e+01,2.970348135026950942e+01,1.919419503175675246e+01,1.270553616098125183e+01,4.607058969327382414e+01,4.657667274532749957e+01,2.207066839862860164e+01,2.019858616666402540e+01
4.245277304656622874e+01,3.309926284800103957e+01,5.045502803098461442e+01,1.759458739696707852e+00,2.070292286283711647e+01,5.715592408364414467e+01,3.668559356776124503e+01,3.113456479972665747e+01,3.603702904589199729e+00,4.180015837107540477e+01,2.699831075852432249e+01,0.000000000000000000e+00,3.450038810398099542e+01,5.518989069257871449e+01,3.948316120078362701e+01,6.974827890050184465e+01,2.672413765549366005e+01,3.915875897560827212e+01,4.035994355826580460e+01,5.339101697625003595e+01,5.518893855218227884e+01,5.452506961087696169e+00,3.335846228542141745e+00,5.769762822912414180e+01,2.568751265581174792e+01,5.131852303385101521e+01,2.894279684319914026e+01,5.819086243784158086e+01,3.716508976993719671e+01,6.366253240171148065e+01,3.974640412679519130e+01,4.790056866387420342e+01,8.895589942779047021e+00,5.264099962231313157e+01,4.121932155658206653e+01,3.375902825047429445e+01,4.612675819411338551e+01,2.816347213282402606e+01,3.616524197406858576e+01,5.944423797961093925e+01,4.465583255043466693e+01,4.773511257089429449e+01,3.519048413838983258e+00,3.368331539077664161e+01,3.418569221951515402e+01,6.808538363957296724e+01,5.458746383793133106e+01,4.433335877451970930e+01,4.060690358190336013e+01
8.245719100470244811e+00,6.897392889929242266e+00,2.937156582696108131e+01,3.620658491987241945e+01,1.379746604977044377e+01,2.278211809639426022e+01,1.653789284618772726e+01,2.070352373838504079e+01,3.101746341963307785e+01,1.595992022947178945e+01,1.638116284813252577e+01,3.450038810398099542e+01,0.000000000000000000e+00,2.068950580927371519e+01,1.567077947152493067e+01,3.530355065573071016e+01,1.470929924538366151e+01,8.789804741514160469e+00,1.974742201375702777e+01,1.967099980244636015e+01,2.310425053855292532e+01,3.157822539266928530e+01,3.724069213097109809e+01,2.333483291196659337e+01,1.223143617132118699e+01,3.479299607784060555e+01,1.910202459799952024e+01,2.668676982833713041e+01,1.337933679634721784e+01,3.078965004008943396e+01,8.245940420923409064e+00,2.687781412981023266e+01,2.783588146740527947e+01,2.261078503176347354e+01,1.638046958438680889e+01,1.550115158234074464e+01,1.400414684928619025e+01,1.754470611887737164e+01,2.067192637934326882e+01,2.827774652946721190e+01,1.364641670632307147e+01,3.657154634012537997e+01,3.791775335796966573e+01,4.305192587453552377e+00,4.649872803803415167e+00,3.358797224532969494e+01,3.063556714987107910e+01,1.037100013011742661e+01,6.190118199403212174e+00
1.302937458590055542e+01,2.368863409348625382e+01,3.156078678014138106e+01,5.689500171063618694e+01,3.448697105594676060e+01,3.602243954385254465e+00,2.779871857118451572e+01,3.529421970910613027e+01,5.170175484034988500e+01,2.240451844380276114e+01,3.366945392182313412e+01,5.518989069257871449e+01,2.068950580927371519e+01,0.000000000000000000e+00,2.450061144096466492e+01,1.477535078357162313e+01,3.255755222583568553e+01,1.859155041748934423e+01,2.809617791597992564e+01,7.153720617268219506e+00,1.302340111854293525e+01,5.214725120061115149e+01,5.791195995933857432e+01,4.077555552837904607e+00,3.139563000900973222e+01,3.873028527983014868e+01,3.496768587838256082e+01,1.581169597684921158e+01,2.450062070027703598e+01,1.510828342362254162e+01,1.740832929656625438e+01,3.036934132143747789e+01,4.830880200116890677e+01,1.724601335567072979e+01,2.350863834793952378e+01,2.903826369284968933e+01,1.341244790097515249e+01,3.404433880531288281e+01,3.227515256943214439e+01,1.739097548764012657e+01,1.562651973555871443e+01,4.377199089807466237e+01,5.860342786069305276e+01,2.216385354235309180e+01,2.180529517414599638e+01,1.290860991507009281e+01,2.927612328097240635e+01,1.162516932829603888e+01,1.463817209700810729e+01
1.899219957737760822e+01,9.775301957449196166e+00,1.398794800803910476e+01,4.122306839952494784e+01,2.202380136360634211e+01,2.793136252534677411e+01,3.602180976740362972e+00,3.580446476211891138e+01,3.668200610841753218e+01,2.606358439941325766e+00,3.067865212841369171e+01,3.948316120078362701e+01,1.567077947152493067e+01,2.450061144096466492e+01,0.000000000000000000e+00,3.575841880287736529e+01,1.276224289503074694e+01,2.356026109767888244e+01,4.303080394028966360e+00,2.790603352968242490e+01,1.757285867649655486e+01,3.489280784873884755e+01,4.127447551687714622e+01,2.461342629682862437e+01,1.430982665944669918e+01,1.912631577542536476e+01,3.386007000961578228e+01,3.705667949740895040e+01,2.718870780752040250e+00,2.605967808901473148e+01,2.255635055625484497e+01,1.136921601339916954e+01,3.580446476211891138e+01,3.484398221461622569e+01,1.756079240038379563e+00,6.034691690347991688e+00,1.111948742847380345e+01,1.207039949294082781e+01,7.783641199931666144e+00,2.066095594913800326e+01,8.895589942779043469e+00,2.151119640854727422e+01,4.296471261205111603e+01,1.175356301626725219e+01,2.031985364656979343e+01,3.513361920372115321e+01,1.633712198043754427e+01,2.085400309749028480e+01,1.721654101257011149e+01
2.780453616088184887e+01,3.744288641607883505e+01,3.802508369330034554e+01,7.146914923477891080e+01,4.906916357248703520e+01,1.393112626535236664e+01,3.933793649902662537e+01,4.941072349613235559e+01,6.629903710980559595e+01,3.326088435070636251e+01,4.826471678602024440e+01,6.974827890050184465e+01,3.530355065573071016e+01,1.477535078357162313e+01,3.575841880287736529e+01,0.000000000000000000e+00,4.591771595342310519e+01,3.311976422507073892e+01,3.841161838036267540e+01,1.930785540041900816e+01,1.895185852269485949e+01,6.648078704417379470e+01,7.238411912580211549e+01,1.209504730766918890e+01,4.526349261008191860e+01,4.499300960967287466e+01,4.932897628192730366e+01,2.311183690300490667e+01,3.657559343656737383e+01,1.289193286235349234e+01,3.201135097411920327e+01,3.783063977523943322e+01,6.304437171345183089e+01,2.755673040274827557e+01,3.434000288566581105e+01,4.122253408234866612e+01,2.521350653494355143e+01,4.682753730504241219e+01,4.331120188274242366e+01,1.933706735925507303e+01,2.728601752508030387e+01,5.131159514508948405e+01,7.319196131060436983e+01,3.629216766850016995e+01,3.657899169789471472e+01,2.716538531017489877e+00,3.404217838259188511e+01,2.634313403321090519e+01,2.936179816710170698e+01
2.223897485694761755e+01,8.999029951326463106e+00,2.469023962329644561e+01,2.846215534281379789e+01,1.138966822346517205e+01,3.542322667561872862e+01,1.008766334341697402e+01,2.920033722720338076e+01,2.397928959544251981e+01,1.512999532159506622e+01,2.327052478690365334e+01,2.672413765549366005e+01,1.470929924538366151e+01,3.255755222583568553e+01,1.276224289503074694e+01,4.591771595342310519e+01,0.000000000000000000e+00,2.325686342340465274e+01,1.400090059005320065e+01,3.346924220475461453e+01,2.927102683017432128e+01,2.216773725448966559e+01,2.853647427370949430e+01,3.397437964908927910e+01,3.514617074656307683e+00,2.738268101683637568e+01,2.678051120264291995e+01,4.123202023129704230e+01,1.054074152497755179e+01,3.787224243608967100e+01,2.289555753284608386e+01,2.200265639518683614e+01,2.357788142665983599e+01,3.731999425140480042e+01,1.450414796982885690e+01,7.155309466894065551e+00,2.085400309749028125e+01,3.514098424848635549e+00,1.093616904937772638e+01,3.306133792337006128e+01,1.899219957737760467e+01,2.643162675923728600e+01,3.020280079092438186e+01,1.111948742847380700e+01,1.801406242686305959e+01,4.477760822888956227e+01,2.827133565890734701e+01,2.446287234264237753e+01,2.001507737125285047e+01
6.805122600434813762e+00,1.564364630900608333e+01,3.653870625274636552e+01,4.074582341778545924e+01,1.933949871066851500e+01,1.932825762131492908e+01,2.497683924034462422e+01,1.694364062815757421e+01,3.555867733170045852e+01,2.325322043139209072e+01,1.514708881295660703e+01,3.915875897560827212e+01,8.789804741514160469e+00,1.859155041748934423e+01,2.356026109767888244e+01,3.311976422507073892e+01,2.325686342340465274e+01,0.000000000000000000e+00,2.781372493814419045e+01,1.464198262796175598e+01,2.583722729237144833e+01,3.721353789636170006e+01,4.221292261690103942e+01,2.225772997011988963e+01,2.042740608207290620e+01,4.253203137181136384e+01,1.640406590362559669e+01,1.933917963634221593e+01,2.159430001597433346e+01,3.197280505248732752e+01,1.361359926335513615e+00,3.424363919460132166e+01,3.129676918627990290e+01,1.445533365701594519e+01,2.390863882781509275e+01,2.420182139727683790e+01,1.823536404301335168e+01,2.625217663086175790e+01,2.929182914461248544e+01,3.126897476225346395e+01,1.890124604134927822e+01,4.491755133946924872e+01,4.234658998740718516e+01,1.303659059259497432e+01,5.559743714236908829e+00,3.092803885053477586e+01,3.693046019471721308e+01,7.159288626241308684e+00,7.159288626241310460e+00
2.328573853701264795e+01,1.344095203687194129e+01,1.086615576602891053e+01,4.206353075776682715e+01,2.448790631939237983e+01,3.160574161607506483e+01,4.077555552837904607e+00,3.949284699347577288e+01,3.782087320441895173e+01,5.723432650063963401e+00,3.416134850186383431e+01,4.035994355826580460e+01,1.974742201375702777e+01,2.809617791597992564e+01,4.303080394028966360e+00,3.841161838036267540e+01,1.400090059005320065e+01,2.781372493814419045e+01,0.000000000000000000e+00,3.193215762837954941e+01,1.966878403641853978e+01,3.546647737054124860e+01,4.184891413993520359e+01,2.779871857118451572e+01,1.635708120430257040e+01,1.513129031521627788e+01,3.744303085742630088e+01,4.117803738991938189e+01,6.378843774086324636e+00,2.778749385400588423e+01,2.683105356582745316e+01,8.150614306059665637e+00,3.756745084303304338e+01,3.910322274494245676e+01,4.650786088323068057e+00,6.887116872997638417e+00,1.470868117652482177e+01,1.221539872754424749e+01,5.212629943177973679e+00,2.180370640679345584e+01,1.252983086997194384e+01,1.720811616939125344e+01,4.377169091742504747e+01,1.566787852905896194e+01,2.437869856986551298e+01,3.802535100829140902e+01,1.429081335925147833e+01,2.512466078771903355e+01,2.151962125094314615e+01
1.144753983983594381e+01,2.450066708250914260e+01,3.706905009901588954e+01,5.502836852111118304e+01,3.296390666241684642e+01,5.552230515163732782e+00,3.078290878948632070e+01,3.019732510043667872e+01,4.981416377842376875e+01,2.624920326363366740e+01,2.958419345608505324e+01,5.339101697625003595e+01,1.967099980244636015e+01,7.153720617268219506e+00,2.790603352968242490e+01,1.930785540041900816e+01,3.346924220475461453e+01,1.464198262796175598e+01,3.193215762837954941e+01,0.000000000000000000e+00,1.974079970742815604e+01,5.097213495269288330e+01,5.633213048973122028e+01,1.110184380775429247e+01,3.160666205966996145e+01,4.409828650583694554e+01,3.028806620507474534e+01,9.497632948007405318e+00,2.723553776883138156e+01,2.219323952135159317e+01,1.379508353970724244e+01,3.554434885752439044e+01,4.581322134136104296e+01,1.009319199589632809e+01,2.728845950723401614e+01,3.140076455204511063e+01,1.757564521735145391e+01,3.558235977111618809e+01,3.542276471348488798e+01,2.442130219739626185e+01,1.957266219014167064e+01,4.851151451527243097e+01,5.667312454190995652e+01,2.240480239592825029e+01,1.920784751390737455e+01,1.685744853088007744e+01,3.538725856841347905e+01,9.302402278052474216e+00,1.361796933027481771e+01
1.903210469193663457e+01,2.214341351305580829e+01,1.966804902674925160e+01,5.694816322967846389e+01,3.539312339838571120e+01,1.636450935503395243e+01,2.116142075113191368e+01,4.242048434121092981e+01,5.202286188224116614e+01,1.497319497785458964e+01,3.912180040569204920e+01,5.518893855218227884e+01,2.310425053855292532e+01,1.302340111854293525e+01,1.757285867649655486e+01,1.895185852269485949e+01,2.927102683017432128e+01,2.583722729237144833e+01,1.966878403641853978e+01,1.974079970742815604e+01,0.000000000000000000e+00,5.114198484060818828e+01,5.739635328021498850e+01,1.042421766653507120e+01,2.956052511029172436e+01,2.684099426302105584e+01,4.136486435381174687e+01,2.881925735616710682e+01,1.898761219677145817e+01,8.603218050153381924e+00,2.447586736603593494e+01,1.909727852418581762e+01,4.991891721087356615e+01,2.960606331975465721e+01,1.597207932652623263e+01,2.345644483371894040e+01,9.286978025953521509e+00,2.940218181817849441e+01,2.473319052832627563e+01,5.431747469882014734e+00,1.053454132788613684e+01,3.270078770042062644e+01,5.870753118988100994e+01,2.204232314609382470e+01,2.642864098522019844e+01,1.895187044143459687e+01,1.659289518463778634e+01,1.916159515885135889e+01,1.916159515885135889e+01
3.974250848773357347e+01,2.929084725982416515e+01,4.534490320584095002e+01,6.906159913098767866e+00,1.801660199513764837e+01,5.436025204810896838e+01,3.192560960326081343e+01,3.160840010865921812e+01,5.277199138277215873e+00,3.729637151186128108e+01,2.672154764757781464e+01,5.452506961087696169e+00,3.157822539266928530e+01,5.214725120061115149e+01,3.489280784873884755e+01,6.648078704417379470e+01,2.216773725448966559e+01,3.721353789636170006e+01,3.546647737054124860e+01,5.097213495269288330e+01,5.114198484060818828e+01,0.000000000000000000e+00,6.392002989766870868e+00,5.438715175769858945e+01,2.160453299813256223e+01,4.598299057111236010e+01,2.919841853983169599e+01,5.650738014529352427e+01,3.270292406629922510e+01,5.969395635186702975e+01,3.763469131419717684e+01,4.283138906093728338e+01,1.043366438940708463e+01,5.121048564005752723e+01,3.664421588311997624e+01,2.902992810446275485e+01,4.226423834236400268e+01,2.325379561391368100e+01,3.108878814307302108e+01,5.517307153055973856e+01,4.065379935423509039e+01,4.229765200688559190e+01,8.476698139744524241e+00,3.019593974806620906e+01,3.193901299009701589e+01,6.496241984624109023e+01,4.960479637842062317e+01,4.174536790812362597e+01,3.776439672580922746e+01
4.528532180181514377e+01,3.542683547747279249e+01,5.165381325974598781e+01,2.608636631816462881e+00,2.347376377426191496e+01,5.997438177796831837e+01,3.831761143500769151e+01,3.447041102826879921e+01,6.809573026701537302e+00,4.366637963827374591e+01,3.029987747239236739e+01,3.335846228542141745e+00,3.724069213097109809e+01,5.791195995933857432e+01,4.127447551687714622e+01,7.238411912580211549e+01,2.853647427370949430e+01,4.221292261690103942e+01,4.184891413993520359e+01,5.633213048973122028e+01,5.739635328021498850e+01,6.392002989766870868e+00,0.000000000000000000e+00,6.030661137006016759e+01,2.783588146740527947e+01,5.207193002759979095e+01,3.227532246493404955e+01,6.132548216929014018e+01,3.906284946587634010e+01,6.592383441056483662e+01,4.275861401356708313e+01,4.916168273145046186e+01,1.223143617132118699e+01,5.582149060273484764e+01,4.302456694042898988e+01,3.542117980871429950e+01,4.844095305304823995e+01,2.963941350701842836e+01,3.742535206977915152e+01,6.149910454898764556e+01,4.688447858173575611e+01,4.808351674261552233e+01,2.945235426716013016e+00,3.617875573678607992e+01,3.714957716686041778e+01,7.078317425337712621e+01,5.596313160540611165e+01,4.721023503078136230e+01,4.338900655442633081e+01
1.624896512711332264e+01,2.538346793047481498e+01,2.984697799328304413e+01,5.942435005437931750e+01,3.704627255348715664e+01,6.378843774086324636e+00,2.809617791597992564e+01,3.909954236921567627e+01,5.426827073140047020e+01,2.228046080806610263e+01,3.719372235528157233e+01,5.769762822912414180e+01,2.333483291196659337e+01,4.077555552837904607e+00,2.461342629682862437e+01,1.209504730766918890e+01,3.397437964908927910e+01,2.225772997011988963e+01,2.779871857118451572e+01,1.110184380775429247e+01,1.042421766653507120e+01,5.438715175769858945e+01,6.030661137006016759e+01,0.000000000000000000e+00,3.319855960821283247e+01,3.704934146269320649e+01,3.866151588200040123e+01,1.914336715579936765e+01,2.505980648540882783e+01,1.109139581650942574e+01,2.101686665372198703e+01,2.896897077505625617e+01,5.115498626131745397e+01,2.114676743998236219e+01,2.339043744984869377e+01,2.969886585979742577e+01,1.361743558033813706e+01,3.508692380293229007e+01,3.236087555163501150e+01,1.404296484228579978e+01,1.580281342464348349e+01,4.255286148229171772e+01,6.115304723137187182e+01,2.419712109837265857e+01,2.500463345318942388e+01,1.080578835994431230e+01,2.701314678679448988e+01,1.514624796819293273e+01,1.756531661952213241e+01
2.019926076201364751e+01,7.821429457072728297e+00,2.720812945540800953e+01,2.744607182329141537e+01,8.243997739525458002e+00,3.403320758365611454e+01,1.229208400258963430e+01,2.568751265581174081e+01,2.265521892520492031e+01,1.638046958438680889e+01,1.976737379932661653e+01,2.568751265581174792e+01,1.223143617132118699e+01,3.139563000900973222e+01,1.430982665944669918e+01,4.526349261008191860e+01,3.514617074656307683e+00,2.042740608207290620e+01,1.635708120430257040e+01,3.160666205966996145e+01,2.956052511029172436e+01,2.160453299813256223e+01,2.783588146740527947e+01,3.319855960821283247e+01,0.000000000000000000e+00,3.041278094026163714e+01,2.327438151065501870e+01,3.891820599965831917e+01,1.175603942186036122e+01,3.809500705244935403e+01,2.019935111020606300e+01,2.449510811838476698e+01,2.149463899132314637e+01,3.471145104317113095e+01,1.595992022947178768e+01,9.522482321621849266e+00,2.067192637934326527e+01,7.028715486724452788e+00,1.400414684928619202e+01,3.375869074227789213e+01,1.905345585146050880e+01,2.981029871149609178e+01,2.920487333540965125e+01,9.302598216877788317e+00,1.502106082140436349e+01,4.393853609207108946e+01,3.041278094026163714e+01,2.240488374981076092e+01,1.799813587221945710e+01
3.731963053359644533e+01,2.856900226025970113e+01,7.202918883302679376e+00,5.287916435321613307e+01,3.864913513150834490e+01,4.232022576474240338e+01,1.887689703423597720e+01,5.458746383793133106e+01,4.942229738360666857e+01,1.930837066886910236e+01,4.915966278738400774e+01,5.131852303385101521e+01,3.479299607784060555e+01,3.873028527983014868e+01,1.912631577542536476e+01,4.499300960967287466e+01,2.738268101683637568e+01,4.253203137181136384e+01,1.513129031521627788e+01,4.409828650583694554e+01,2.684099426302105584e+01,4.598299057111236010e+01,5.207193002759979095e+01,3.704934146269320649e+01,3.041278094026163714e+01,0.000000000000000000e+00,5.249171620716722231e+01,5.359397825412979444e+01,2.149044558763047519e+01,3.236059634569384968e+01,4.145236403460997821e+01,8.602379382347050907e+00,5.034556987301174047e+01,5.251014671248678667e+01,1.862385963610463335e+01,2.112262337386832201e+01,2.668363462916641282e+01,2.448311715120567911e+01,1.645025363402811536e+01,2.571851538779668189e+01,2.495983566730794934e+01,7.202918883302677600e+00,5.445209415815930498e+01,3.078376229028853928e+01,3.943989783499917223e+01,4.548222297904312938e+01,1.111948742847380700e+01,3.887739836729370779e+01,3.583223384848892579e+01
2.278962437601163771e+01,2.409383217962725610e+01,4.784491586515240868e+01,3.014620397493441928e+01,1.638411321969193324e+01,3.541805583230954824e+01,3.361557384881663069e+01,2.608548368527078054e+00,2.557482108548975575e+01,3.467769701894558665e+01,3.518263437121495585e+00,2.894279684319914026e+01,1.910202459799952024e+01,3.496768587838256082e+01,3.386007000961578228e+01,4.932897628192730366e+01,2.678051120264291995e+01,1.640406590362559669e+01,3.744303085742630088e+01,3.028806620507474534e+01,4.136486435381174687e+01,2.919841853983169599e+01,3.227532246493404955e+01,3.866151588200040123e+01,2.327438151065501870e+01,5.249171620716722231e+01,0.000000000000000000e+00,3.190176150764515484e+01,3.124487041785619468e+01,4.814118677700073334e+01,1.765642980158076725e+01,4.522494032912705109e+01,2.006145873911724564e+01,2.590237692480073761e+01,3.490868460175986598e+01,3.155241664274285895e+01,3.274627521799830276e+01,3.028806620507474534e+01,3.668200610841753218e+01,4.673370757357395888e+01,3.267067217897437814e+01,5.285451179308366676e+01,3.140214182823055822e+01,2.224046715033895794e+01,1.502725284059918387e+01,4.702714433682111661e+01,4.958464549395319665e+01,2.353692884358238047e+01,2.224046715033895794e+01
1.909803877618402268e+01,3.250385998864535253e+01,4.656564147763553763e+01,5.971737706745813767e+01,3.867867831881992657e+01,1.276452361127246782e+01,3.973879699850223801e+01,3.102859420097625076e+01,5.458879745840811637e+01,3.554779795169479684e+01,3.224709010825993971e+01,5.819086243784158086e+01,2.668676982833713041e+01,1.581169597684921158e+01,3.705667949740895040e+01,2.311183690300490667e+01,4.123202023129704230e+01,1.933917963634221593e+01,4.117803738991938189e+01,9.497632948007405318e+00,2.881925735616710682e+01,5.650738014529352427e+01,6.132548216929014018e+01,1.914336715579936765e+01,3.891820599965831917e+01,5.359397825412979444e+01,3.190176150764515484e+01,0.000000000000000000e+00,3.614734871658794901e+01,2.981029871149608468e+01,1.909813433396537619e+01,4.503428671015906559e+01,4.995945222299275201e+01,6.038085555222705736e+00,3.655947633119200901e+01,4.006625048338616324e+01,2.702321024377667058e+01,4.370617807023081980e+01,4.438911114923779166e+01,3.311154104534494991e+01,2.896652779452008986e+01,5.792522570240677027e+01,6.125645265843768783e+01,3.014571757403315999e+01,2.480136529139249646e+01,2.039529837198741902e+01,4.479747203135716660e+01,1.689980960444693636e+01,2.130159725420747563e+01
1.757657625851989636e+01,7.154514841277992865e+00,1.664100908343725393e+01,3.891337330596977040e+01,1.934068425814178838e+01,2.779871857118451572e+01,3.602243954385254465e+00,3.323076249655188974e+01,3.428275307659121296e+01,4.645025323613247714e+00,2.803108888706023905e+01,3.716508976993719671e+01,1.337933679634721784e+01,2.450062070027703598e+01,2.718870780752040250e+00,3.657559343656737383e+01,1.054074152497755179e+01,2.159430001597433346e+01,6.378843774086324636e+00,2.723553776883138156e+01,1.898761219677145817e+01,3.270292406629922510e+01,3.906284946587634010e+01,2.505980648540882783e+01,1.175603942186036122e+01,2.149044558763047519e+01,3.124487041785619468e+01,3.614734871658794901e+01,0.000000000000000000e+00,2.757475867423884353e+01,2.067412789109535964e+01,1.399118129179612602e+01,3.323076249655188974e+01,3.354595335896119934e+01,4.226933904953891208e+00,4.650981138582436003e+00,1.144706333495251371e+01,1.042700120441477551e+01,8.244836484230653184e+00,2.254186315661722162e+01,9.301815884680737057e+00,2.332363746859681086e+01,4.066276231993546730e+01,9.294010531626732075e+00,1.800345362443339425e+01,3.575903919058284686e+01,1.905058663184198409e+01,1.957349824059964760e+01,1.564102530597441110e+01
2.535727790669247739e+01,3.056742048087986063e+01,2.557482108548975575e+01,6.542050483579792797e+01,4.363463279889764834e+01,1.722515786350183475e+01,2.962070190823369842e+01,4.889944890044732517e+01,6.044960464355618512e+01,2.345331973621206956e+01,4.622872276461020391e+01,6.366253240171148065e+01,3.078965004008943396e+01,1.510828342362254162e+01,2.605967808901473148e+01,1.289193286235349234e+01,3.787224243608967100e+01,3.197280505248732752e+01,2.778749385400588423e+01,2.219323952135159317e+01,8.603218050153381924e+00,5.969395635186702975e+01,6.592383441056483662e+01,1.109139581650942574e+01,3.809500705244935403e+01,3.236059634569384968e+01,4.814118677700073334e+01,2.981029871149608468e+01,2.757475867423884353e+01,0.000000000000000000e+00,3.064273005813180717e+01,2.571858547773619819e+01,5.814034836620223956e+01,3.222318812612615346e+01,2.440914002781805792e+01,3.200253557536257887e+01,1.755499416368781951e+01,3.797523042211781785e+01,3.295287990925697841e+01,6.671692457084281713e+00,1.904155299293594084e+01,3.891820599965832628e+01,6.717868170769550318e+01,3.024906848674196524e+01,3.357613458240165016e+01,1.398976366053026155e+01,2.130074629263951635e+01,2.486489378024440455e+01,2.603097353203277464e+01
5.443762674099300369e+00,1.497812433199935711e+01,3.538069667369005344e+01,4.135580882539215253e+01,1.967211375484762570e+01,1.829446128076409650e+01,2.410905805728746998e+01,1.826075557683449802e+01,3.615350147285385418e+01,2.215207952872109232e+01,1.626860812814371826e+01,3.974640412679519130e+01,8.245940420923409064e+00,1.740832929656625438e+01,2.255635055625484497e+01,3.201135097411920327e+01,2.289555753284608386e+01,1.361359926335513615e+00,2.683105356582745316e+01,1.379508353970724244e+01,2.447586736603593494e+01,3.763469131419717684e+01,4.275861401356708313e+01,2.101686665372198703e+01,2.019935111020606300e+01,4.145236403460997821e+01,1.765642980158076725e+01,1.909813433396537619e+01,2.067412789109535964e+01,3.064273005813180717e+01,0.000000000000000000e+00,3.311702170221563080e+01,3.202898684004880181e+01,1.451929653890608485e+01,2.283911945795592402e+01,2.346350300601706707e+01,1.691837903603892812e+01,2.578940581804730670e+01,2.849060024048328899e+01,2.990761483591795056e+01,1.763406219058668611e+01,4.398071237286898594e+01,4.297705785975953319e+01,1.238053119716209416e+01,5.723989082539295836e+00,2.986214609489919170e+01,3.568169953405629258e+01,5.880499305228786611e+00,5.880499305228789275e+00
2.881522670960996990e+01,2.113226645387316438e+01,2.715541459969244897e+00,4.956922001751254214e+01,3.263852062545204546e+01,3.397037546374495065e+01,1.222816985889757113e+01,4.717228421378611358e+01,4.553825993521996196e+01,1.101561914800195652e+01,4.202226932907493762e+01,4.790056866387420342e+01,2.687781412981023266e+01,3.036934132143747789e+01,1.136921601339916954e+01,3.783063977523943322e+01,2.200265639518683614e+01,3.424363919460132166e+01,8.150614306059665637e+00,3.554434885752439044e+01,1.909727852418581762e+01,4.283138906093728338e+01,4.916168273145046186e+01,2.896897077505625617e+01,2.449510811838476698e+01,8.602379382347050907e+00,4.522494032912705109e+01,4.503428671015906559e+01,1.399118129179612602e+01,2.571858547773619819e+01,3.311702170221563080e+01,0.000000000000000000e+00,4.557250044862395555e+01,4.390997107031472524e+01,1.049838059670864254e+01,1.498867685120728233e+01,1.808557087389035445e+01,1.982306764793499454e+01,1.174368267650191555e+01,1.909718401657308107e+01,1.636273918119938386e+01,1.361690443487334079e+01,5.124410358499045515e+01,2.309922268634706555e+01,3.151736782022976868e+01,3.802519052071701111e+01,7.019425254494288779e+00,3.032062418239522827e+01,2.740776842240440203e+01
